lv_x, lv_y, lv_z, av_x, av_y, av_z, pos_x, pos_y, pos_z, rot_x, rot_y, rot_z,imu_pos_x, imu_pos_y, imu_pos_z, imu_rot_x, imu_rot_y, imu_rot_z,lh_pos_x, lh_pos_y, lh_pos_z, lh_rot_x, lh_rot_y, lh_rot_z,rh_pos_x, rh_pos_y, rh_pos_z, rh_rot_x, rh_rot_y, rh_rot_z,lh_thumb_x, lh_thumb_y, lh_thumb_z,lh_index_x, lh_index_y, lh_index_z,lh_middle_x, lh_middle_y, lh_middle_z,lh_ring_x, lh_ring_y, lh_ring_z,lh_little_x, lh_little_y, lh_little_z,rh_thumb_x, rh_thumb_y, rh_thumb_z,rh_index_x, rh_index_y, rh_index_z,rh_middle_x, rh_middle_y, rh_middle_z,rh_ring_x, rh_ring_y, rh_ring_z,rh_little_x, rh_little_y, rh_little_z,lh_thumb_knuckle_x, lh_thumb_knuckle_y, lh_thumb_knuckle_z,lh_index_knuckle_x, lh_index_knuckle_y, lh_index_knuckle_z,lh_middle_knuckle_x, lh_middle_knuckle_y, lh_middle_knuckle_z,lh_ring_knuckle_x, lh_ring_knuckle_y, lh_ring_knuckle_z,lh_little_knuckle_x, lh_little_knuckle_y, lh_little_knuckle_z,rh_thumb_knuckle_x, rh_thumb_knuckle_y, rh_thumb_knuckle_z,rh_index_knuckle_x, rh_index_knuckle_y, rh_index_knuckle_z,rh_middle_knuckle_x, rh_middle_knuckle_y, rh_middle_knuckle_z,rh_ring_knuckle_x, rh_ring_knuckle_y, rh_ring_knuckle_z,rh_little_knuckle_x, rh_little_knuckle_y, rh_little_knuckle_z,rh_thumb_curl, rh_index_curl, rh_middle_curl, rh_ring_curl, rh_little_curl,lh_thumb_curl, lh_index_curl, lh_middle_curl, lh_ring_curl, lh_little_curl
0, 0, 0, 0, 0, 0, -2.20116090774536, 0.72833299636841, -2.10677099227905, -0, -1.570796251297, 1.57079637050629, -2.30259776115417, 1.33532893657684, -1.94967901706696, -0.85028719902039, -0.1544243991375, 0.14517392218113, -2.39589667320251, 0.89360654354095, -0.02848982810974, 0.39414390921593, 1.30133926868439, -2.68597292900085, -2.18596696853638, 0.75953668355942, -2.13461256027222, 0.87160390615463, -1.07164120674133, 2.53015732765198, -2.52228450775146, 0.84457302093506, 0.00340868905187, -2.48649859428406, 0.81858599185944, 0.10937874019146, -2.46526026725769, 0.80739390850067, 0.12622174620628, -2.43532252311707, 0.79567086696625, 0.11780817806721, -2.41122531890869, 0.79509860277176, 0.09513371437788, -2.17326188087463, 0.68514752388, -2.0175633430481, -2.05900645256042, 0.68486559391022, -2.02901983261108, -2.03481388092041, 0.70005983114243, -2.03564381599426, -2.03150367736816, 0.73156595230103, -2.04568791389465, -2.04615592956543, 0.75793129205704, -2.05930066108704, -2.4670946598053, 0.85836523771286, -0.00864551216364, -2.47152733802795, 0.83897376060486, 0.07041312754154, -2.45057106018066, 0.83065724372864, 0.0818744674325, -2.42519164085388, 0.82298570871353, 0.07612603157759, -2.40525770187378, 0.81867927312851, 0.0607116445899, -2.17476558685303, 0.7213306427002, -2.06306028366089, -2.0972957611084, 0.69882583618164, -2.05131697654724, -2.07899618148804, 0.71423035860062, -2.05953431129456, -2.07560801506042, 0.73908746242523, -2.06986141204834, -2.08348917961121, 0.76183038949966, -2.07847309112549, 16.5875447012937, 117.320629410935, 144.431712943845, 147.420781309561, 147.804036884269, 4.69854518665972, 28.9778049689257, 23.8035405216692, 25.0374124876847, 23.8882468202084
0, 0, 0, 0, 0, 0, -2.20078444480896, 0.72880911827087, -2.10833287239075, -0.03603011742234, -1.59199059009552, 1.5468635559082, -2.30305671691895, 1.33650779724121, -1.94954395294189, -0.84900307655334, -0.16004174947739, 0.15034578740597, -2.39589667320251, 0.89360654354095, -0.02848982810974, 0.39414390921593, 1.30133926868439, -2.68597292900085, -2.18418288230896, 0.75984734296799, -2.13515853881836, 0.85178208351135, -1.12615811824799, 2.47908759117126, -2.52228450775146, 0.84457302093506, 0.00340868905187, -2.48649859428406, 0.81858599185944, 0.10937874019146, -2.46526026725769, 0.80739390850067, 0.12622174620628, -2.43532252311707, 0.79567086696625, 0.11780817806721, -2.41122531890869, 0.79509860277176, 0.09513371437788, -2.17579340934753, 0.6827141046524, -2.01950478553772, -2.06143832206726, 0.67890417575836, -2.02920293807983, -2.03665995597839, 0.69342541694641, -2.03513503074646, -2.03216338157654, 0.72500336170197, -2.04446744918823, -2.04572796821594, 0.752108335495, -2.05775117874146, -2.4670946598053, 0.85836523771286, -0.00864551216364, -2.47152733802795, 0.83897376060486, 0.07041312754154, -2.45057106018066, 0.83065724372864, 0.0818744674325, -2.42519164085388, 0.82298570871353, 0.07612603157759, -2.40525770187378, 0.81867927312851, 0.0607116445899, -2.17538499832153, 0.71984535455704, -2.06425499916077, -2.09888887405396, 0.69456815719604, -2.05179142951965, -2.07996702194214, 0.70952594280243, -2.05940246582031, -2.0756049156189, 0.73446297645569, -2.06915521621704, -2.08260083198547, 0.75762355327606, -2.07741117477417, 18.4296313525205, 122.485878008487, 145.541700646242, 147.880780889783, 147.819281866496, 4.69854518665972, 28.9778049689257, 23.8035405216692, 25.0374124876847, 23.8882468202084
0.17241668701172, 0.20845699310303, -0.11897850036621, 1.75012123584747, -1.55656671524048, -2.57529449462891, -2.20041465759277, 0.72909581661224, -2.10975742340088, -0.06937254220247, -1.60670518875122, 1.5271703004837, -2.30349159240723, 1.33790910243988, -1.94929814338684, -0.84620100259781, -0.16579988598824, 0.15561790764332, -2.39589667320251, 0.89360654354095, -0.02848982810974, 0.39414390921593, 1.30133926868439, -2.68597292900085, -2.18265151977539, 0.75994205474854, -2.1357319355011, 0.83167785406113, -1.16996073722839, 2.43610072135925, -2.52228450775146, 0.84457302093506, 0.00340868905187, -2.48649859428406, 0.81858599185944, 0.10937874019146, -2.46526026725769, 0.80739390850067, 0.12622174620628, -2.43532252311707, 0.79567086696625, 0.11780817806721, -2.41122531890869, 0.79509860277176, 0.09513371437788, -2.17796611785889, 0.68055713176727, -2.021399974823, -2.06366872787476, 0.67347019910812, -2.02985334396362, -2.03839683532715, 0.6873397231102, -2.03523802757263, -2.03284430503845, 0.71892768144608, -2.04394698143005, -2.04542994499207, 0.74666035175323, -2.05689430236816, -2.4670946598053, 0.85836523771286, -0.00864551216364, -2.47152733802795, 0.83897376060486, 0.07041312754154, -2.45057106018066, 0.83065724372864, 0.0818744674325, -2.42519164085388, 0.82298570871353, 0.07612603157759, -2.40525770187378, 0.81867927312851, 0.0607116445899, -2.17590808868408, 0.71844488382339, -2.06546545028687, -2.1003589630127, 0.69065427780151, -2.05258345603943, -2.08090734481812, 0.7051665186882, -2.05970597267151, -2.07568311691284, 0.73012918233871, -2.06895661354065, -2.08188223838806, 0.75363272428513, -2.07687306404114, 20.1888917147771, 126.688971518038, 146.620105553917, 148.548486522665, 148.039022712474, 4.69854518665972, 28.9778049689257, 23.8035405216692, 25.0374124876847, 23.8882468202084
0.13897705078125, 0.16537857055664, -0.10146903991699, 1.48428189754486, -1.13425207138062, -2.35963439941406, -2.20010137557983, 0.72924983501434, -2.11107730865479, -0.10016063600779, -1.61703252792358, 1.51049256324768, -2.30387449264526, 1.33950066566467, -1.94893932342529, -0.8429057598114, -0.17159558832645, 0.16106812655926, -2.39589667320251, 0.89360654354095, -0.02848982810974, 0.39414390921593, 1.30133926868439, -2.68597292900085, -2.18091297149658, 0.76118290424347, -2.13528633117676, 0.8259152173996, -1.19868934154511, 2.40095496177673, -2.52228450775146, 0.84457302093506, 0.00340868905187, -2.48649859428406, 0.81858599185944, 0.10937874019146, -2.46526026725769, 0.80739390850067, 0.12622174620628, -2.43532252311707, 0.79567086696625, 0.11780817806721, -2.41122531890869, 0.79509860277176, 0.09513371437788, -2.17769885063171, 0.67949038743973, -2.02254009246826, -2.06348943710327, 0.67093682289124, -2.03082633018494, -2.03800654411316, 0.68454706668854, -2.03586673736572, -2.03197813034058, 0.71621859073639, -2.04393243789673, -2.04412865638733, 0.7443795800209, -2.05636048316956, -2.4670946598053, 0.85836523771286, -0.00864551216364, -2.47152733802795, 0.83897376060486, 0.07041312754154, -2.45057106018066, 0.83065724372864, 0.0818744674325, -2.42519164085388, 0.82298570871353, 0.07612603157759, -2.40525770187378, 0.81867927312851, 0.0607116445899, -2.1749701499939, 0.71821004152298, -2.0658392906189, -2.09986329078674, 0.68909108638763, -2.05330896377563, -2.08018589019775, 0.70346164703369, -2.06009006500244, -2.07457876205444, 0.72852522134781, -2.06882953643799, -2.08041858673096, 0.75226724147797, -2.07629442214966, 22.2074277654748, 136.361339005476, 148.020895390417, 148.842813034379, 148.101874113216, 4.69854518665972, 28.9778049689257, 23.8035405216692, 25.0374124876847, 23.8882468202084
0.11221504211426, 0.13410186767578, -0.08977890014648, 1.2865709066391, -0.84516936540604, -2.16573214530945, -2.19887161254883, 0.73026144504547, -2.11129236221313, -0.11535802483559, -1.61778271198273, 1.49124228954315, -2.30425357818604, 1.34119510650635, -1.94838845729828, -0.83897054195404, -0.17739617824554, 0.1671647131443, -2.39589667320251, 0.89360654354095, -0.02848982810974, 0.39414390921593, 1.30133926868439, -2.68597292900085, -2.17934226989746, 0.76214802265167, -2.1349618434906, 0.81758534908295, -1.2254331111908, 2.36798524856567, -2.52228450775146, 0.84457302093506, 0.00340868905187, -2.48649859428406, 0.81858599185944, 0.10937874019146, -2.46526026725769, 0.80739390850067, 0.12622174620628, -2.43532252311707, 0.79567086696625, 0.11780817806721, -2.41122531890869, 0.79509860277176, 0.09513371437788, -2.17771625518799, 0.67839062213898, -2.02370643615723, -2.06363248825073, 0.66819584369659, -2.03186583518982, -2.03792595863342, 0.68149316310883, -2.03659629821777, -2.03138065338135, 0.71320676803589, -2.04407215118408, -2.04305458068848, 0.74177503585815, -2.05601787567139, -2.4670946598053, 0.85836523771286, -0.00864551216364, -2.47152733802795, 0.83897376060486, 0.07041312754154, -2.45057106018066, 0.83065724372864, 0.0818744674325, -2.42519164085388, 0.82298570871353, 0.07612603157759, -2.40525770187378, 0.81867927312851, 0.0607116445899, -2.17426323890686, 0.71783894300461, -2.06629014015198, -2.0996561050415, 0.68732249736786, -2.05410528182983, -2.07973766326904, 0.70150250196457, -2.06057643890381, -2.07371473312378, 0.72662883996964, -2.06884670257568, -2.07916188240051, 0.75059068202972, -2.0758945941925, 24.0829157492902, 141.78810188597, 149.310120917013, 149.282964084873, 148.189177591187, 4.69854518665972, 28.9778049689257, 23.8035405216692, 25.0374124876847, 23.8882468202084
0.11523628234863, 0.20301103591919, -0.00413703918457, 1.42683696746826, -0.20297558605671, -1.02827930450439, -2.1978485584259, 0.73108375072479, -2.11157631874084, -0.13187569379807, -1.61822593212128, 1.47377276420593, -2.30468034744263, 1.34289944171906, -1.94777202606201, -0.83497428894043, -0.18252566456795, 0.1728857755661, -2.39589667320251, 0.89360654354095, -0.02848982810974, 0.39414390921593, 1.30133926868439, -2.68597292900085, -2.17748975753784, 0.7642856836319, -2.13460564613342, 0.81963682174683, -1.22198259830475, 2.36412310600281, -2.52228450775146, 0.84457302093506, 0.00340868905187, -2.48649859428406, 0.81858599185944, 0.10937874019146, -2.46526026725769, 0.80739390850067, 0.12622174620628, -2.43532252311707, 0.79567086696625, 0.11780817806721, -2.41122531890869, 0.79509860277176, 0.09513371437788, -2.17508029937744, 0.68017709255219, -2.02362990379334, -2.061039686203, 0.67012715339661, -2.03253650665283, -2.03537678718567, 0.68346619606018, -2.03738570213318, -2.02891087532043, 0.71521013975143, -2.04480147361755, -2.04068875312805, 0.74380403757095, -2.05658268928528, -2.4670946598053, 0.85836523771286, -0.00864551216364, -2.47152733802795, 0.83897376060486, 0.07041312754154, -2.45057106018066, 0.83065724372864, 0.0818744674325, -2.42519164085388, 0.82298570871353, 0.07612603157759, -2.40525770187378, 0.81867927312851, 0.0607116445899, -2.17193484306335, 0.71976405382156, -2.06610870361328, -2.0972216129303, 0.68928676843643, -2.05448865890503, -2.07735848426819, 0.70350795984268, -2.06103944778442, -2.07141351699829, 0.72866672277451, -2.06926727294922, -2.07692909240723, 0.75264513492584, -2.07620477676392, 25.524611588729, 148.555057164647, 150.176407469824, 149.596223880967, 148.310727637657, 4.69854518665972, 28.9778049689257, 23.8035405216692, 25.0374124876847, 23.8882468202084
0.10169219970703, 0.17795705795288, -0.00775909423828, 1.3026807308197, -0.18696971237659, -1.12868881225586, -2.19581723213196, 0.7331280708313, -2.11120343208313, -0.13098514080048, -1.61152946949005, 1.47052311897278, -2.30523586273193, 1.34454703330994, -1.94716238975525, -0.83139342069626, -0.18752266466618, 0.17874656617641, -2.39589667320251, 0.89360654354095, -0.02848982810974, 0.39414390921593, 1.30133926868439, -2.68597292900085, -2.17570662498474, 0.76611334085464, -2.13432836532593, 0.8202211856842, -1.22072529792786, 2.35892486572266, -2.52228450775146, 0.84457302093506, 0.00340868905187, -2.48649859428406, 0.81858599185944, 0.10937874019146, -2.46526026725769, 0.80739390850067, 0.12622174620628, -2.43532252311707, 0.79567086696625, 0.11780817806721, -2.41122531890869, 0.79509860277176, 0.09513371437788, -2.17279291152954, 0.68161153793335, -2.02366375923157, -2.05880546569824, 0.67151826620102, -2.03318285942078, -2.03315854072571, 0.68485748767853, -2.03811478614807, -2.02670860290527, 0.71662318706512, -2.04545068740845, -2.03852677345276, 0.74526631832123, -2.05707120895386, -2.4670946598053, 0.85836523771286, -0.00864551216364, -2.47152733802795, 0.83897376060486, 0.07041312754154, -2.45057106018066, 0.83065724372864, 0.0818744674325, -2.42519164085388, 0.82298570871353, 0.07612603157759, -2.40525770187378, 0.81867927312851, 0.0607116445899, -2.16983532905579, 0.72134625911713, -2.06601786613464, -2.09508490562439, 0.69077908992767, -2.0548837184906, -2.07524561882019, 0.70501035451889, -2.06148481369019, -2.06932544708252, 0.73019409179688, -2.06965374946594, -2.0748598575592, 0.75420045852661, -2.07647824287415, 27.1047041362252, 153.292490033346, 151.341323553527, 150.032222176445, 148.541342144793, 4.69854518665972, 28.9778049689257, 23.8035405216692, 25.0374124876847, 23.8882468202084
0.10538291931152, 0.16729259490967, 0.03062438964844, 0.22980514168739, 0.45144206285477, 0.07353773713112, -2.19393634796143, 0.73488521575928, -2.11094379425049, -0.13178400695324, -1.60600852966309, 1.46698796749115, -2.30586385726929, 1.34613823890686, -1.94651246070862, -0.82800507545471, -0.19140774011612, 0.18341711163521, -2.39589667320251, 0.89360654354095, -0.02848982810974, 0.39414390921593, 1.30133926868439, -2.68597292900085, -2.17414402961731, 0.76769357919693, -2.13417673110962, 0.81990611553192, -1.2207008600235, 2.35141038894653, -2.52228450775146, 0.84457302093506, 0.00340868905187, -2.48649859428406, 0.81858599185944, 0.10937874019146, -2.46526026725769, 0.80739390850067, 0.12622174620628, -2.43532252311707, 0.79567086696625, 0.11780817806721, -2.41122531890869, 0.79509860277176, 0.09513371437788, -2.17079472541809, 0.68266540765762, -2.02392840385437, -2.05688261985779, 0.6723844408989, -2.03412437438965, -2.03123569488525, 0.68569445610046, -2.03913497924805, -2.02476096153259, 0.71748113632202, -2.04635715484619, -2.03658366203308, 0.74620276689529, -2.05777740478516, -2.4670946598053, 0.85836523771286, -0.00864551216364, -2.47152733802795, 0.83897376060486, 0.07041312754154, -2.45057106018066, 0.83065724372864, 0.0818744674325, -2.42519164085388, 0.82298570871353, 0.07612603157759, -2.40525770187378, 0.81867927312851, 0.0607116445899, -2.16798877716064, 0.72259318828583, -2.06611108779907, -2.09324145317078, 0.69182139635086, -2.05553388595581, -2.07340955734253, 0.70604300498962, -2.0621771812439, -2.06748223304749, 0.73125284910202, -2.07026028633118, -2.07300448417664, 0.75530242919922, -2.07694125175476, 28.7638014818509, 157.412774329399, 152.729368257035, 150.565673611002, 148.936140739198, 4.69854518665972, 28.9778049689257, 23.8035405216692, 25.0374124876847, 23.8882468202084
0.10368347167969, 0.14922094345093, 0.02277946472168, 0.25474435091019, 0.36473396420479, -0.04799577966332, -2.19230914115906, 0.73639285564423, -2.11083912849426, -0.13398830592632, -1.59986960887909, 1.46230804920197, -2.30645227432251, 1.34779214859009, -1.94574153423309, -0.82577508687973, -0.19484452903271, 0.18758463859558, -2.39589667320251, 0.89360654354095, -0.02848982810974, 0.39414390921593, 1.30133926868439, -2.68597292900085, -2.17138338088989, 0.77215546369553, -2.13524532318115, 0.82267761230469, -1.21644616127014, 2.33907556533813, -2.52228450775146, 0.84457302093506, 0.00340868905187, -2.48649859428406, 0.81858599185944, 0.10937874019146, -2.46526026725769, 0.80739390850067, 0.12622174620628, -2.43532252311707, 0.79567086696625, 0.11780817806721, -2.41122531890869, 0.79509860277176, 0.09513371437788, -2.16660046577454, 0.68615466356277, -2.02580738067627, -2.05283737182617, 0.67593705654144, -2.03760600090027, -2.02725458145142, 0.68928468227386, -2.04283905029297, -2.02086496353149, 0.72113245725632, -2.04986524581909, -2.03282809257507, 0.74995684623718, -2.06087327003479, -2.4670946598053, 0.85836523771286, -0.00864551216364, -2.47152733802795, 0.83897376060486, 0.07041312754154, -2.45057106018066, 0.83065724372864, 0.0818744674325, -2.42519164085388, 0.82298570871353, 0.07612603157759, -2.40525770187378, 0.81867927312851, 0.0607116445899, -2.16434073448181, 0.72645330429077, -2.06766867637634, -2.08947038650513, 0.69557124376297, -2.05835795402527, -2.06972336769104, 0.70984637737274, -2.06513833999634, -2.06389498710632, 0.73512530326843, -2.07307624816895, -2.06949710845947, 0.75923430919647, -2.07947039604187, 29.8267496714341, 160.198890454118, 154.222953043598, 151.097663385076, 149.559231576422, 4.69854518665972, 28.9778049689257, 23.8035405216692, 25.0374124876847, 23.8882468202084
0.08370208740234, 0.13911867141724, 0.01299476623535, 0.33437579870224, 0.39192789793015, -0.1460298448801, -2.18924808502197, 0.74065387248993, -2.11194610595703, -0.13447910547256, -1.58539247512817, 1.45339286327362, -2.30704927444458, 1.3493812084198, -1.94481432437897, -0.82395523786545, -0.19906698167324, 0.19232487678528, -2.39589667320251, 0.89360654354095, -0.02848982810974, 0.39414390921593, 1.30133926868439, -2.68597292900085, -2.16907215118408, 0.77604055404663, -2.13625144958496, 0.82472747564316, -1.21325826644897, 2.32373213768005, -2.52228450775146, 0.84457302093506, 0.00340868905187, -2.48649859428406, 0.81858599185944, 0.10937874019146, -2.46526026725769, 0.80739390850067, 0.12622174620628, -2.43532252311707, 0.79567086696625, 0.11780817806721, -2.41122531890869, 0.79509860277176, 0.09513371437788, -2.1628634929657, 0.68888783454895, -2.02780079841614, -2.04930114746094, 0.67860853672028, -2.04134893417358, -2.0237729549408, 0.69196850061417, -2.0468111038208, -2.01742839813232, 0.72387784719467, -2.05359506607056, -2.0294976234436, 0.75283569097519, -2.06412625312805, -2.4670946598053, 0.85836523771286, -0.00864551216364, -2.47152733802795, 0.83897376060486, 0.07041312754154, -2.45057106018066, 0.83065724372864, 0.0818744674325, -2.42519164085388, 0.82298570871353, 0.07612603157759, -2.40525770187378, 0.81867927312851, 0.0607116445899, -2.16113638877869, 0.7296199798584, -2.06926608085632, -2.08619499206543, 0.6985194683075, -2.06136226654053, -2.06652235984802, 0.71283262968063, -2.06827759742737, -2.06076407432556, 0.73818397521973, -2.07603359222412, -2.06641459465027, 0.76236790418625, -2.08209323883057, 31.1419811432955, 163.533347825783, 155.776124400481, 151.880853856444, 150.292684610255, 4.69854518665972, 28.9778049689257, 23.8035405216692, 25.0374124876847, 23.8882468202084
0.13604164123535, 0.36321830749512, -0.06749725341797, 0.63955974578857, 0.9593460559845, -0.02318269759417, -2.18665480613709, 0.7443253993988, -2.11302757263184, -0.13626085221767, -1.56952059268951, 1.44282114505768, -2.30760288238525, 1.35101461410522, -1.94373261928558, -0.82290345430374, -0.20369300246239, 0.19757165014744, -2.39589667320251, 0.89360654354095, -0.02848982810974, 0.39414390921593, 1.30133926868439, -2.68597292900085, -2.16701626777649, 0.78818380832672, -2.1343240737915, 0.82906603813171, -1.20798003673553, 2.30005860328674, -2.52228450775146, 0.84457302093506, 0.00340868905187, -2.48649859428406, 0.81858599185944, 0.10937874019146, -2.46526026725769, 0.80739390850067, 0.12622174620628, -2.43532252311707, 0.79567086696625, 0.11780817806721, -2.41122531890869, 0.79509860277176, 0.09513371437788, -2.15850448608398, 0.69923985004425, -2.02749609947205, -2.04529690742493, 0.68902695178986, -2.04378747940063, -2.01987528800964, 0.70243966579437, -2.04960656166077, -2.0136296749115, 0.73444789648056, -2.05600500106812, -2.02588319778442, 0.76359295845032, -2.0657799243927, -2.4670946598053, 0.85836523771286, -0.00864551216364, -2.47152733802795, 0.83897376060486, 0.07041312754154, -2.45057106018066, 0.83065724372864, 0.0818744674325, -2.42519164085388, 0.82298570871353, 0.07612603157759, -2.40525770187378, 0.81867927312851, 0.0607116445899, -2.15764570236206, 0.74065011739731, -2.06831169128418, -2.08259963989258, 0.70931798219681, -2.06262636184692, -2.063063621521, 0.72371608018875, -2.06974935531616, -2.05743765830994, 0.74918413162231, -2.07721447944641, -2.06318116188049, 0.77347296476364, -2.08274412155151, 31.7691359430752, 164.564187296078, 156.461042110071, 152.31728928403, 150.759049926783, 4.69854518665972, 28.9778049689257, 23.8035405216692, 25.0374124876847, 23.8882468202084
0.09654235839844, 0.33170557022095, -0.06191825866699, 0.75589072704315, 1.04137444496155, -0.12323626130819, -2.1841242313385, 0.75611340999603, -2.11123371124268, -0.13762307167053, -1.54454147815704, 1.42611336708069, -2.30817127227783, 1.35256505012512, -1.94257819652557, -0.82092159986496, -0.20865617692471, 0.20326751470566, -2.39589667320251, 0.89360654354095, -0.02848982810974, 0.39414390921593, 1.30133926868439, -2.68597292900085, -2.16536569595337, 0.79775023460388, -2.13300681114197, 0.8323358297348, -1.20432579517365, 2.27625298500061, -2.52228450775146, 0.84457302093506, 0.00340868905187, -2.48649859428406, 0.81858599185944, 0.10937874019146, -2.46526026725769, 0.80739390850067, 0.12622174620628, -2.43532252311707, 0.79567086696625, 0.11780817806721, -2.41122531890869, 0.79509860277176, 0.09513371437788, -2.15484285354614, 0.70706731081009, -2.02783274650574, -2.04203581809998, 0.6968367099762, -2.04668879508972, -2.01670551300049, 0.71027833223343, -2.05282974243164, -2.01050591468811, 0.74237030744553, -2.05884218215942, -2.02288103103638, 0.77170032262802, -2.06788301467896, -2.4670946598053, 0.85836523771286, -0.00864551216364, -2.47152733802795, 0.83897376060486, 0.07041312754154, -2.45057106018066, 0.83065724372864, 0.0818744674325, -2.42519164085388, 0.82298570871353, 0.07612603157759, -2.40525770187378, 0.81867927312851, 0.0607116445899, -2.15473246574402, 0.7491307258606, -2.06798410415649, -2.07967185974121, 0.71752327680588, -2.06440114974976, -2.06025052070618, 0.73198592662811, -2.07170438766479, -2.05471181869507, 0.75755739212036, -2.07887554168701, -2.06050229072571, 0.78194677829742, -2.08388924598694, 32.7115586145644, 166.051665893523, 157.354635759184, 152.894440268896, 151.305929513248, 4.69854518665972, 28.9778049689257, 23.8035405216692, 25.0374124876847, 23.8882468202084
0.04011726379395, 0.95427417755127, 0.15834045410156, 1.18996155261993, 1.63382196426392, -0.1144607886672, -2.18207120895386, 0.76535296440125, -2.11007857322693, -0.13967725634575, -1.52104008197784, 1.4097021818161, -2.30869174003601, 1.35408473014832, -1.94139325618744, -0.81867069005966, -0.21435582637787, 0.20954774320126, -2.39589667320251, 0.89360654354095, -0.02848982810974, 0.39414390921593, 1.30133926868439, -2.68597292900085, -2.16389489173889, 0.80567497014999, -2.13201928138733, 0.83463573455811, -1.20204067230225, 2.25360870361328, -2.52228450775146, 0.84457302093506, 0.00340868905187, -2.48649859428406, 0.81858599185944, 0.10937874019146, -2.46526026725769, 0.80739390850067, 0.12622174620628, -2.43532252311707, 0.79567086696625, 0.11780817806721, -2.41122531890869, 0.79509860277176, 0.09513371437788, -2.15168786048889, 0.71338504552841, -2.02843713760376, -2.03929615020752, 0.70308077335358, -2.0495924949646, -2.01404070854187, 0.71653270721436, -2.0560131072998, -2.00784540176392, 0.74869173765182, -2.06166052818298, -2.02028846740723, 0.77819383144379, -2.07002282142639, -2.4670946598053, 0.85836523771286, -0.00864551216364, -2.47152733802795, 0.83897376060486, 0.07041312754154, -2.45057106018066, 0.83065724372864, 0.0818744674325, -2.42519164085388, 0.82298570871353, 0.07612603157759, -2.40525770187378, 0.81867927312851, 0.0607116445899, -2.1521954536438, 0.75604790449142, -2.06794786453247, -2.07719039916992, 0.72415143251419, -2.06627154350281, -2.057861328125, 0.73866057395935, -2.073725938797, -2.05237126350403, 0.76431941986084, -2.08061718940735, -2.05817151069641, 0.78879988193512, -2.08515310287476, 33.8727522451691, 168.108085588452, 158.443518177046, 153.597785828867, 151.928719822148, 4.69854518665972, 28.9778049689257, 23.8035405216692, 25.0374124876847, 23.8882468202084
0.01706314086914, 0.76889276504517, 0.11578559875488, 1.16445863246918, 1.52961683273315, -0.19232268631458, -2.18027353286743, 0.77298933267593, -2.10926508903503, -0.14208951592445, -1.49983501434326, 1.39434385299683, -2.30915474891663, 1.35571217536926, -1.94024050235748, -0.81601494550705, -0.21956184506416, 0.21533006429672, -2.39589667320251, 0.89360654354095, -0.02848982810974, 0.39414390921593, 1.30133926868439, -2.68597292900085, -2.16207313537598, 0.81339645385742, -2.13043642044067, 0.83060616254807, -1.19252276420593, 2.23183536529541, -2.52228450775146, 0.84457302093506, 0.00340868905187, -2.48649859428406, 0.81858599185944, 0.10937874019146, -2.46526026725769, 0.80739390850067, 0.12622174620628, -2.43532252311707, 0.79567086696625, 0.11780817806721, -2.41122531890869, 0.79509860277176, 0.09513371437788, -2.14807653427124, 0.71973538398743, -2.02832174301147, -2.03636264801025, 0.70868736505508, -2.05247855186462, -2.01115608215332, 0.72199082374573, -2.05938267707825, -2.00480985641479, 0.7541601061821, -2.06479954719543, -2.01718926429749, 0.78387278318405, -2.07248330116272, -2.4670946598053, 0.85836523771286, -0.00864551216364, -2.47152733802795, 0.83897376060486, 0.07041312754154, -2.45057106018066, 0.83065724372864, 0.0818744674325, -2.42519164085388, 0.82298570871353, 0.07612603157759, -2.40525770187378, 0.81867927312851, 0.0607116445899, -2.14919924736023, 0.76288330554962, -2.06728935241699, -2.07447409629822, 0.7302992939949, -2.06792378425598, -2.05520868301392, 0.74472558498383, -2.07569670677185, -2.04965949058533, 0.77041697502136, -2.08241677284241, -2.05534696578979, 0.79500222206116, -2.08650684356689, 34.3313106554763, 168.892327908953, 158.941616552458, 153.948857552206, 152.484574277182, 4.69854518665972, 28.9778049689257, 23.8035405216692, 25.0374124876847, 23.8882468202084
0.01414489746094, 0.64668703079224, 0.0923023223877, 1.08237409591675, 1.37145340442657, -0.23940135538578, -2.17816638946533, 0.7805814743042, -2.10766506195068, -0.15012496709824, -1.47231316566467, 1.38130724430084, -2.30968117713928, 1.357337474823, -1.93933582305908, -0.81304395198822, -0.22511774301529, 0.22066549956799, -2.39589667320251, 0.89360654354095, -0.02848982810974, 0.39414390921593, 1.30133926868439, -2.68597292900085, -2.1604917049408, 0.82026219367981, -2.12914228439331, 0.82702451944351, -1.18474841117859, 2.21068167686462, -2.52228450775146, 0.84457302093506, 0.00340868905187, -2.48649859428406, 0.81858599185944, 0.10937874019146, -2.46526026725769, 0.80739390850067, 0.12622174620628, -2.43532252311707, 0.79567086696625, 0.11780817806721, -2.41122531890869, 0.79509860277176, 0.09513371437788, -2.14494252204895, 0.72526395320892, -2.02849817276001, -2.03392338752747, 0.71355658769608, -2.05539298057556, -2.00876879692078, 0.72672706842422, -2.06272792816162, -2.00226783752441, 0.75890392065048, -2.06791090965271, -2.01456141471863, 0.78881120681763, -2.07495069503784, -2.4670946598053, 0.85836523771286, -0.00864551216364, -2.47152733802795, 0.83897376060486, 0.07041312754154, -2.45057106018066, 0.83065724372864, 0.0818744674325, -2.42519164085388, 0.82298570871353, 0.07612603157759, -2.40525770187378, 0.81867927312851, 0.0607116445899, -2.14659380912781, 0.76888543367386, -2.06691575050354, -2.07219314575195, 0.73567640781403, -2.0696849822998, -2.05298805236816, 0.75003057718277, -2.07773590087891, -2.04737138748169, 0.77575278282166, -2.08427953720093, -2.0529363155365, 0.80043298006058, -2.08794450759888, 35.0467319899001, 170.079483088593, 159.596549731592, 154.399991546885, 153.064279752797, 4.69854518665972, 28.9778049689257, 23.8035405216692, 25.0374124876847, 23.8882468202084
0.00415420532227, 0.63086843490601, 0.15502738952637, 0.8761237859726, 1.84429359436035, -0.65484750270844, -2.17633771896362, 0.78731387853622, -2.10638999938965, -0.15740233659744, -1.44695949554443, 1.36834025382996, -2.31022906303406, 1.35894334316254, -1.938481092453, -0.80941039323807, -0.22913405299187, 0.22496850788593, -2.39589667320251, 0.89360654354095, -0.02848982810974, 0.39414390921593, 1.30133926868439, -2.68597292900085, -2.15902209281921, 0.83022516965866, -2.12660121917725, 0.8271489739418, -1.18144798278809, 2.19896078109741, -2.52228450775146, 0.84457302093506, 0.00340868905187, -2.48649859428406, 0.81858599185944, 0.10937874019146, -2.46526026725769, 0.80739390850067, 0.12622174620628, -2.43532252311707, 0.79567086696625, 0.11780817806721, -2.41122531890869, 0.79509860277176, 0.09513371437788, -2.14255309104919, 0.73443990945816, -2.02685332298279, -2.03189706802368, 0.7226168513298, -2.05515718460083, -2.00679302215576, 0.73576980829239, -2.06269431114197, -2.00026035308838, 0.76796561479568, -2.0677170753479, -2.01254916191101, 0.79795908927917, -2.07438898086548, -2.4670946598053, 0.85836523771286, -0.00864551216364, -2.47152733802795, 0.83897376060486, 0.07041312754154, -2.45057106018066, 0.83065724372864, 0.0818744674325, -2.42519164085388, 0.82298570871353, 0.07612603157759, -2.40525770187378, 0.81867927312851, 0.0607116445899, -2.14453411102295, 0.77834939956665, -2.06492567062378, -2.07026958465576, 0.7449506521225, -2.06882786750793, -2.05111956596375, 0.75930941104889, -2.07700109481812, -2.0455060005188, 0.78506338596344, -2.08342170715332, -2.05104184150696, 0.80978578329086, -2.08683753013611, 35.4578000949081, 170.662658300307, 160.089361540587, 154.979451135691, 153.921932946497, 4.69854518665972, 28.9778049689257, 23.8035405216692, 25.0374124876847, 23.8882468202084
-0.00075531005859, 0.56776571273804, 0.13348388671875, 0.85865485668182, 1.68218088150024, -0.62297660112381, -2.17469215393066, 0.79715436697006, -2.10390496253967, -0.15930107235909, -1.433802485466, 1.36053681373596, -2.31085777282715, 1.3604793548584, -1.93760824203491, -0.80501389503479, -0.23188219964504, 0.22804701328278, -2.39589667320251, 0.89360654354095, -0.02848982810974, 0.39414390921593, 1.30133926868439, -2.68597292900085, -2.1574969291687, 0.83888864517212, -2.12449836730957, 0.82704043388367, -1.17867207527161, 2.18723964691162, -2.52228450775146, 0.84457302093506, 0.00340868905187, -2.48649859428406, 0.81858599185944, 0.10937874019146, -2.46526026725769, 0.80739390850067, 0.12622174620628, -2.43532252311707, 0.79567086696625, 0.11780817806721, -2.41122531890869, 0.79509860277176, 0.09513371437788, -2.1401960849762, 0.74232620000839, -2.02564454078674, -2.02990770339966, 0.73036956787109, -2.05529475212097, -2.00484943389893, 0.74349987506866, -2.06302213668823, -1.99827253818512, 0.77571129798889, -2.06788468360901, -2.0105414390564, 0.80579042434692, -2.07419753074646, -2.4670946598053, 0.85836523771286, -0.00864551216364, -2.47152733802795, 0.83897376060486, 0.07041312754154, -2.45057106018066, 0.83065724372864, 0.0818744674325, -2.42519164085388, 0.82298570871353, 0.07612603157759, -2.40525770187378, 0.81867927312851, 0.0607116445899, -2.14247179031372, 0.78651881217957, -2.06337118148804, -2.06836223602295, 0.75292080640793, -2.06836366653442, -2.04926133155823, 0.76727998256683, -2.07665038108826, -2.04363989830017, 0.79306274652481, -2.08294701576233, -2.0491361618042, 0.81782639026642, -2.08611965179443, 36.0827589888697, 171.601481462104, 160.679284979201, 155.618415332545, 154.753085006218, 4.69854518665972, 28.9778049689257, 23.8035405216692, 25.0374124876847, 23.8882468202084
0.04931831359863, 0.75739574432373, 0.20374488830566, 0.53323763608932, 0.86033815145493, -0.20822869241238, -2.17301201820374, 0.80570113658905, -2.10186576843262, -0.1613498032093, -1.42116022109985, 1.35277020931244, -2.31148386001587, 1.36195516586304, -1.93659377098084, -0.80088037252426, -0.23444294929504, 0.23127917945385, -2.39589667320251, 0.89360654354095, -0.02848982810974, 0.39414390921593, 1.30133926868439, -2.68597292900085, -2.15548753738403, 0.84473985433578, -2.12241816520691, 0.83943516016006, -1.15799689292908, 2.17425465583801, -2.52228450775146, 0.84457302093506, 0.00340868905187, -2.48649859428406, 0.81858599185944, 0.10937874019146, -2.46526026725769, 0.80739390850067, 0.12622174620628, -2.43532252311707, 0.79567086696625, 0.11780817806721, -2.41122531890869, 0.79509860277176, 0.09513371437788, -2.13444471359253, 0.74706798791885, -2.02539706230164, -2.02501678466797, 0.73639315366745, -2.05852055549622, -2.00030755996704, 0.74982553720474, -2.06683039665222, -1.99413204193115, 0.78214913606644, -2.07147002220154, -2.00682067871094, 0.81220507621765, -2.07701730728149, -2.4670946598053, 0.85836523771286, -0.00864551216364, -2.47152733802795, 0.83897376060486, 0.07041312754154, -2.45057106018066, 0.83065724372864, 0.0818744674325, -2.42519164085388, 0.82298570871353, 0.07612603157759, -2.40525770187378, 0.81867927312851, 0.0607116445899, -2.13820791244507, 0.79171854257584, -2.06245946884155, -2.06402444839478, 0.75879418849945, -2.0701265335083, -2.04529619216919, 0.77341365814209, -2.0787992477417, -2.04006910324097, 0.7993198633194, -2.08492708206177, -2.0458517074585, 0.82407623529434, -2.08760976791382, 36.4604445443093, 171.880699595374, 161.025561909742, 156.24783092494, 155.38598399509, 4.69854518665972, 28.9778049689257, 23.8035405216692, 25.0374124876847, 23.8882468202084
0.05582427978516, 0.66394758224487, 0.17200469970703, 0.52418506145477, 0.81918865442276, -0.22437705099583, -2.17005014419556, 0.81114035844803, -2.09976053237915, -0.15134930610657, -1.3890780210495, 1.34123349189758, -2.31207704544067, 1.36328828334808, -1.93555498123169, -0.79767847061157, -0.23801851272583, 0.23502184450626, -2.39589667320251, 0.89360654354095, -0.02848982810974, 0.39414390921593, 1.30133926868439, -2.68597292900085, -2.15383744239807, 0.85068696737289, -2.12056875228882, 0.85134834051132, -1.13802564144135, 2.15999364852905, -2.52228450775146, 0.84457302093506, 0.00340868905187, -2.48649859428406, 0.81858599185944, 0.10937874019146, -2.46526026725769, 0.80739390850067, 0.12622174620628, -2.43532252311707, 0.79567086696625, 0.11780817806721, -2.41122531890869, 0.79509860277176, 0.09513371437788, -2.12916660308838, 0.75187683105469, -2.02557611465454, -2.02073645591736, 0.74243396520615, -2.06217360496521, -1.99638557434082, 0.75615382194519, -2.07105159759521, -1.99057447910309, 0.78858023881912, -2.07543730735779, -2.00363063812256, 0.81861585378647, -2.08018398284912, -2.4670946598053, 0.85836523771286, -0.00864551216364, -2.47152733802795, 0.83897376060486, 0.07041312754154, -2.45057106018066, 0.83065724372864, 0.0818744674325, -2.42519164085388, 0.82298570871353, 0.07612603157759, -2.40525770187378, 0.81867927312851, 0.0607116445899, -2.1343674659729, 0.79699212312698, -2.06189441680908, -2.0602331161499, 0.76470762491226, -2.07227492332459, -2.04187893867493, 0.77957630157471, -2.08131647109985, -2.0370180606842, 0.80559921264648, -2.08724784851074, -2.04304790496826, 0.83034712076187, -2.0894148349762, 36.9957640356037, 172.442182126284, 161.470521413412, 156.896521311173, 156.02646449394, 4.69854518665972, 28.9778049689257, 23.8035405216692, 25.0374124876847, 23.8882468202084
0.01613616943359, 0.45925855636597, 0.21325492858887, 0.92858248949051, 2.18123459815979, 0.57446348667145, -2.16746997833252, 0.8166828751564, -2.09793615341187, -0.14184603095055, -1.35668158531189, 1.32922542095184, -2.31272530555725, 1.36461162567139, -1.9345531463623, -0.79564970731735, -0.24313408136368, 0.23974502086639, -2.39589667320251, 0.89360654354095, -0.02848982810974, 0.39414390921593, 1.30133926868439, -2.68597292900085, -2.15229916572571, 0.85664051771164, -2.11882066726685, 0.86204969882965, -1.1201000213623, 2.14579272270203, -2.52228450775146, 0.84457302093506, 0.00340868905187, -2.48649859428406, 0.81858599185944, 0.10937874019146, -2.46526026725769, 0.80739390850067, 0.12622174620628, -2.43532252311707, 0.79567086696625, 0.11780817806721, -2.41122531890869, 0.79509860277176, 0.09513371437788, -2.1243691444397, 0.75676012039185, -2.02587175369263, -2.01698303222656, 0.74842816591263, -2.06567716598511, -1.99297285079956, 0.76240438222885, -2.07506847381592, -1.98746883869171, 0.79491829872131, -2.07919454574585, -2.00082111358643, 0.82493537664413, -2.08317279815674, -2.4670946598053, 0.85836523771286, -0.00864551216364, -2.47152733802795, 0.83897376060486, 0.07041312754154, -2.45057106018066, 0.83065724372864, 0.0818744674325, -2.42519164085388, 0.82298570871353, 0.07612603157759, -2.40525770187378, 0.81867927312851, 0.0607116445899, -2.1308581829071, 0.8023087978363, -2.06143403053284, -2.05687522888184, 0.77059751749039, -2.0743522644043, -2.03887057304382, 0.78568929433823, -2.08372044563293, -2.03432512283325, 0.81181472539902, -2.08944797515869, -2.04055094718933, 0.83655261993408, -2.0911180973053, 37.6496146297544, 173.249715391854, 162.028534208224, 157.558817434232, 156.68710771122, 4.69854518665972, 28.9778049689257, 23.8035405216692, 25.0374124876847, 23.8882468202084
-0.01038551330566, 0.46961402893066, 0.20147895812988, 0.97331774234772, 2.20648622512817, 0.50278848409653, -2.16508913040161, 0.82226771116257, -2.09625339508057, -0.13334707915783, -1.32645297050476, 1.3177684545517, -2.3134388923645, 1.3659303188324, -1.93363547325134, -0.79278570413589, -0.24867092072964, 0.24491819739342, -2.39589667320251, 0.89360654354095, -0.02848982810974, 0.39414390921593, 1.30133926868439, -2.68597292900085, -2.1492600440979, 0.86086004972458, -2.11783838272095, 0.86685240268707, -1.10361921787262, 2.15740537643433, -2.52228450775146, 0.84457302093506, 0.00340868905187, -2.48649859428406, 0.81858599185944, 0.10937874019146, -2.46526026725769, 0.80739390850067, 0.12622174620628, -2.43532252311707, 0.79567086696625, 0.11780817806721, -2.41122531890869, 0.79509860277176, 0.09513371437788, -2.1198570728302, 0.76162970066071, -2.02464771270752, -2.01271748542786, 0.75393164157867, -2.06523633003235, -1.98888731002808, 0.76804667711258, -2.07487535476685, -1.98366415500641, 0.80058205127716, -2.07919335365295, -1.99727606773376, 0.83047753572464, -2.08320713043213, -2.4670946598053, 0.85836523771286, -0.00864551216364, -2.47152733802795, 0.83897376060486, 0.07041312754154, -2.45057106018066, 0.83065724372864, 0.0818744674325, -2.42519164085388, 0.82298570871353, 0.07612603157759, -2.40525770187378, 0.81867927312851, 0.0607116445899, -2.12696623802185, 0.80696135759354, -2.06036829948425, -2.05284333229065, 0.77575546503067, -2.07370734214783, -2.03502655029297, 0.790940284729, -2.08328247070313, -2.03072547912598, 0.81707268953323, -2.08916473388672, -2.03715300559998, 0.84175431728363, -2.09090089797974, 38.3145164699822, 173.296802715992, 162.13348689501, 157.875096173939, 157.279585640584, 4.69854518665972, 28.9778049689257, 23.8035405216692, 25.0374124876847, 23.8882468202084
-0.00901222229004, 0.46945095062256, 0.19359970092773, 0.93464154005051, 2.06292080879211, 0.41018351912498, -2.16161370277405, 0.82649624347687, -2.09501600265503, -0.12707114219666, -1.31963968276978, 1.32418596744537, -2.31419515609741, 1.36716985702515, -1.93289029598236, -0.78904330730438, -0.25458231568336, 0.25044056773186, -2.39589667320251, 0.89360654354095, -0.02848982810974, 0.39414390921593, 1.30133926868439, -2.68597292900085, -2.14643836021423, 0.86538934707642, -2.11669611930847, 0.87119197845459, -1.08916592597961, 2.1655445098877, -2.52228450775146, 0.84457302093506, 0.00340868905187, -2.48649859428406, 0.81858599185944, 0.10937874019146, -2.46526026725769, 0.80739390850067, 0.12622174620628, -2.43532252311707, 0.79567086696625, 0.11780817806721, -2.41122531890869, 0.79509860277176, 0.09513371437788, -2.11564779281616, 0.76659834384918, -2.02348685264587, -2.00879955291748, 0.75945967435837, -2.06493663787842, -1.98513853549957, 0.77369713783264, -2.07480955123901, -1.98015522956848, 0.80625265836716, -2.07925724983215, -1.99398696422577, 0.83605146408081, -2.08323836326599, -2.4670946598053, 0.85836523771286, -0.00864551216364, -2.47152733802795, 0.83897376060486, 0.07041312754154, -2.45057106018066, 0.83065724372864, 0.0818744674325, -2.42519164085388, 0.82298570871353, 0.07612603157759, -2.40525770187378, 0.81867927312851, 0.0607116445899, -2.12333488464355, 0.81178742647171, -2.05926847457886, -2.04912996292114, 0.78100919723511, -2.0731348991394, -2.03148818016052, 0.79627901315689, -2.08289694786072, -2.02739953994751, 0.82242166996002, -2.08888411521912, -2.03399586677551, 0.8470578789711, -2.09063315391541, 39.0174180676574, 173.427805744273, 162.29239807624, 158.231208576885, 157.839565529877, 4.69854518665972, 28.9778049689257, 23.8035405216692, 25.0374124876847, 23.8882468202084
0.19172859191895, 0.26282215118408, 0.09530639648438, -0.33237627148628, 0.54975438117981, 0.54924911260605, -2.15838813781738, 0.83101111650467, -2.09368109703064, -0.12169206887484, -1.31192541122437, 1.32840263843536, -2.31494569778442, 1.36832904815674, -1.93222618103027, -0.78402501344681, -0.26069238781929, 0.25722962617874, -2.39589667320251, 0.89360654354095, -0.02848982810974, 0.39414390921593, 1.30133926868439, -2.68597292900085, -2.14452219009399, 0.87411999702454, -2.11486339569092, 0.88791799545288, -1.06986057758331, 2.17401003837585, -2.52228450775146, 0.84457302093506, 0.00340868905187, -2.48649859428406, 0.81858599185944, 0.10937874019146, -2.46526026725769, 0.80739390850067, 0.12622174620628, -2.43532252311707, 0.79567086696625, 0.11780817806721, -2.41122531890869, 0.79509860277176, 0.09513371437788, -2.1108386516571, 0.77559566497803, -2.02237510681152, -2.00442266464233, 0.77043318748474, -2.06520748138428, -1.98113942146301, 0.78510785102844, -2.07533502578735, -1.97677648067474, 0.81775808334351, -2.07974028587341, -1.99117076396942, 0.84732484817505, -2.08344793319702, -2.4670946598053, 0.85836523771286, -0.00864551216364, -2.47152733802795, 0.83897376060486, 0.07041312754154, -2.45057106018066, 0.83065724372864, 0.0818744674325, -2.42519164085388, 0.82298570871353, 0.07612603157759, -2.40525770187378, 0.81867927312851, 0.0607116445899, -2.11976265907288, 0.82075279951096, -2.0579092502594, -2.04522085189819, 0.79130589962006, -2.07282066345215, -2.02797198295593, 0.80690830945969, -2.08275747299194, -2.02441239356995, 0.83313578367233, -2.08871150016785, -2.03145527839661, 0.8576592206955, -2.09029626846313, 39.6583049627635, 173.448624160864, 162.369292345916, 158.451113347403, 158.287489335646, 4.69854518665972, 28.9778049689257, 23.8035405216692, 25.0374124876847, 23.8882468202084
0.17293167114258, 0.29713726043701, 0.10735702514648, -0.19462460279465, 0.59450232982635, 0.45213589072227, -2.15558075904846, 0.83947062492371, -2.09180927276611, -0.1041818484664, -1.29931378364563, 1.3299218416214, -2.31567192077637, 1.36935329437256, -1.93158113956451, -0.77865064144135, -0.26719534397125, 0.26433953642845, -2.39589667320251, 0.89360654354095, -0.02848982810974, 0.39414390921593, 1.30133926868439, -2.68597292900085, -2.14257383346558, 0.8820429444313, -2.11313199996948, 0.90546441078186, -1.04843318462372, 2.18227195739746, -2.52228450775146, 0.84457302093506, 0.00340868905187, -2.48649859428406, 0.81858599185944, 0.10937874019146, -2.46526026725769, 0.80739390850067, 0.12622174620628, -2.43532252311707, 0.79567086696625, 0.11780817806721, -2.41122531890869, 0.79509860277176, 0.09513371437788, -2.10575842857361, 0.78377014398575, -2.0215744972229, -1.99992215633392, 0.78067803382874, -2.0660126209259, -1.97705841064453, 0.79580610990524, -2.07642483711243, -1.97334372997284, 0.82854622602463, -2.08075642585754, -1.98831570148468, 0.85786575078964, -2.08412384986877, -2.4670946598053, 0.85836523771286, -0.00864551216364, -2.47152733802795, 0.83897376060486, 0.07041312754154, -2.45057106018066, 0.83065724372864, 0.0818744674325, -2.42519164085388, 0.82298570871353, 0.07612603157759, -2.40525770187378, 0.81867927312851, 0.0607116445899, -2.11601662635803, 0.82890117168427, -2.0567798614502, -2.04119491577148, 0.80084908008575, -2.07292723655701, -2.0243775844574, 0.81679618358612, -2.0830545425415, -2.02137494087219, 0.84310638904572, -2.08895015716553, -2.02887606620789, 0.86750626564026, -2.09032583236694, 40.3303511808631, 173.480971936773, 162.448071747803, 158.69422710072, 158.733104537476, 4.69854518665972, 28.9778049689257, 23.8035405216692, 25.0374124876847, 23.8882468202084
0.09781265258789, 0.59282827377319, 0.16567039489746, 0.22531327605247, 0.91916328668594, 1.24365556240082, -2.15266680717468, 0.84711068868637, -2.09006190299988, -0.08591920137405, -1.28443396091461, 1.33089768886566, -2.31642723083496, 1.3702517747879, -1.93087208271027, -0.77334570884705, -0.27340713143349, 0.27133020758629, -2.39589667320251, 0.89360654354095, -0.02848982810974, 0.39414390921593, 1.30133926868439, -2.68597292900085, -2.14060640335083, 0.88946092128754, -2.11145973205566, 0.92249464988708, -1.02653622627258, 2.18995690345764, -2.52228450775146, 0.84457302093506, 0.00340868905187, -2.48649859428406, 0.81858599185944, 0.10937874019146, -2.46526026725769, 0.80739390850067, 0.12622174620628, -2.43532252311707, 0.79567086696625, 0.11780817806721, -2.41122531890869, 0.79509860277176, 0.09513371437788, -2.10067796707153, 0.79142212867737, -2.02096223831177, -1.9955221414566, 0.79033797979355, -2.06707787513733, -1.97308683395386, 0.80590093135834, -2.07777738571167, -1.96999883651733, 0.83871883153915, -2.08201146125793, -1.98551893234253, 0.86779302358627, -2.0850031375885, -2.4670946598053, 0.85836523771286, -0.00864551216364, -2.47152733802795, 0.83897376060486, 0.07041312754154, -2.45057106018066, 0.83065724372864, 0.0818744674325, -2.42519164085388, 0.82298570871353, 0.07612603157759, -2.40525770187378, 0.81867927312851, 0.0607116445899, -2.11225938796997, 0.83652859926224, -2.05578660964966, -2.03723645210266, 0.8098316192627, -2.07324504852295, -2.02085542678833, 0.82610893249512, -2.08356022834778, -2.01839470863342, 0.85249280929565, -2.08937740325928, -2.02633047103882, 0.87676692008972, -2.09051871299744, 41.0234514570793, 173.57447722651, 162.528654319631, 158.962680855859, 159.219468647894, 4.69854518665972, 28.9778049689257, 23.8035405216692, 25.0374124876847, 23.8882468202084
0.09250831604004, 0.5363130569458, 0.16433143615723, 0.2947963476181, 1.07812917232513, 1.28368496894836, -2.14973664283752, 0.85425823926926, -2.08839988708496, -0.06826262176037, -1.26866376399994, 1.33142566680908, -2.31724858283997, 1.37080776691437, -1.93018567562103, -0.76827698945999, -0.27969387173653, 0.27901628613472, -2.39589667320251, 0.89360654354095, -0.02848982810974, 0.39414390921593, 1.30133926868439, -2.68597292900085, -2.13885354995728, 0.90073299407959, -2.1105170249939, 0.97036802768707, -1.01144886016846, 2.17597317695618, -2.52228450775146, 0.84457302093506, 0.00340868905187, -2.48649859428406, 0.81858599185944, 0.10937874019146, -2.46526026725769, 0.80739390850067, 0.12622174620628, -2.43532252311707, 0.79567086696625, 0.11780817806721, -2.41122531890869, 0.79509860277176, 0.09513371437788, -2.09298872947693, 0.80142652988434, -2.02431774139404, -1.98914563655853, 0.80567800998688, -2.07314538955688, -1.9675829410553, 0.82238793373108, -2.083909034729, -1.9657951593399, 0.85541462898254, -2.08715176582336, -1.98242819309235, 0.88397651910782, -2.08879423141479, -2.4670946598053, 0.85836523771286, -0.00864551216364, -2.47152733802795, 0.83897376060486, 0.07041312754154, -2.45057106018066, 0.83065724372864, 0.0818744674325, -2.42519164085388, 0.82298570871353, 0.07612603157759, -2.40525770187378, 0.81867927312851, 0.0607116445899, -2.10712432861328, 0.84715169668198, -2.05734586715698, -2.03168678283691, 0.8238046169281, -2.07759547233582, -2.0161874294281, 0.8409925699234, -2.08779573440552, -2.01483726501465, 0.86761963367462, -2.09281325340271, -2.02367067337036, 0.89160841703415, -2.09295916557312, 41.0908039524848, 173.590965303167, 162.639207761536, 159.217405930765, 159.356222695456, 4.69854518665972, 28.9778049689257, 23.8035405216692, 25.0374124876847, 23.8882468202084
0.09091186523438, 0.50332832336426, 0.16264915466309, 0.33260375261307, 1.13897883892059, 1.22841441631317, -2.14608335494995, 0.86450725793839, -2.08838605880737, -0.023627365008, -1.24134755134583, 1.31226444244385, -2.31801271438599, 1.37127006053925, -1.9295300245285, -0.76394671201706, -0.28552263975143, 0.28659278154373, -2.39589667320251, 0.89360654354095, -0.02848982810974, 0.39414390921593, 1.30133926868439, -2.68597292900085, -2.13711643218994, 0.91088306903839, -2.10941791534424, 1.01219618320465, -0.99621504545212, 2.16461515426636, -2.52228450775146, 0.84457302093506, 0.00340868905187, -2.48649859428406, 0.81858599185944, 0.10937874019146, -2.46526026725769, 0.80739390850067, 0.12622174620628, -2.43532252311707, 0.79567086696625, 0.11780817806721, -2.41122531890869, 0.79509860277176, 0.09513371437788, -2.08598256111145, 0.81079179048538, -2.02718186378479, -1.98358750343323, 0.81972408294678, -2.07837820053101, -1.96284115314484, 0.83740884065628, -2.08918833732605, -1.96217966079712, 0.87055230140686, -2.09154462814331, -1.97974264621735, 0.8985967040062, -2.09197950363159, -2.4670946598053, 0.85836523771286, -0.00864551216364, -2.47152733802795, 0.83897376060486, 0.07041312754154, -2.45057106018066, 0.83065724372864, 0.0818744674325, -2.42519164085388, 0.82298570871353, 0.07612603157759, -2.40525770187378, 0.81867927312851, 0.0607116445899, -2.10238218307495, 0.85692173242569, -2.05855941772461, -2.02677845954895, 0.83658307790756, -2.0812828540802, -2.01209139823914, 0.8545343875885, -2.09136939048767, -2.01170969009399, 0.88131827116013, -2.09566831588745, -2.02129745483398, 0.90500450134277, -2.09492540359497, 41.2521056999238, 173.613532248184, 162.789868074248, 159.493222629828, 159.529627538105, 4.69854518665972, 28.9778049689257, 23.8035405216692, 25.0374124876847, 23.8882468202084
0.04967880249023, 0.83394384384155, 0.11892700195313, 2.30820727348328, 1.90319383144379, 2.62697219848633, -2.14263892173767, 0.87385207414627, -2.08814430236816, 0.01575696840882, -1.21654725074768, 1.29686522483826, -2.31875038146973, 1.37152433395386, -1.92886328697205, -0.75975978374481, -0.29148715734482, 0.29506433010101, -2.39589667320251, 0.89360654354095, -0.02848982810974, 0.39414390921593, 1.30133926868439, -2.68597292900085, -2.13373994827271, 0.92045152187347, -2.10930967330933, 1.08419489860535, -0.97447723150253, 2.15181064605713, -2.52228450775146, 0.84457302093506, 0.00340868905187, -2.48649859428406, 0.81858599185944, 0.10937874019146, -2.46526026725769, 0.80739390850067, 0.12622174620628, -2.43532252311707, 0.79567086696625, 0.11780817806721, -2.41122531890869, 0.79509860277176, 0.09513371437788, -2.07434105873108, 0.81991440057755, -2.03341674804688, -1.97440552711487, 0.83693593740463, -2.0873498916626, -1.95505630970001, 0.85623753070831, -2.09798383712769, -1.95632183551788, 0.8894362449646, -2.09883284568787, -1.97542369365692, 0.91642272472382, -2.0974235534668, -2.4670946598053, 0.85836523771286, -0.00864551216364, -2.47152733802795, 0.83897376060486, 0.07041312754154, -2.45057106018066, 0.83065724372864, 0.0818744674325, -2.42519164085388, 0.82298570871353, 0.07612603157759, -2.40525770187378, 0.81867927312851, 0.0607116445899, -2.09434294700623, 0.86637157201767, -2.06210684776306, -2.01854205131531, 0.85141038894653, -2.08811330795288, -2.00522947311401, 0.87059950828552, -2.09782147407532, -2.00648617744446, 0.89752507209778, -2.10089373588562, -2.01734685897827, 0.92056858539581, -2.0987606048584, 41.2744779845502, 173.626523267986, 162.985990126076, 159.859047561774, 159.662952830703, 4.69854518665972, 28.9778049689257, 23.8035405216692, 25.0374124876847, 23.8882468202084
0.05223655700684, 0.74509191513062, 0.13128662109375, 1.99542260169983, 1.78111588954926, 2.30003643035889, -2.1364643573761, 0.88226252794266, -2.08959817886353, 0.08472867310047, -1.18479514122009, 1.27521395683289, -2.31938862800598, 1.37169468402863, -1.92819690704346, -0.75664103031158, -0.29697653651237, 0.30379921197891, -2.39589667320251, 0.89360654354095, -0.02848982810974, 0.39414390921593, 1.30133926868439, -2.68597292900085, -2.13080310821533, 0.92938965559006, -2.10874795913696, 1.14094805717468, -0.95444339513779, 2.14334464073181, -2.52228450775146, 0.84457302093506, 0.00340868905187, -2.48649859428406, 0.81858599185944, 0.10937874019146, -2.46526026725769, 0.80739390850067, 0.12622174620628, -2.43532252311707, 0.79567086696625, 0.11780817806721, -2.41122531890869, 0.79509860277176, 0.09513371437788, -2.06490874290466, 0.82904613018036, -2.03814482688904, -1.96739029884338, 0.85240936279297, -2.09409046173096, -1.94921851158142, 0.87291955947876, -2.10453748703003, -1.95196664333344, 0.90603721141815, -2.10415625572205, -1.97218918800354, 0.93207216262817, -2.10126423835754, -2.4670946598053, 0.85836523771286, -0.00864551216364, -2.47152733802795, 0.83897376060486, 0.07041312754154, -2.45057106018066, 0.83065724372864, 0.0818744674325, -2.42519164085388, 0.82298570871353, 0.07612603157759, -2.40525770187378, 0.81867927312851, 0.0607116445899, -2.0877411365509, 0.87552672624588, -2.06459665298462, -2.01212453842163, 0.86490249633789, -2.09314846992493, -1.99994993209839, 0.88499683141708, -2.1025128364563, -2.00247645378113, 0.91192919015884, -2.10457873344421, -2.01427531242371, 0.9343729019165, -2.10132646560669, 41.3012079298671, 173.643147948425, 163.201455273633, 160.247371136846, 159.817096539892, 4.69854518665972, 28.9778049689257, 23.8035405216692, 25.0374124876847, 23.8882468202084
0.15990257263184, 0.69141340255737, 0.07280158996582, 3.24777126312256, 2.3631420135498, 4.06582736968994, -2.13128423690796, 0.89045435190201, -2.09035849571228, 0.1394951492548, -1.15889406204224, 1.25976824760437, -2.31998801231384, 1.37180256843567, -1.92758369445801, -0.75437694787979, -0.30179098248482, 0.31267794966698, -2.39589667320251, 0.89360654354095, -0.02848982810974, 0.39414390921593, 1.30133926868439, -2.68597292900085, -2.12680101394653, 0.93983286619186, -2.10916471481323, 1.20925903320313, -0.90922981500626, 2.167400598526, -2.52228450775146, 0.84457302093506, 0.00340868905187, -2.48649859428406, 0.81858599185944, 0.10937874019146, -2.46526026725769, 0.80739390850067, 0.12622174620628, -2.43532252311707, 0.79567086696625, 0.11780817806721, -2.41122531890869, 0.79509860277176, 0.09513371437788, -2.05333781242371, 0.84142744541168, -2.0434741973877, -1.95876431465149, 0.87247586250305, -2.10072326660156, -1.94211006164551, 0.89438050985336, -2.11086463928223, -1.94682800769806, 0.92724025249481, -2.10929846763611, -1.96849918365479, 0.95189189910889, -2.1050808429718, -2.4670946598053, 0.85836523771286, -0.00864551216364, -2.47152733802795, 0.83897376060486, 0.07041312754154, -2.45057106018066, 0.83065724372864, 0.0818744674325, -2.42519164085388, 0.82298570871353, 0.07612603157759, -2.40525770187378, 0.81867927312851, 0.0607116445899, -2.07954239845276, 0.88727343082428, -2.06782460212708, -2.00413131713867, 0.8821936249733, -2.09837484359741, -1.99341082572937, 0.90328413248062, -2.10731673240662, -1.99759566783905, 0.93006646633148, -2.10841107368469, -2.01063704490662, 0.95163488388062, -2.10414004325867, 41.3039434206297, 173.628667947385, 163.361472945509, 160.485621795475, 159.945258209478, 4.69854518665972, 28.9778049689257, 23.8035405216692, 25.0374124876847, 23.8882468202084
0.14065933227539, 0.63936567306519, 0.09939193725586, 2.55025553703308, 1.98880195617676, 3.2042407989502, -2.12450695037842, 0.90036189556122, -2.09210181236267, 0.20820179581642, -1.13687193393707, 1.25409936904907, -2.32054996490479, 1.3717086315155, -1.92704153060913, -0.75236064195633, -0.30531165003777, 0.32147291302681, -2.39589667320251, 0.89360654354095, -0.02848982810974, 0.39414390921593, 1.30133926868439, -2.68597292900085, -2.12327790260315, 0.94949573278427, -2.10909271240234, 1.26238894462585, -0.8644757270813, 2.19367170333862, -2.52228450775146, 0.84457302093506, 0.00340868905187, -2.48649859428406, 0.81858599185944, 0.10937874019146, -2.46526026725769, 0.80739390850067, 0.12622174620628, -2.43532252311707, 0.79567086696625, 0.11780817806721, -2.41122531890869, 0.79509860277176, 0.09513371437788, -2.04399943351746, 0.85294270515442, -2.04754495620728, -1.95216238498688, 0.88989055156708, -2.10573816299438, -1.93675303459167, 0.91281187534332, -2.11559653282166, -1.942955493927, 0.94536155462265, -2.11304259300232, -1.96565461158752, 0.96885025501251, -2.1077356338501, -2.4670946598053, 0.85836523771286, -0.00864551216364, -2.47152733802795, 0.83897376060486, 0.07041312754154, -2.45057106018066, 0.83065724372864, 0.0818744674325, -2.42519164085388, 0.82298570871353, 0.07612603157759, -2.40525770187378, 0.81867927312851, 0.0607116445899, -2.07279491424561, 0.89813661575317, -2.07012343406677, -1.99787330627441, 0.897405564785, -2.10225033760071, -1.98832750320435, 0.91920411586761, -2.11081790924072, -1.99377059936523, 0.94578033685684, -2.1110987663269, -2.00770688056946, 0.96659350395203, -2.10598945617676, 41.3066584208247, 173.612958512294, 163.496164275941, 160.719159623576, 160.074048256468, 4.69854518665972, 28.9778049689257, 23.8035405216692, 25.0374124876847, 23.8882468202084
0.25237655639648, 0.68331098556519, 0.01586151123047, 2.39737749099731, 1.65587663650513, 4.34657669067383, -2.11880707740784, 0.90973913669586, -2.09316229820251, 0.2618553340435, -1.11795997619629, 1.24971067905426, -2.32105040550232, 1.37143874168396, -1.92653405666351, -0.75065404176712, -0.30788287520409, 0.32982897758484, -2.39589667320251, 0.89360654354095, -0.02848982810974, 0.39414390921593, 1.30133926868439, -2.68597292900085, -2.12003350257874, 0.95868223905563, -2.1087212562561, 1.30712330341339, -0.81639075279236, 2.22486591339111, -2.52228450775146, 0.84457302093506, 0.00340868905187, -2.48649859428406, 0.81858599185944, 0.10937874019146, -2.46526026725769, 0.80739390850067, 0.12622174620628, -2.43532252311707, 0.79567086696625, 0.11780817806721, -2.41122531890869, 0.79509860277176, 0.09513371437788, -2.03592205047607, 0.86394155025482, -2.05088376998901, -1.94669258594513, 0.90580207109451, -2.10980272293091, -1.93237400054932, 0.92953240871429, -2.11938762664795, -1.93979156017303, 0.96174550056458, -2.11595582962036, -1.96328604221344, 0.98419404029846, -2.10969471931458, -2.4670946598053, 0.85836523771286, -0.00864551216364, -2.47152733802795, 0.83897376060486, 0.07041312754154, -2.45057106018066, 0.83065724372864, 0.0818744674325, -2.42519164085388, 0.82298570871353, 0.07612603157759, -2.40525770187378, 0.81867927312851, 0.0607116445899, -2.06687188148499, 0.908471763134, -2.07187533378601, -1.99258875846863, 0.9114288687706, -2.10533046722412, -1.98406076431274, 0.93377709388733, -2.11354780197144, -1.99053955078125, 0.9601177573204, -2.11310458183289, -2.00517868995667, 0.98024326562881, -2.10725903511047, 41.3093665908306, 173.595719114829, 163.590202320434, 160.984048019967, 160.211799511649, 4.69854518665972, 28.9778049689257, 23.8035405216692, 25.0374124876847, 23.8882468202084
0.22130584716797, 0.64445972442627, 0.04573059082031, 1.9346114397049, 1.43470561504364, 3.35724949836731, -2.11372137069702, 0.91877788305283, -2.09381628036499, 0.30731526017189, -1.10080420970917, 1.24616897106171, -2.32153558731079, 1.37094306945801, -1.92624175548553, -0.74958878755569, -0.30920246243477, 0.33730918169022, -2.39589667320251, 0.89360654354095, -0.02848982810974, 0.39414390921593, 1.30133926868439, -2.68597292900085, -2.11564826965332, 0.9661910533905, -2.11137866973877, 1.36343693733215, -0.68388158082962, 2.32935047149658, -2.52228450775146, 0.84457302093506, 0.00340868905187, -2.48649859428406, 0.81858599185944, 0.10937874019146, -2.46526026725769, 0.80739390850067, 0.12622174620628, -2.43532252311707, 0.79567086696625, 0.11780817806721, -2.41122531890869, 0.79509860277176, 0.09513371437788, -2.0246045589447, 0.87501382827759, -2.05852556228638, -1.93974912166595, 0.92323082685471, -2.11902570724487, -1.92708504199982, 0.9479523897171, -2.1284327507019, -1.93617510795593, 0.97960466146469, -2.12396264076233, -1.96067559719086, 1.00053548812866, -2.11642861366272, -2.4670946598053, 0.85836523771286, -0.00864551216364, -2.47152733802795, 0.83897376060486, 0.07041312754154, -2.45057106018066, 0.83065724372864, 0.0818744674325, -2.42519164085388, 0.82298570871353, 0.07612603157759, -2.40525770187378, 0.81867927312851, 0.0607116445899, -2.05863499641418, 0.91820776462555, -2.07743787765503, -1.98572385311127, 0.92614781856537, -2.11303091049194, -1.97871828079224, 0.94913029670715, -2.12093186378479, -1.98663830757141, 0.97504496574402, -2.11962532997131, -2.00218534469604, 0.99416720867157, -2.11283254623413, 41.3117059306214, 173.563644546487, 163.687901346322, 161.137372106456, 160.290674536184, 4.69854518665972, 28.9778049689257, 23.8035405216692, 25.0374124876847, 23.8882468202084
0.20359039306641, 0.61888647079468, 0.06427001953125, 1.67631185054779, 1.30650365352631, 2.82169151306152, -2.10665464401245, 0.9263659119606, -2.09768795967102, 0.36843812465668, -1.06833636760712, 1.25100564956665, -2.32183647155762, 1.37036418914795, -1.92601585388184, -0.74861168861389, -0.30862173438072, 0.34334152936935, -2.39589667320251, 0.89360654354095, -0.02848982810974, 0.39414390921593, 1.30133926868439, -2.68597292900085, -2.11166000366211, 0.97379344701767, -2.11308288574219, 1.40725946426392, -0.52194041013718, 2.46834278106689, -2.52228450775146, 0.84457302093506, 0.00340868905187, -2.48649859428406, 0.81858599185944, 0.10937874019146, -2.46526026725769, 0.80739390850067, 0.12622174620628, -2.43532252311707, 0.79567086696625, 0.11780817806721, -2.41122531890869, 0.79509860277176, 0.09513371437788, -2.01522278785706, 0.88582891225815, -2.06452584266663, -1.93424069881439, 0.93916296958923, -2.12603211402893, -1.92296350002289, 0.96463358402252, -2.13520240783691, -1.93336892127991, 0.99573248624802, -2.12981152534485, -1.95859587192535, 1.01534867286682, -2.12121272087097, -2.4670946598053, 0.85836523771286, -0.00864551216364, -2.47152733802795, 0.83897376060486, 0.07041312754154, -2.45057106018066, 0.83065724372864, 0.0818744674325, -2.42519164085388, 0.82298570871353, 0.07612603157759, -2.40525770187378, 0.81867927312851, 0.0607116445899, -2.05166292190552, 0.92779272794724, -2.08163189888, -1.98013091087341, 0.93983000516891, -2.11883687973022, -1.97438621520996, 0.96327126026154, -2.12640023231506, -1.98344314098358, 0.98875993490219, -2.12432646751404, -1.99966561794281, 1.00699853897095, -2.11673045158386, 41.3140145345608, 173.528318808099, 163.783633277729, 161.301583514481, 160.366380352945, 4.69854518665972, 28.9778049689257, 23.8035405216692, 25.0374124876847, 23.8882468202084
0.26006698608398, 0.44226408004761, -0.11300468444824, 1.76633429527283, 2.22169137001038, 4.04495763778687, -2.10051035881042, 0.93414825201035, -2.10050106048584, 0.41895121335983, -1.04140508174896, 1.25527822971344, -2.32204508781433, 1.36972498893738, -1.92587208747864, -0.74774581193924, -0.30776119232178, 0.3489770591259, -2.39589667320251, 0.89360654354095, -0.02848982810974, 0.39414390921593, 1.30133926868439, -2.68597292900085, -2.10807204246521, 0.98289287090302, -2.11472630500793, 1.4620236158371, -0.14550086855888, 2.81339740753174, -2.52228450775146, 0.84457302093506, 0.00340868905187, -2.48649859428406, 0.81858599185944, 0.10937874019146, -2.46526026725769, 0.80739390850067, 0.12622174620628, -2.43532252311707, 0.79567086696625, 0.11780817806721, -2.41122531890869, 0.79509860277176, 0.09513371437788, -2.00478482246399, 0.89947605133057, -2.07266569137573, -1.92944025993347, 0.95984613895416, -2.13482904434204, -1.92007088661194, 0.9862716794014, -2.14342713356018, -1.93215763568878, 1.01645708084106, -2.136554479599, -1.9582142829895, 1.03415489196777, -2.12640714645386, -2.4670946598053, 0.85836523771286, -0.00864551216364, -2.47152733802795, 0.83897376060486, 0.07041312754154, -2.45057106018066, 0.83065724372864, 0.0818744674325, -2.42519164085388, 0.82298570871353, 0.07612603157759, -2.40525770187378, 0.81867927312851, 0.0607116445899, -2.04430198669434, 0.93965625762939, -2.08699798583984, -1.97500169277191, 0.9574049115181, -2.1260929107666, -1.97097039222717, 0.98140609264374, -2.13297653198242, -1.98148703575134, 1.00619435310364, -2.12966799736023, -1.99851310253143, 1.023113489151, -2.12087202072144, 41.3290375356403, 173.528933525125, 163.948992157535, 161.790201587325, 160.422784055111, 4.69854518665972, 28.9778049689257, 23.8035405216692, 25.0374124876847, 23.8882468202084
0.24722671508789, 0.46875143051147, -0.06068229675293, 1.54731559753418, 1.82083988189697, 3.30419135093689, -2.0940842628479, 0.94360721111298, -2.1039867401123, 0.4902358353138, -1.00623273849487, 1.25705754756927, -2.32207751274109, 1.36900317668915, -1.92585062980652, -0.7479966878891, -0.30584189295769, 0.35452997684479, -2.39589667320251, 0.89360654354095, -0.02848982810974, 0.39414390921593, 1.30133926868439, -2.68597292900085, -2.10454154014587, 0.99149733781815, -2.11581611633301, 1.4839049577713, 0.40495473146439, -2.94353008270264, -2.52228450775146, 0.84457302093506, 0.00340868905187, -2.48649859428406, 0.81858599185944, 0.10937874019146, -2.46526026725769, 0.80739390850067, 0.12622174620628, -2.43532252311707, 0.79567086696625, 0.11780817806721, -2.41122531890869, 0.79509860277176, 0.09513371437788, -1.99632132053375, 0.91203361749649, -2.07880830764771, -1.92563319206238, 0.97759926319122, -2.14117765426636, -1.91776061058044, 1.00466561317444, -2.14926862716675, -1.93106913566589, 1.0340404510498, -2.14123845100403, -1.95764744281769, 1.05018818378448, -2.12992596626282, -2.4670946598053, 0.85836523771286, -0.00864551216364, -2.47152733802795, 0.83897376060486, 0.07041312754154, -2.45057106018066, 0.83065724372864, 0.0818744674325, -2.42519164085388, 0.82298570871353, 0.07612603157759, -2.40525770187378, 0.81867927312851, 0.0607116445899, -2.03806853294373, 0.95064157247543, -2.09097599983215, -1.9707738161087, 0.97274023294449, -2.13133692741394, -1.9680700302124, 0.99708360433578, -2.13764476776123, -1.97965264320374, 1.02124059200287, -2.13336873054504, -1.99721384048462, 1.03708052635193, -2.12366223335266, 41.3458227255256, 173.532157374413, 164.223647724439, 162.225216335564, 160.479338021438, 4.69854518665972, 28.9778049689257, 23.8035405216692, 25.0374124876847, 23.8882468202084
0.21073150634766, 0.5691990852356, -0.04288101196289, 2.57111120223999, 2.47491383552551, 4.44348812103271, -2.0884256362915, 0.95265382528305, -2.10655236244202, 0.54518926143646, -0.97794091701508, 1.26053428649902, -2.32196378707886, 1.36811757087708, -1.9259124994278, -0.74836444854736, -0.30311480164528, 0.36024141311646, -2.39589667320251, 0.89360654354095, -0.02848982810974, 0.39414390921593, 1.30133926868439, -2.68597292900085, -2.10103869438171, 0.99983721971512, -2.11657333374023, 1.47704315185547, 0.93262410163879, -2.43599891662598, -2.52228450775146, 0.84457302093506, 0.00340868905187, -2.48649859428406, 0.81858599185944, 0.10937874019146, -2.46526026725769, 0.80739390850067, 0.12622174620628, -2.43532252311707, 0.79567086696625, 0.11780817806721, -2.41122531890869, 0.79509860277176, 0.09513371437788, -1.98896551132202, 0.92394381761551, -2.08377885818481, -1.92233943939209, 0.99365925788879, -2.1461193561554, -1.9157235622406, 1.02119266986847, -2.1537458896637, -1.92999410629272, 1.04982578754425, -2.14474725723267, -1.95692586898804, 1.06464266777039, -2.13248872756958, -2.4670946598053, 0.85836523771286, -0.00864551216364, -2.47152733802795, 0.83897376060486, 0.07041312754154, -2.45057106018066, 0.83065724372864, 0.0818744674325, -2.42519164085388, 0.82298570871353, 0.07612603157759, -2.40525770187378, 0.81867927312851, 0.0607116445899, -2.03246474266052, 0.96111887693405, -2.09413695335388, -1.96702015399933, 0.9867839217186, -2.13541960716248, -1.96542024612427, 1.01135110855103, -2.14121532440186, -1.9778459072113, 1.03492486476898, -2.13612771034241, -1.99579393863678, 1.04982995986938, -2.12567687034607, 41.3643803495005, 173.537894733316, 164.532850388166, 162.599893192674, 160.418494696312, 4.69854518665972, 28.9778049689257, 23.8035405216692, 25.0374124876847, 23.8882468202084
0.22285079956055, 0.54926919937134, -0.02121734619141, 1.98200583457947, 1.9126124382019, 3.43149256706238, -2.08320069313049, 0.96146959066391, -2.10856819152832, 0.5908135175705, -0.95343285799026, 1.26497793197632, -2.32159185409546, 1.36729609966278, -1.92601275444031, -0.7498442530632, -0.29995074868202, 0.36598950624466, -2.39589667320251, 0.89360654354095, -0.02848982810974, 0.39414390921593, 1.30133926868439, -2.68597292900085, -2.09732031822205, 1.00520265102386, -2.12033867835999, 1.42848241329193, 1.43235576152802, -1.96848058700562, -2.52228450775146, 0.84457302093506, 0.00340868905187, -2.48649859428406, 0.81858599185944, 0.10937874019146, -2.46526026725769, 0.80739390850067, 0.12622174620628, -2.43532252311707, 0.79567086696625, 0.11780817806721, -2.41122531890869, 0.79509860277176, 0.09513371437788, -1.97952306270599, 0.93574863672256, -2.09396409988403, -1.91977822780609, 1.01156687736511, -2.1561553478241, -1.91521143913269, 1.03969776630402, -2.16307044029236, -1.93094313144684, 1.06704723834991, -2.1526300907135, -1.95830297470093, 1.07969224452972, -2.13896727561951, -2.4670946598053, 0.85836523771286, -0.00864551216364, -2.47152733802795, 0.83897376060486, 0.07041312754154, -2.45057106018066, 0.83065724372864, 0.0818744674325, -2.42519164085388, 0.82298570871353, 0.07612603157759, -2.40525770187378, 0.81867927312851, 0.0607116445899, -2.02565026283264, 0.97032970190048, -2.10157299041748, -1.96351289749146, 1.00147330760956, -2.1441752910614, -1.96369326114655, 1.02626264095306, -2.14919090270996, -1.97740411758423, 1.0488086938858, -2.14289045333862, -1.99587535858154, 1.06218159198761, -2.13133668899536, 41.4051463335617, 173.591976171164, 165.129344468761, 163.109753153837, 159.623487997679, 4.69854518665972, 28.9778049689257, 23.8035405216692, 25.0374124876847, 23.8882468202084
0.22983741760254, 0.53966045379639, -0.0077075958252, 1.64651966094971, 1.59182333946228, 2.85459780693054, -2.07679438591003, 0.96784073114395, -2.11424493789673, 0.66194611787796, -0.90934753417969, 1.28009414672852, -2.32106375694275, 1.36636972427368, -1.92628717422485, -0.75139993429184, -0.29700711369514, 0.37120950222015, -2.39589667320251, 0.89360654354095, -0.02848982810974, 0.39414390921593, 1.30133926868439, -2.68597292900085, -2.09358811378479, 1.01106572151184, -2.12313604354858, 1.37992250919342, 1.62434947490692, -1.80142045021057, -2.52228450775146, 0.84457302093506, 0.00340868905187, -2.48649859428406, 0.81858599185944, 0.10937874019146, -2.46526026725769, 0.80739390850067, 0.12622174620628, -2.43532252311707, 0.79567086696625, 0.11780817806721, -2.41122531890869, 0.79509860277176, 0.09513371437788, -1.97183227539063, 0.94693374633789, -2.10172820091248, -1.91763758659363, 1.02716100215912, -2.16347074508667, -1.91465282440186, 1.0556480884552, -2.16976380348206, -1.93141317367554, 1.08191096782684, -2.15819525718689, -1.95897114276886, 1.09283232688904, -2.14348411560059, -2.4670946598053, 0.85836523771286, -0.00864551216364, -2.47152733802795, 0.83897376060486, 0.07041312754154, -2.45057106018066, 0.83065724372864, 0.0818744674325, -2.42519164085388, 0.82298570871353, 0.07612603157759, -2.40525770187378, 0.81867927312851, 0.0607116445899, -2.01979684829712, 0.97935163974762, -2.10720014572144, -1.96047341823578, 1.01460492610931, -2.15060377120972, -1.96201121807098, 1.03947162628174, -2.15496015548706, -1.97663307189941, 1.0611424446106, -2.14770865440369, -1.99541091918945, 1.07328605651855, -2.13532185554504, 41.4502187518946, 173.654322137908, 165.667085262116, 163.54777318531, 158.919910211276, 4.69854518665972, 28.9778049689257, 23.8035405216692, 25.0374124876847, 23.8882468202084
0.24181938171387, 0.26819515228271, -0.19341087341309, 2.34854006767273, 2.53464078903198, 4.63623476028442, -2.07108926773071, 0.97463309764862, -2.11857199668884, 0.71655333042145, -0.87291222810745, 1.29463005065918, -2.32034850120544, 1.36538982391357, -1.92665839195251, -0.7528982758522, -0.29401499032974, 0.37613463401794, -2.39589667320251, 0.89360654354095, -0.02848982810974, 0.39414390921593, 1.30133926868439, -2.68597292900085, -2.09108376502991, 1.0158257484436, -2.12927651405334, 1.30499970912933, 1.67379832267761, -1.77281963825226, -2.52228450775146, 0.84457302093506, 0.00340868905187, -2.48649859428406, 0.81858599185944, 0.10937874019146, -2.46526026725769, 0.80739390850067, 0.12622174620628, -2.43532252311707, 0.79567086696625, 0.11780817806721, -2.41122531890869, 0.79509860277176, 0.09513371437788, -1.96447610855103, 0.96066761016846, -2.11128234863281, -1.91773569583893, 1.04540157318115, -2.17309737205505, -1.91700553894043, 1.07410216331482, -2.17907810211182, -1.93540418148041, 1.0989134311676, -2.16681575775146, -1.96336424350739, 1.10758900642395, -2.15138506889343, -2.4670946598053, 0.85836523771286, -0.00864551216364, -2.47152733802795, 0.83897376060486, 0.07041312754154, -2.45057106018066, 0.83065724372864, 0.0818744674325, -2.42519164085388, 0.82298570871353, 0.07612603157759, -2.40525770187378, 0.81867927312851, 0.0607116445899, -2.01481604576111, 0.98949605226517, -2.11531686782837, -1.9592319726944, 1.02955305576324, -2.15949583053589, -1.96270048618317, 1.05428540706635, -2.16349267959595, -1.97872221469879, 1.07472598552704, -2.1556510925293, -1.99807000160217, 1.08529889583588, -2.14271330833435, 41.4789636030166, 173.770052863204, 166.276064928515, 163.842932980103, 157.91178795016, 4.69854518665972, 28.9778049689257, 23.8035405216692, 25.0374124876847, 23.8882468202084
0.25546646118164, 0.33036661148071, -0.14419555664063, 1.84311628341675, 1.95719349384308, 3.56614851951599, -2.06585693359375, 0.98111379146576, -2.12566566467285, 0.78016942739487, -0.81406784057617, 1.34937369823456, -2.3194305896759, 1.36420381069183, -1.92710852622986, -0.75344479084015, -0.29033061861992, 0.38080680370331, -2.39589667320251, 0.89360654354095, -0.02848982810974, 0.39414390921593, 1.30133926868439, -2.68597292900085, -2.0882248878479, 1.02121889591217, -2.13410377502441, 1.24809849262238, 1.70891463756561, -1.75517022609711, -2.52228450775146, 0.84457302093506, 0.00340868905187, -2.48649859428406, 0.81858599185944, 0.10937874019146, -2.46526026725769, 0.80739390850067, 0.12622174620628, -2.43532252311707, 0.79567086696625, 0.11780817806721, -2.41122531890869, 0.79509860277176, 0.09513371437788, -1.95842838287354, 0.97302865982056, -2.11906170845032, -1.91763651371002, 1.06094467639923, -2.18064451217651, -1.91861796379089, 1.08970749378204, -2.18628001213074, -1.93814027309418, 1.11330902576447, -2.17338347434998, -1.96624958515167, 1.12023019790649, -2.15734910964966, -2.4670946598053, 0.85836523771286, -0.00864551216364, -2.47152733802795, 0.83897376060486, 0.07041312754154, -2.45057106018066, 0.83065724372864, 0.0818744674325, -2.42519164085388, 0.82298570871353, 0.07612603157759, -2.40525770187378, 0.81867927312851, 0.0607116445899, -2.01036286354065, 0.99903976917267, -2.12183737754822, -1.95792591571808, 1.04264521598816, -2.16650152206421, -1.96284079551697, 1.06718873977661, -2.17012810707092, -1.9798287153244, 1.08661019802094, -2.16174793243408, -1.99949240684509, 1.0959358215332, -2.14833617210388, 41.5088798315813, 173.938321403597, 166.82401002449, 164.119077528246, 157.079611362064, 4.69854518665972, 28.9778049689257, 23.8035405216692, 25.0374124876847, 23.8882468202084
0.23751068115234, 0.11897420883179, -0.38658142089844, 0.88674801588058, 1.55252885818481, 5.34130811691284, -2.06104016304016, 0.98793375492096, -2.13137578964233, 0.82822686433792, -0.76374959945679, 1.39392352104187, -2.3183434009552, 1.36306178569794, -1.92763543128967, -0.75448304414749, -0.28634211421013, 0.38469254970551, -2.39589667320251, 0.89360654354095, -0.02848982810974, 0.39414390921593, 1.30133926868439, -2.68597292900085, -2.08529424667358, 1.02533161640167, -2.1403124332428, 1.17889857292175, 1.68075561523438, -1.79819655418396, -2.52228450775146, 0.84457302093506, 0.00340868905187, -2.48649859428406, 0.81858599185944, 0.10937874019146, -2.46526026725769, 0.80739390850067, 0.12622174620628, -2.43532252311707, 0.79567086696625, 0.11780817806721, -2.41122531890869, 0.79509860277176, 0.09513371437788, -1.95225322246552, 0.98650419712067, -2.12659311294556, -1.91849827766418, 1.07665371894836, -2.18919730186462, -1.92157208919525, 1.10523700714111, -2.19499111175537, -1.94255435466766, 1.12749242782593, -2.18199419975281, -1.97088813781738, 1.13252580165863, -2.16565442085266, -2.4670946598053, 0.85836523771286, -0.00864551216364, -2.47152733802795, 0.83897376060486, 0.07041312754154, -2.45057106018066, 0.83065724372864, 0.0818744674325, -2.42519164085388, 0.82298570871353, 0.07612603157759, -2.40525770187378, 0.81867927312851, 0.0607116445899, -2.00592160224915, 1.00877416133881, -2.12887978553772, -1.95722579956055, 1.05565917491913, -2.17444801330566, -1.96390151977539, 1.07977056503296, -2.17815923690796, -1.9821150302887, 1.09800398349762, -2.16968488693237, -2.00222587585449, 1.10601282119751, -2.15608620643616, 41.5113728506283, 174.032195523549, 166.993740225365, 164.141904020453, 156.94567135244, 4.69854518665972, 28.9778049689257, 23.8035405216692, 25.0374124876847, 23.8882468202084
0.25397300720215, 0.23091888427734, -0.3065185546875, 0.85864555835724, 1.31138503551483, 4.02276992797852, -2.05580019950867, 0.99406266212463, -2.13772344589233, 0.87026405334473, -0.68675249814987, 1.48022043704987, -2.31699109077454, 1.36183047294617, -1.92818975448608, -0.75579398870468, -0.28209355473518, 0.38910385966301, -2.39589667320251, 0.89360654354095, -0.02848982810974, 0.39414390921593, 1.30133926868439, -2.68597292900085, -2.08213877677917, 1.03017604351044, -2.14549112319946, 1.12373507022858, 1.67553269863129, -1.81685543060303, -2.52228450775146, 0.84457302093506, 0.00340868905187, -2.48649859428406, 0.81858599185944, 0.10937874019146, -2.46526026725769, 0.80739390850067, 0.12622174620628, -2.43532252311707, 0.79567086696625, 0.11780817806721, -2.41122531890869, 0.79509860277176, 0.09513371437788, -1.94699144363403, 0.99883538484573, -2.1332995891571, -1.91904366016388, 1.0905989408493, -2.19641852378845, -1.92377090454102, 1.11895549297333, -2.20221304893494, -1.94580447673798, 1.1400351524353, -2.18899750709534, -1.97418022155762, 1.14351713657379, -2.17232942581177, -2.4670946598053, 0.85836523771286, -0.00864551216364, -2.47152733802795, 0.83897376060486, 0.07041312754154, -2.45057106018066, 0.83065724372864, 0.0818744674325, -2.42519164085388, 0.82298570871353, 0.07612603157759, -2.40525770187378, 0.81867927312851, 0.0607116445899, -2.00183868408203, 1.01808142662048, -2.13497877120972, -1.95636665821075, 1.06751215457916, -2.18118333816528, -1.96441686153412, 1.09120750427246, -2.18484663963318, -1.98351562023163, 1.10841643810272, -2.17618107795715, -2.00387930870056, 1.11532115936279, -2.16235518455505, 41.510635190198, 174.131861643918, 167.186802352444, 164.161820852072, 156.740752016962, 4.69854518665972, 28.9778049689257, 23.8035405216692, 25.0374124876847, 23.8882468202084
0.32224273681641, 0.03384733200073, -0.39169692993164, -0.45899742841721, 0.87613815069199, 5.07673788070679, -2.05092215538025, 1.00060105323792, -2.14321112632751, 0.90279573202133, -0.61949265003204, 1.55173897743225, -2.3154034614563, 1.3605363368988, -1.9287713766098, -0.75690943002701, -0.27769351005554, 0.39296028017998, -2.39589667320251, 0.89360654354095, -0.02848982810974, 0.39414390921593, 1.30133926868439, -2.68597292900085, -2.0788414478302, 1.03541576862335, -2.15003180503845, 1.07644534111023, 1.67854845523834, -1.82642996311188, -2.52228450775146, 0.84457302093506, 0.00340868905187, -2.48649859428406, 0.81858599185944, 0.10937874019146, -2.46526026725769, 0.80739390850067, 0.12622174620628, -2.43532252311707, 0.79567086696625, 0.11780817806721, -2.41122531890869, 0.79509860277176, 0.09513371437788, -1.94222700595856, 1.01052057743073, -2.13942956924438, -1.91939747333527, 1.10353398323059, -2.20277714729309, -1.92553186416626, 1.13163661956787, -2.20848941802979, -1.94838678836823, 1.1516410112381, -2.19500041007996, -1.97670125961304, 1.15376508235931, -2.17800283432007, -2.4670946598053, 0.85836523771286, -0.00864551216364, -2.47152733802795, 0.83897376060486, 0.07041312754154, -2.45057106018066, 0.83065724372864, 0.0818744674325, -2.42519164085388, 0.82298570871353, 0.07612603157759, -2.40525770187378, 0.81867927312851, 0.0607116445899, -1.99794173240662, 1.02714204788208, -2.14045763015747, -1.95540416240692, 1.07869505882263, -2.18713521957397, -1.96461164951324, 1.10198318958282, -2.19068264961243, -1.98440408706665, 1.11826241016388, -2.18178057670593, -2.00491142272949, 1.12418687343597, -2.1677143573761, 41.5067829635061, 174.237210481677, 167.42606387907, 164.182871495094, 156.43191818345, 4.69854518665972, 28.9778049689257, 23.8035405216692, 25.0374124876847, 23.8882468202084
0.32107543945313, 0.15843057632446, -0.32965850830078, -0.11859334260225, 0.8512334227562, 4.00770807266235, -2.04623198509216, 1.0073549747467, -2.14814043045044, 0.92973536252975, -0.55695217847824, 1.61599636077881, -2.31365060806274, 1.35913634300232, -1.92945003509521, -0.75786280632019, -0.27367329597473, 0.39734667539597, -2.39589667320251, 0.89360654354095, -0.02848982810974, 0.39414390921593, 1.30133926868439, -2.68597292900085, -2.07623791694641, 1.03869795799255, -2.15512323379517, 1.0264208316803, 1.6660521030426, -1.86235177516937, -2.52228450775146, 0.84457302093506, 0.00340868905187, -2.48649859428406, 0.81858599185944, 0.10937874019146, -2.46526026725769, 0.80739390850067, 0.12622174620628, -2.43532252311707, 0.79567086696625, 0.11780817806721, -2.41122531890869, 0.79509860277176, 0.09513371437788, -1.93834829330444, 1.02100217342377, -2.14681768417358, -1.92152094841003, 1.11422562599182, -2.21171641349792, -1.92920279502869, 1.1418981552124, -2.21765279769897, -1.95280909538269, 1.16087639331818, -2.20397639274597, -1.98087847232819, 1.16176497936249, -2.18647050857544, -2.4670946598053, 0.85836523771286, -0.00864551216364, -2.47152733802795, 0.83897376060486, 0.07041312754154, -2.45057106018066, 0.83065724372864, 0.0818744674325, -2.42519164085388, 0.82298570871353, 0.07612603157759, -2.40525770187378, 0.81867927312851, 0.0607116445899, -1.99485671520233, 1.03472173213959, -2.14698886871338, -1.95590317249298, 1.08777582645416, -2.19509124755859, -1.96636497974396, 1.11051094532013, -2.19874620437622, -1.98680520057678, 1.12586665153503, -2.18966865539551, -2.00732946395874, 1.1309130191803, -2.17528820037842, 41.4625233376844, 174.323134261435, 167.528735282673, 164.199482515156, 156.428339164325, 4.69854518665972, 28.9778049689257, 23.8035405216692, 25.0374124876847, 23.8882468202084
0.32147026062012, 0.22567892074585, -0.29129219055176, 0.05016927421093, 0.83147633075714, 3.41850209236145, -2.04219341278076, 1.01237845420837, -2.15351057052612, 0.94400608539581, -0.46864503622055, 1.70236909389496, -2.31170177459717, 1.35767388343811, -1.93020141124725, -0.75850337743759, -0.26871713995934, 0.40079817175865, -2.39589667320251, 0.89360654354095, -0.02848982810974, 0.39414390921593, 1.30133926868439, -2.68597292900085, -2.07330560684204, 1.04266571998596, -2.15971565246582, 0.9808189868927, 1.66322672367096, -1.88537788391113, -2.52228450775146, 0.84457302093506, 0.00340868905187, -2.48649859428406, 0.81858599185944, 0.10937874019146, -2.46526026725769, 0.80739390850067, 0.12622174620628, -2.43532252311707, 0.79567086696625, 0.11780817806721, -2.41122531890869, 0.79509860277176, 0.09513371437788, -1.93462336063385, 1.03146767616272, -2.15358948707581, -1.92322587966919, 1.12482213973999, -2.21947312355042, -1.93228542804718, 1.15205681324005, -2.22549152374268, -1.95652306079865, 1.17003214359283, -2.21156644821167, -1.98431253433228, 1.16976273059845, -2.19359970092773, -2.4670946598053, 0.85836523771286, -0.00864551216364, -2.47152733802795, 0.83897376060486, 0.07041312754154, -2.45057106018066, 0.83065724372864, 0.0818744674325, -2.42519164085388, 0.82298570871353, 0.07612603157759, -2.40525770187378, 0.81867927312851, 0.0607116445899, -1.99170506000519, 1.04254448413849, -2.1529176235199, -1.95606064796448, 1.09694421291351, -2.20207142829895, -1.96762931346893, 1.11913704872131, -2.20572447776794, -1.98861134052277, 1.13360214233398, -2.19642281532288, -2.00910973548889, 1.13781034946442, -2.18173909187317, 41.4104328999793, 174.410997814918, 167.632813705246, 164.213798591656, 156.41653659744, 4.69854518665972, 28.9778049689257, 23.8035405216692, 25.0374124876847, 23.8882468202084
0.26992034912109, 0.03507900238037, -0.27337074279785, -0.9122160077095, 1.34602439403534, 3.71289944648743, -2.0380494594574, 1.01797127723694, -2.15847301483154, 0.95603692531586, -0.38812312483788, 1.78093659877777, -2.3096125125885, 1.35609149932861, -1.93093061447144, -0.75910711288452, -0.2629477083683, 0.40340748429298, -2.39589667320251, 0.89360654354095, -0.02848982810974, 0.39414390921593, 1.30133926868439, -2.68597292900085, -2.06933093070984, 1.04460227489471, -2.16303300857544, 0.93978542089462, 1.69990146160126, -1.88157176971436, -2.52228450775146, 0.84457302093506, 0.00340868905187, -2.48649859428406, 0.81858599185944, 0.10937874019146, -2.46526026725769, 0.80739390850067, 0.12622174620628, -2.43532252311707, 0.79567086696625, 0.11780817806721, -2.41122531890869, 0.79509860277176, 0.09513371437788, -1.93018186092377, 1.0390123128891, -2.16162490844727, -1.92479109764099, 1.1331479549408, -2.22716164588928, -1.93514132499695, 1.16002762317657, -2.23267269134521, -1.95960295200348, 1.17691898345947, -2.21781373023987, -1.98673808574677, 1.17541241645813, -2.1989312171936, -2.4670946598053, 0.85836523771286, -0.00864551216364, -2.47152733802795, 0.83897376060486, 0.07041312754154, -2.45057106018066, 0.83065724372864, 0.0818744674325, -2.42519164085388, 0.82298570871353, 0.07612603157759, -2.40525770187378, 0.81867927312851, 0.0607116445899, -1.98760950565338, 1.04775619506836, -2.15896511077881, -1.95586800575256, 1.1038544178009, -2.20887923240662, -1.96844041347504, 1.12558031082153, -2.21197986602783, -1.98966467380524, 1.13912463188171, -2.20187616348267, -2.00981044769287, 1.14240789413452, -2.18648529052734, 41.3451465367977, 174.473794574147, 167.72898276876, 164.224153158438, 156.417875314517, 4.69854518665972, 28.9778049689257, 23.8035405216692, 25.0374124876847, 23.8882468202084
0.29642486572266, 0.11889696121216, -0.25646209716797, -0.57927685976028, 1.19512677192688, 3.35248136520386, -2.03308367729187, 1.02135384082794, -2.16315102577209, 0.9760799407959, -0.30264270305634, 1.84404540061951, -2.30732655525208, 1.35444688796997, -1.93167519569397, -0.76086950302124, -0.25688523054123, 0.40529608726501, -2.39589667320251, 0.89360654354095, -0.02848982810974, 0.39414390921593, 1.30133926868439, -2.68597292900085, -2.06544733047485, 1.04734182357788, -2.1663703918457, 0.90015679597855, 1.72784316539764, -1.88210833072662, -2.52228450775146, 0.84457302093506, 0.00340868905187, -2.48649859428406, 0.81858599185944, 0.10937874019146, -2.46526026725769, 0.80739390850067, 0.12622174620628, -2.43532252311707, 0.79567086696625, 0.11780817806721, -2.41122531890869, 0.79509860277176, 0.09513371437788, -1.92620241641998, 1.04722237586975, -2.16892671585083, -1.92637133598328, 1.14180874824524, -2.23403429985046, -1.93791937828064, 1.16828656196594, -2.23909282684326, -1.96259129047394, 1.18413174152374, -2.22344946861267, -1.98909819126129, 1.18146896362305, -2.20381736755371, -2.4670946598053, 0.85836523771286, -0.00864551216364, -2.47152733802795, 0.83897376060486, 0.07041312754154, -2.45057106018066, 0.83065724372864, 0.0818744674325, -2.42519164085388, 0.82298570871353, 0.07612603157759, -2.40525770187378, 0.81867927312851, 0.0607116445899, -1.98382961750031, 1.05368804931641, -2.16459441184998, -1.95574367046356, 1.11122870445251, -2.21505403518677, -1.96924078464508, 1.13245797157288, -2.21767044067383, -1.99068343639374, 1.14510858058929, -2.20689177513123, -2.01049613952637, 1.14752352237701, -2.19091892242432, 41.2356039628891, 174.534542276626, 167.82509719076, 164.232103498632, 156.414583163337, 4.69854518665972, 28.9778049689257, 23.8035405216692, 25.0374124876847, 23.8882468202084
0.3119945526123, 0.03650379180908, -0.15794563293457, 0.48272693157196, 2.41532969474792, 2.91861748695374, -2.02833533287048, 1.0255378484726, -2.16764903068542, 0.99136829376221, -0.21930143237114, 1.91006410121918, -2.30480456352234, 1.35262775421143, -1.93237400054932, -0.76277869939804, -0.25038161873817, 0.40704110264778, -2.39589667320251, 0.89360654354095, -0.02848982810974, 0.39414390921593, 1.30133926868439, -2.68597292900085, -2.06161618232727, 1.05058288574219, -2.16972208023071, 0.8615488409996, 1.75075876712799, -1.88515138626099, -2.52228450775146, 0.84457302093506, 0.00340868905187, -2.48649859428406, 0.81858599185944, 0.10937874019146, -2.46526026725769, 0.80739390850067, 0.12622174620628, -2.43532252311707, 0.79567086696625, 0.11780817806721, -2.41122531890869, 0.79509860277176, 0.09513371437788, -1.92257845401764, 1.05582535266876, -2.17578196525574, -1.92802095413208, 1.15060007572174, -2.24038648605347, -1.94069957733154, 1.17663502693176, -2.24501895904541, -1.96555614471436, 1.19145631790161, -2.22868013381958, -1.99143552780151, 1.18769669532776, -2.20840072631836, -2.4670946598053, 0.85836523771286, -0.00864551216364, -2.47152733802795, 0.83897376060486, 0.07041312754154, -2.45057106018066, 0.83065724372864, 0.0818744674325, -2.42519164085388, 0.82298570871353, 0.07612603157759, -2.40525770187378, 0.81867927312851, 0.0607116445899, -1.9802827835083, 1.06005370616913, -2.16996836662292, -1.95570981502533, 1.11883664131165, -2.22082781791687, -1.97007238864899, 1.13954198360443, -2.22299647331238, -1.99170386791229, 1.15131509304047, -2.21161794662476, -2.01118350028992, 1.1529016494751, -2.19513940811157, 41.0460286473808, 174.593336545001, 167.921156971247, 164.237690593373, 156.406810408061, 4.69854518665972, 28.9778049689257, 23.8035405216692, 25.0374124876847, 23.8882468202084
0.32265472412109, 0.09515190124512, -0.17238235473633, 0.38369745016098, 2.04233169555664, 2.82753825187683, -2.02374029159546, 1.03022658824921, -2.17204427719116, 1.00266623497009, -0.13682121038437, 1.97818243503571, -2.30213642120361, 1.35084283351898, -1.93308448791504, -0.76525390148163, -0.24405260384083, 0.40935519337654, -2.39589667320251, 0.89360654354095, -0.02848982810974, 0.39414390921593, 1.30133926868439, -2.68597292900085, -2.0578465461731, 1.0476325750351, -2.17494964599609, 0.8157005906105, 1.77043616771698, -1.89082515239716, -2.52228450775146, 0.84457302093506, 0.00340868905187, -2.48649859428406, 0.81858599185944, 0.10937874019146, -2.46526026725769, 0.80739390850067, 0.12622174620628, -2.43532252311707, 0.79567086696625, 0.11780817806721, -2.41122531890869, 0.79509860277176, 0.09513371437788, -1.91937875747681, 1.05926108360291, -2.1842839717865, -1.93069195747375, 1.15396916866302, -2.24822163581848, -1.94465363025665, 1.17941629886627, -2.25240898132324, -1.96976172924042, 1.19301247596741, -2.23540306091309, -1.99494850635529, 1.18798351287842, -2.21453499794006, -2.4670946598053, 0.85836523771286, -0.00864551216364, -2.47152733802795, 0.83897376060486, 0.07041312754154, -2.45057106018066, 0.83065724372864, 0.0818744674325, -2.42519164085388, 0.82298570871353, 0.07612603157759, -2.40525770187378, 0.81867927312851, 0.0607116445899, -1.97705984115601, 1.06081795692444, -2.177077293396, -1.95642411708832, 1.12088620662689, -2.22818422317505, -1.97176504135132, 1.1409215927124, -2.22989773750305, -1.99363231658936, 1.15164220333099, -2.21794390678406, -2.01276302337646, 1.15226316452026, -2.20099878311157, 40.7817139868796, 174.684956702528, 168.011452072075, 164.244384178759, 156.383355538452, 4.69854518665972, 28.9778049689257, 23.8035405216692, 25.0374124876847, 23.8882468202084
0.3303279876709, 0.13332939147949, -0.1819953918457, 0.32867741584778, 1.81855177879334, 2.76357555389404, -2.01914715766907, 1.02904200553894, -2.17828273773193, 1.01165163516998, -0.04150591790676, 2.06265306472778, -2.29922676086426, 1.3489762544632, -1.93376314640045, -0.76812374591827, -0.23682975769043, 0.41198629140854, -2.39589667320251, 0.89360654354095, -0.02848982810974, 0.39414390921593, 1.30133926868439, -2.68597292900085, -2.05405497550964, 1.04654061794281, -2.1797137260437, 0.77291560173035, 1.78815162181854, -1.89729654788971, -2.52228450775146, 0.84457302093506, 0.00340868905187, -2.48649859428406, 0.81858599185944, 0.10937874019146, -2.46526026725769, 0.80739390850067, 0.12622174620628, -2.43532252311707, 0.79567086696625, 0.11780817806721, -2.41122531890869, 0.79509860277176, 0.09513371437788, -1.91645455360413, 1.06412577629089, -2.19206643104553, -1.93323481082916, 1.15851354598999, -2.25527238845825, -1.94836151599884, 1.18335568904877, -2.25902390480042, -1.97364020347595, 1.19579696655273, -2.24139761924744, -1.99811494350433, 1.18961155414581, -2.21999979019165, -2.4670946598053, 0.85836523771286, -0.00864551216364, -2.47152733802795, 0.83897376060486, 0.07041312754154, -2.45057106018066, 0.83065724372864, 0.0818744674325, -2.42519164085388, 0.82298570871353, 0.07612603157759, -2.40525770187378, 0.81867927312851, 0.0607116445899, -1.97397351264954, 1.0631822347641, -2.18357181549072, -1.95707416534424, 1.1242800951004, -2.2348301410675, -1.97329187393188, 1.14364671707153, -2.23610424995422, -1.99532377719879, 1.15337371826172, -2.22361493110657, -2.01407909393311, 1.15310788154602, -2.20624589920044, 40.4903961734948, 174.781931728363, 168.101009512472, 164.249356556475, 156.354258932587, 4.69854518665972, 28.9778049689257, 23.8035405216692, 25.0374124876847, 23.8882468202084
0.35969924926758, -0.33002758026123, -0.32444000244141, 0.35459235310555, 1.7204772233963, 3.29345059394836, -2.01468086242676, 1.0296379327774, -2.18399715423584, 1.01590073108673, 0.04959587752819, 2.14365577697754, -2.29620885848999, 1.34698939323425, -1.9343456029892, -0.77009719610214, -0.2287891805172, 0.41385716199875, -2.39589667320251, 0.89360654354095, -0.02848982810974, 0.39414390921593, 1.30133926868439, -2.68597292900085, -2.04843521118164, 1.0430269241333, -2.18565678596497, 0.74340999126434, 1.87398052215576, -1.87071120738983, -2.52228450775146, 0.84457302093506, 0.00340868905187, -2.48649859428406, 0.81858599185944, 0.10937874019146, -2.46526026725769, 0.80739390850067, 0.12622174620628, -2.43532252311707, 0.79567086696625, 0.11780817806721, -2.41122531890869, 0.79509860277176, 0.09513371437788, -1.91242206096649, 1.06427419185638, -2.20674395561218, -1.93558037281036, 1.15980100631714, -2.26610660552979, -1.95148503780365, 1.18435382843018, -2.26816082000732, -1.97578597068787, 1.1957221031189, -2.24854683876038, -1.99860775470734, 1.1883989572525, -2.2257285118103, -2.4670946598053, 0.85836523771286, -0.00864551216364, -2.47152733802795, 0.83897376060486, 0.07041312754154, -2.45057106018066, 0.83065724372864, 0.0818744674325, -2.42519164085388, 0.82298570871353, 0.07612603157759, -2.40525770187378, 0.81867927312851, 0.0607116445899, -1.96919667720795, 1.06171119213104, -2.19443392753601, -1.95719826221466, 1.12448716163635, -2.245041847229, -1.97389912605286, 1.14347815513611, -2.24469995498657, -1.9952484369278, 1.15234363079071, -2.23050093650818, -2.01277232170105, 1.15117859840393, -2.21192479133606, 40.4308608295944, 174.849209091688, 168.179720612467, 164.253413688842, 156.320107986737, 4.69854518665972, 28.9778049689257, 23.8035405216692, 25.0374124876847, 23.8882468202084
0.36157035827637, -0.18560028076172, -0.29635620117188, 0.31819275021553, 1.60779643058777, 3.08155369758606, -2.0090696811676, 1.02720475196838, -2.19303035736084, 1.03954076766968, 0.16049621999264, 2.1942892074585, -2.29301524162292, 1.34506630897522, -1.93490886688232, -0.77282494306564, -0.22102783620358, 0.41591784358025, -2.39589667320251, 0.89360654354095, -0.02848982810974, 0.39414390921593, 1.30133926868439, -2.68597292900085, -2.04313087463379, 1.04102635383606, -2.19093084335327, 0.71307635307312, 1.93658339977264, -1.85646462440491, -2.52228450775146, 0.84457302093506, 0.00340868905187, -2.48649859428406, 0.81858599185944, 0.10937874019146, -2.46526026725769, 0.80739390850067, 0.12622174620628, -2.43532252311707, 0.79567086696625, 0.11780817806721, -2.41122531890869, 0.79509860277176, 0.09513371437788, -1.90900015830994, 1.06616270542145, -2.21873044967651, -1.93763613700867, 1.1621927022934, -2.27480053901672, -1.95422732830048, 1.18636417388916, -2.27550411224365, -1.97772002220154, 1.19672346115112, -2.25440311431885, -1.99910509586334, 1.18837714195251, -2.23056721687317, -2.4670946598053, 0.85836523771286, -0.00864551216364, -2.47152733802795, 0.83897376060486, 0.07041312754154, -2.45057106018066, 0.83065724372864, 0.0818744674325, -2.42519164085388, 0.82298570871353, 0.07612603157759, -2.40525770187378, 0.81867927312851, 0.0607116445899, -1.96495723724365, 1.06190526485443, -2.20349383354187, -1.95722389221191, 1.12593483924866, -2.25335741043091, -1.97434520721436, 1.14448058605194, -2.25174140930176, -1.99511861801147, 1.15251898765564, -2.23625421524048, -2.01159286499023, 1.15054547786713, -2.21680641174316, 40.3676235231639, 174.914874530368, 168.255672316038, 164.255954519213, 156.280766097118, 4.69854518665972, 28.9778049689257, 23.8035405216692, 25.0374124876847, 23.8882468202084
0.31353950500488, -0.25088739395142, -0.33240509033203, 1.88996696472168, 4.86258554458618, 1.6956444978714, -2.00383710861206, 1.02636575698853, -2.20069885253906, 1.05380666255951, 0.2634588778019, 2.25185489654541, -2.2895336151123, 1.34303903579712, -1.93537414073944, -0.77609622478485, -0.2128726541996, 0.41772884130478, -2.39589667320251, 0.89360654354095, -0.02848982810974, 0.39414390921593, 1.30133926868439, -2.68597292900085, -2.03873348236084, 1.03690850734711, -2.19661140441895, 0.67107456922531, 2.02584528923035, -1.82383298873901, -2.52228450775146, 0.84457302093506, 0.00340868905187, -2.48649859428406, 0.81858599185944, 0.10937874019146, -2.46526026725769, 0.80739390850067, 0.12622174620628, -2.43532252311707, 0.79567086696625, 0.11780817806721, -2.41122531890869, 0.79509860277176, 0.09513371437788, -1.9075676202774, 1.06709241867065, -2.23239064216614, -1.9425904750824, 1.16432797908783, -2.2824330329895, -1.95983958244324, 1.1880030632019, -2.28102540969849, -1.98209464550018, 1.19683122634888, -2.25797653198242, -2.00155234336853, 1.18693280220032, -2.23310565948486, -2.4670946598053, 0.85836523771286, -0.00864551216364, -2.47152733802795, 0.83897376060486, 0.07041312754154, -2.45057106018066, 0.83065724372864, 0.0818744674325, -2.42519164085388, 0.82298570871353, 0.07612603157759, -2.40525770187378, 0.81867927312851, 0.0607116445899, -1.96220576763153, 1.06058061122894, -2.21358275413513, -1.95966446399689, 1.12669789791107, -2.26120615005493, -1.97713005542755, 1.14464819431305, -2.25767946243286, -1.99699699878693, 1.15145695209503, -2.24050545692444, -2.0120325088501, 1.14824044704437, -2.2200825214386, 40.3223837651963, 174.967890458706, 168.315204244844, 164.239083951963, 156.246137038026, 4.69854518665972, 28.9778049689257, 23.8035405216692, 25.0374124876847, 23.8882468202084
0.33849906921387, -0.16591930389404, -0.29901695251465, 1.44039392471313, 3.82454133033752, 1.81185734272003, -1.9998232126236, 1.02381587028503, -2.20960903167725, 1.08208644390106, 0.40457037091255, 2.33478188514709, -2.28587627410889, 1.34098207950592, -1.93577027320862, -0.78026640415192, -0.20636041462421, 0.42086336016655, -2.39589667320251, 0.89360654354095, -0.02848982810974, 0.39414390921593, 1.30133926868439, -2.68597292900085, -2.03400135040283, 1.03397381305695, -2.20190191268921, 0.63588762283325, 2.08681726455688, -1.80686271190643, -2.52228450775146, 0.84457302093506, 0.00340868905187, -2.48649859428406, 0.81858599185944, 0.10937874019146, -2.46526026725769, 0.80739390850067, 0.12622174620628, -2.43532252311707, 0.79567086696625, 0.11780817806721, -2.41122531890869, 0.79509860277176, 0.09513371437788, -1.90559506416321, 1.06847643852234, -2.24333953857422, -1.94545590877533, 1.16613459587097, -2.2887225151062, -1.96317636966705, 1.18931341171265, -2.28576493263245, -1.98443412780762, 1.19692862033844, -2.26138043403625, -2.00235486030579, 1.18585169315338, -2.2358603477478, -2.4670946598053, 0.85836523771286, -0.00864551216364, -2.47152733802795, 0.83897376060486, 0.07041312754154, -2.45057106018066, 0.83065724372864, 0.0818744674325, -2.42519164085388, 0.82298570871353, 0.07612603157759, -2.40525770187378, 0.81867927312851, 0.0607116445899, -1.95903086662292, 1.06005322933197, -2.22200584411621, -1.96051406860352, 1.12750732898712, -2.26776266098022, -1.97820472717285, 1.14490127563477, -2.26284432411194, -1.99732887744904, 1.15072226524353, -2.24450349807739, -2.01122212409973, 1.1465585231781, -2.22345232963562, 40.2769834977832, 175.017709858512, 168.370037003501, 164.218156252347, 156.208174846619, 4.69854518665972, 28.9778049689257, 23.8035405216692, 25.0374124876847, 23.8882468202084
0.25179290771484, -0.28303098678589, -0.35073852539063, 2.86580157279968, 4.92623901367188, 2.05136322975159, -1.99549984931946, 1.02224409580231, -2.21721243858337, 1.09635043144226, 0.52197957038879, 2.41009521484375, -2.28212404251099, 1.33898234367371, -1.93616127967834, -0.78482609987259, -0.2005753070116, 0.42375254631042, -2.39589667320251, 0.89360654354095, -0.02848982810974, 0.39414390921593, 1.30133926868439, -2.68597292900085, -2.02910900115967, 1.03183162212372, -2.20699071884155, 0.60527467727661, 2.13284730911255, -1.79768824577332, -2.52228450775146, 0.84457302093506, 0.00340868905187, -2.48649859428406, 0.81858599185944, 0.10937874019146, -2.46526026725769, 0.80739390850067, 0.12622174620628, -2.43532252311707, 0.79567086696625, 0.11780817806721, -2.41122531890869, 0.79509860277176, 0.09513371437788, -1.90329539775848, 1.07015264034271, -2.2527961730957, -1.94711720943451, 1.1678329706192, -2.29431509971619, -1.96520698070526, 1.19053077697754, -2.29012107849121, -1.98561131954193, 1.19712769985199, -2.26473164558411, -2.00222492218018, 1.18509364128113, -2.23876452445984, -2.4670946598053, 0.85836523771286, -0.00864551216364, -2.47152733802795, 0.83897376060486, 0.07041312754154, -2.45057106018066, 0.83065724372864, 0.0818744674325, -2.42519164085388, 0.82298570871353, 0.07612603157759, -2.40525770187378, 0.81867927312851, 0.0607116445899, -1.95561540126801, 1.06004893779755, -2.22951507568359, -1.96045219898224, 1.12842643260956, -2.27364063262939, -1.97830486297607, 1.14530050754547, -2.26762008666992, -1.99678587913513, 1.15028381347656, -2.24839448928833, -2.00971126556396, 1.14534831047058, -2.22689819335938, 40.2313270982763, 175.064496654327, 168.42040281844, 164.193185080741, 156.166852202141, 4.69854518665972, 28.9778049689257, 23.8035405216692, 25.0374124876847, 23.8882468202084
0.30852699279785, -0.21761083602905, -0.33130645751953, 2.04061412811279, 3.64669179916382, 1.78805577754974, -1.99101769924164, 1.02132022380829, -2.22410607337952, 1.10278618335724, 0.62322837114334, 2.47805094718933, -2.27840256690979, 1.33700323104858, -1.9364960193634, -0.78750431537628, -0.19350306689739, 0.42639088630676, -2.39589667320251, 0.89360654354095, -0.02848982810974, 0.39414390921593, 1.30133926868439, -2.68597292900085, -2.02569818496704, 1.02847242355347, -2.20832991600037, 0.58763480186462, 2.21525073051453, -1.7803041934967, -2.52228450775146, 0.84457302093506, 0.00340868905187, -2.48649859428406, 0.81858599185944, 0.10937874019146, -2.46526026725769, 0.80739390850067, 0.12622174620628, -2.43532252311707, 0.79567086696625, 0.11780817806721, -2.41122531890869, 0.79509860277176, 0.09513371437788, -1.90375924110413, 1.06867325305939, -2.26227903366089, -1.95102429389954, 1.16691172122955, -2.29834628105164, -1.96888780593872, 1.18938362598419, -2.29235196113586, -1.98743045330048, 1.19528436660767, -2.26541090011597, -2.00204682350159, 1.18257355690002, -2.23857927322388, -2.4670946598053, 0.85836523771286, -0.00864551216364, -2.47152733802795, 0.83897376060486, 0.07041312754154, -2.45057106018066, 0.83065724372864, 0.0818744674325, -2.42519164085388, 0.82298570871353, 0.07612603157759, -2.40525770187378, 0.81867927312851, 0.0607116445899, -1.95419299602509, 1.05769491195679, -2.23549485206604, -1.96260273456573, 1.12697339057922, -2.27763414382935, -1.98006463050842, 1.14358520507813, -2.26996421813965, -1.99712789058685, 1.14801967144012, -2.24934411048889, -2.00843000411987, 1.14252853393555, -2.2270815372467, 40.1753878489739, 175.102144657032, 168.480508483136, 164.186833004813, 156.146607521441, 4.69854518665972, 28.9778049689257, 23.8035405216692, 25.0374124876847, 23.8882468202084
0.3372631072998, -0.1697301864624, -0.32354736328125, 1.59263181686401, 2.92961168289185, 1.61577701568604, -1.98889291286469, 1.01860594749451, -2.22838926315308, 1.11580801010132, 0.73340839147568, 2.51997709274292, -2.27463412284851, 1.33510184288025, -1.9369330406189, -0.78925544023514, -0.18490698933601, 0.4287782907486, -2.39589667320251, 0.89360654354095, -0.02848982810974, 0.39414390921593, 1.30133926868439, -2.68597292900085, -2.02157044410706, 1.02579998970032, -2.21048641204834, 0.56872600317001, 2.27695250511169, -1.77004611492157, -2.52228450775146, 0.84457302093506, 0.00340868905187, -2.48649859428406, 0.81858599185944, 0.10937874019146, -2.46526026725769, 0.80739390850067, 0.12622174620628, -2.43532252311707, 0.79567086696625, 0.11780817806721, -2.41122531890869, 0.79509860277176, 0.09513371437788, -1.90321409702301, 1.06818449497223, -2.27041149139404, -1.95329856872559, 1.16659200191498, -2.30192542076111, -1.97099578380585, 1.18877279758453, -2.29451990127563, -1.98804819583893, 1.19399690628052, -2.26647686958313, -2.00102162361145, 1.18065416812897, -2.23911285400391, -2.4670946598053, 0.85836523771286, -0.00864551216364, -2.47152733802795, 0.83897376060486, 0.07041312754154, -2.45057106018066, 0.83065724372864, 0.0818744674325, -2.42519164085388, 0.82298570871353, 0.07612603157759, -2.40525770187378, 0.81867927312851, 0.0607116445899, -1.95196509361267, 1.05622017383575, -2.24105763435364, -1.96334135532379, 1.12616956233978, -2.28135132789612, -1.98049163818359, 1.14246487617493, -2.27240562438965, -1.99640882015228, 1.14635300636292, -2.25078320503235, -2.00639390945435, 1.14034485816956, -2.22802996635437, 40.1179152222028, 175.136131678342, 168.538209921245, 164.179729608076, 156.126554086037, 4.69854518665972, 28.9778049689257, 23.8035405216692, 25.0374124876847, 23.8882468202084
0.10691070556641, -0.21280431747437, 0.04792785644531, 1.57369637489319, 5.22979164123535, 0.45857053995132, -1.98586344718933, 1.01666629314423, -2.2327561378479, 1.12234234809875, 0.83014088869095, 2.56514286994934, -2.27077054977417, 1.33314168453217, -1.93730854988098, -0.78967016935349, -0.17517855763435, 0.43011030554771, -2.39589667320251, 0.89360654354095, -0.02848982810974, 0.39414390921593, 1.30133926868439, -2.68597292900085, -2.02034258842468, 1.02361881732941, -2.21019196510315, 0.56600540876389, 2.31565070152283, -1.76757264137268, -2.52228450775146, 0.84457302093506, 0.00340868905187, -2.48649859428406, 0.81858599185944, 0.10937874019146, -2.46526026725769, 0.80739390850067, 0.12622174620628, -2.43532252311707, 0.79567086696625, 0.11780817806721, -2.41122531890869, 0.79509860277176, 0.09513371437788, -1.90433275699615, 1.06628859043121, -2.27435350418091, -1.95561742782593, 1.16476535797119, -2.30364179611206, -1.97303867340088, 1.18690860271454, -2.29550528526306, -1.98903453350067, 1.19202637672424, -2.26682734489441, -2.00096869468689, 1.17858278751373, -2.23904299736023, -2.4670946598053, 0.85836523771286, -0.00864551216364, -2.47152733802795, 0.83897376060486, 0.07041312754154, -2.45057106018066, 0.83065724372864, 0.0818744674325, -2.42519164085388, 0.82298570871353, 0.07612603157759, -2.40525770187378, 0.81867927312851, 0.0607116445899, -1.95194590091705, 1.05419099330902, -2.24323916435242, -1.96486079692841, 1.12426710128784, -2.28284358978271, -1.98167443275452, 1.1405200958252, -2.2732081413269, -1.99677491188049, 1.14432430267334, -2.25099325180054, -2.00589942932129, 1.13823270797729, -2.22790312767029, 39.5212947831076, 175.130353338304, 168.820296733966, 164.18142349499, 156.106295744959, 4.69854518665972, 28.9778049689257, 23.8035405216692, 25.0374124876847, 23.8882468202084
0.21289443969727, -0.18335151672363, -0.04300117492676, 1.33394598960876, 4.03849792480469, 0.67597711086273, -1.98548722267151, 1.01458537578583, -2.23381090164185, 1.12406873703003, 0.87367922067642, 2.57198643684387, -2.26692247390747, 1.33119690418243, -1.93767261505127, -0.79033887386322, -0.16526152193546, 0.43144103884697, -2.39589667320251, 0.89360654354095, -0.02848982810974, 0.39414390921593, 1.30133926868439, -2.68597292900085, -2.01814293861389, 1.02175354957581, -2.21092367172241, 0.55932712554932, 2.3514609336853, -1.76569724082947, -2.52228450775146, 0.84457302093506, 0.00340868905187, -2.48649859428406, 0.81858599185944, 0.10937874019146, -2.46526026725769, 0.80739390850067, 0.12622174620628, -2.43532252311707, 0.79567086696625, 0.11780817806721, -2.41122531890869, 0.79509860277176, 0.09513371437788, -1.90459275245667, 1.06523215770721, -2.27883291244507, -1.95722329616547, 1.16367697715759, -2.30574488639832, -1.97443103790283, 1.185706615448, -2.29687857627869, -1.98943722248077, 1.1905996799469, -2.26763224601746, -2.00034809112549, 1.17695236206055, -2.2395281791687, -2.4670946598053, 0.85836523771286, -0.00864551216364, -2.47152733802795, 0.83897376060486, 0.07041312754154, -2.45057106018066, 0.83065724372864, 0.0818744674325, -2.42519164085388, 0.82298570871353, 0.07612603157759, -2.40525770187378, 0.81867927312851, 0.0607116445899, -1.95104968547821, 1.05277526378632, -2.2461519241333, -1.9655898809433, 1.12302577495575, -2.28487396240234, -1.98211669921875, 1.13915908336639, -2.27456498146057, -1.9964485168457, 1.1427788734436, -2.2518162727356, -2.00474143028259, 1.13652086257935, -2.22845864295959, 38.980299404613, 175.115927978777, 169.091209357205, 164.183786740443, 156.086105705773, 4.69854518665972, 28.9778049689257, 23.8035405216692, 25.0374124876847, 23.8882468202084
0.01678848266602, -0.15249538421631, 0.13025665283203, 0.2424348294735, 2.69050431251526, 0.0469490326941, -1.98409831523895, 1.01298832893372, -2.23579335212708, 1.12473857402802, 0.92276233434677, 2.58781027793884, -2.26303100585938, 1.32915377616882, -1.9378879070282, -0.79068285226822, -0.15493281185627, 0.4319426715374, -2.39589667320251, 0.89360654354095, -0.02848982810974, 0.39414390921593, 1.30133926868439, -2.68597292900085, -2.01548361778259, 1.02011454105377, -2.2121479511261, 0.55022233724594, 2.38680100440979, -1.76435303688049, -2.52228450775146, 0.84457302093506, 0.00340868905187, -2.48649859428406, 0.81858599185944, 0.10937874019146, -2.46526026725769, 0.80739390850067, 0.12622174620628, -2.43532252311707, 0.79567086696625, 0.11780817806721, -2.41122531890869, 0.79509860277176, 0.09513371437788, -1.90459108352661, 1.06472456455231, -2.28362154960632, -1.95865404605865, 1.16306161880493, -2.30796575546265, -1.97566318511963, 1.18492877483368, -2.29834628105164, -1.98967337608337, 1.18952560424805, -2.26856255531311, -1.99953007698059, 1.17561411857605, -2.24019980430603, -2.4670946598053, 0.85836523771286, -0.00864551216364, -2.47152733802795, 0.83897376060486, 0.07041312754154, -2.45057106018066, 0.83065724372864, 0.0818744674325, -2.42519164085388, 0.82298570871353, 0.07612603157759, -2.40525770187378, 0.81867927312851, 0.0607116445899, -1.9498199224472, 1.0517692565918, -2.24944591522217, -1.96607255935669, 1.12221395969391, -2.28711986541748, -1.98231935501099, 1.13817858695984, -2.27612566947937, -1.99587380886078, 1.14155280590057, -2.25286865234375, -2.00331854820251, 1.13507950305939, -2.22928500175476, 38.5188005978681, 175.093156128084, 169.336426808787, 164.186833004813, 156.066011289235, 4.69854518665972, 28.9778049689257, 23.8035405216692, 25.0374124876847, 23.8882468202084
0.10612106323242, -0.13579702377319, 0.04191970825195, 0.41478604078293, 2.50635266304016, 0.26869413256645, -1.98227417469025, 1.01172208786011, -2.23824501037598, 1.1244957447052, 0.9765710234642, 2.6090681552887, -2.25900363922119, 1.32697129249573, -1.9379940032959, -0.79094338417053, -0.14410543441772, 0.43223604559898, -2.39589667320251, 0.89360654354095, -0.02848982810974, 0.39414390921593, 1.30133926868439, -2.68597292900085, -2.01239371299744, 1.01853835582733, -2.21372985839844, 0.53942704200745, 2.42252540588379, -1.76355123519897, -2.52228450775146, 0.84457302093506, 0.00340868905187, -2.48649859428406, 0.81858599185944, 0.10937874019146, -2.46526026725769, 0.80739390850067, 0.12622174620628, -2.43532252311707, 0.79567086696625, 0.11780817806721, -2.41122531890869, 0.79509860277176, 0.09513371437788, -1.90439224243164, 1.06450617313385, -2.28868532180786, -1.95992887020111, 1.16266751289368, -2.31026363372803, -1.97673141956329, 1.18433594703674, -2.2998628616333, -1.989710688591, 1.18858766555786, -2.26956534385681, -1.99846720695496, 1.17437267303467, -2.24099278450012, -2.4670946598053, 0.85836523771286, -0.00864551216364, -2.47152733802795, 0.83897376060486, 0.07041312754154, -2.45057106018066, 0.83065724372864, 0.0818744674325, -2.42519164085388, 0.82298570871353, 0.07612603157759, -2.40525770187378, 0.81867927312851, 0.0607116445899, -1.94829893112183, 1.05095481872559, -2.25304794311523, -1.96633672714233, 1.12159740924835, -2.28951978683472, -1.98228991031647, 1.13735747337341, -2.27782320976257, -1.9950362443924, 1.14044415950775, -2.25407433509827, -2.00160026550293, 1.13372337818146, -2.23029923439026, 38.101182341446, 175.062338314549, 169.564199957229, 164.190493986208, 156.046012495345, 4.69854518665972, 28.9778049689257, 23.8035405216692, 25.0374124876847, 23.8882468202084
0.1490364074707, -0.12345886230469, 0.00207710266113, 0.52666145563126, 2.4922137260437, 0.39837044477463, -1.98007237911224, 1.01059293746948, -2.24105286598206, 1.12332785129547, 1.03432130813599, 2.63395285606384, -2.2549090385437, 1.3247275352478, -1.93785357475281, -0.79118382930756, -0.1343078315258, 0.43197295069695, -2.39589667320251, 0.89360654354095, -0.02848982810974, 0.39414390921593, 1.30133926868439, -2.68597292900085, -2.01353788375854, 1.01834535598755, -2.21432328224182, 0.54849928617477, 2.41669249534607, -1.77597713470459, -2.52228450775146, 0.84457302093506, 0.00340868905187, -2.48649859428406, 0.81858599185944, 0.10937874019146, -2.46526026725769, 0.80739390850067, 0.12622174620628, -2.43532252311707, 0.79567086696625, 0.11780817806721, -2.41122531890869, 0.79509860277176, 0.09513371437788, -1.90567183494568, 1.06348538398743, -2.28997373580933, -1.96141612529755, 1.16122877597809, -2.31287384033203, -1.97825562953949, 1.18300569057465, -2.30276370048523, -1.99122560024261, 1.18765044212341, -2.27251982688904, -1.99993717670441, 1.17381489276886, -2.24374794960022, -2.4670946598053, 0.85836523771286, -0.00864551216364, -2.47152733802795, 0.83897376060486, 0.07041312754154, -2.45057106018066, 0.83065724372864, 0.0818744674325, -2.42519164085388, 0.82298570871353, 0.07612603157759, -2.40525770187378, 0.81867927312851, 0.0607116445899, -1.94953060150146, 1.05034160614014, -2.25412511825562, -1.96773016452789, 1.12043690681458, -2.29155993461609, -1.98370790481567, 1.13632571697235, -2.2800726890564, -1.99644637107849, 1.13971543312073, -2.25636100769043, -2.0029833316803, 1.13331127166748, -2.23249101638794, 37.3930522339612, 175.004609555684, 169.650260340771, 164.194141307225, 156.023308946544, 4.69854518665972, 28.9778049689257, 23.8035405216692, 25.0374124876847, 23.8882468202084
0.18628692626953, -0.12198257446289, -0.02404975891113, 0.60920631885529, 2.54407835006714, 0.48611944913864, -1.98121666908264, 1.01008665561676, -2.24155354499817, 1.11443376541138, 1.01270639896393, 2.60926175117493, -2.25083947181702, 1.32276153564453, -1.93759679794312, -0.7939915060997, -0.12662602961063, 0.43155625462532, -2.39589667320251, 0.89360654354095, -0.02848982810974, 0.39414390921593, 1.30133926868439, -2.68597292900085, -2.01597166061401, 1.01743543148041, -2.21574449539185, 0.54627388715744, 2.39011359214783, -1.80614483356476, -2.52228450775146, 0.84457302093506, 0.00340868905187, -2.48649859428406, 0.81858599185944, 0.10937874019146, -2.46526026725769, 0.80739390850067, 0.12622174620628, -2.43532252311707, 0.79567086696625, 0.11780817806721, -2.41122531890869, 0.79509860277176, 0.09513371437788, -1.9082236289978, 1.0636078119278, -2.29093861579895, -1.96570026874542, 1.15981161594391, -2.3159761428833, -1.98309242725372, 1.18139123916626, -2.30639219284058, -1.99648773670197, 1.18623793125153, -2.27636623382568, -2.00523138046265, 1.17267537117004, -2.24747443199158, -2.4670946598053, 0.85836523771286, -0.00864551216364, -2.47152733802795, 0.83897376060486, 0.07041312754154, -2.45057106018066, 0.83065724372864, 0.0818744674325, -2.42519164085388, 0.82298570871353, 0.07612603157759, -2.40525770187378, 0.81867927312851, 0.0607116445899, -1.95219719409943, 1.05012178421021, -2.25535893440247, -1.97141313552856, 1.11923515796661, -2.29408931732178, -1.98783838748932, 1.13496780395508, -2.28302621841431, -2.00090456008911, 1.13846278190613, -2.25950884819031, -2.00757193565369, 1.13229775428772, -2.23561215400696, 36.8219118155648, 174.924942229205, 169.706281552343, 164.182707570554, 155.987259208104, 4.69854518665972, 28.9778049689257, 23.8035405216692, 25.0374124876847, 23.8882468202084
-0.07637214660645, -0.04308271408081, 0.00793075561523, -0.99563723802567, 0.04278814792633, 0.14272867143154, -1.983189702034, 1.00942230224609, -2.24249315261841, 1.08867418766022, 0.99743378162384, 2.60433387756348, -2.2469630241394, 1.32078969478607, -1.9372273683548, -0.79768657684326, -0.12128486484289, 0.43216991424561, -2.39589667320251, 0.89360654354095, -0.02848982810974, 0.39414390921593, 1.30133926868439, -2.68597292900085, -2.01817536354065, 1.01615488529205, -2.21783399581909, 0.54040515422821, 2.36436080932617, -1.84153079986572, -2.52228450775146, 0.84457302093506, 0.00340868905187, -2.48649859428406, 0.81858599185944, 0.10937874019146, -2.46526026725769, 0.80739390850067, 0.12622174620628, -2.43532252311707, 0.79567086696625, 0.11780817806721, -2.41122531890869, 0.79509860277176, 0.09513371437788, -1.91108357906342, 1.06385469436646, -2.2930121421814, -1.97083497047424, 1.15810298919678, -2.3200798034668, -1.98885238170624, 1.17937982082367, -2.31098628044128, -2.00259852409363, 1.18437528610229, -2.2811439037323, -2.01120972633362, 1.17107236385345, -2.25209212303162, -2.4670946598053, 0.85836523771286, -0.00864551216364, -2.47152733802795, 0.83897376060486, 0.07041312754154, -2.45057106018066, 0.83065724372864, 0.0818744674325, -2.42519164085388, 0.82298570871353, 0.07612603157759, -2.40525770187378, 0.81867927312851, 0.0607116445899, -1.95496535301209, 1.04982399940491, -2.25752997398376, -1.97566437721252, 1.11776125431061, -2.29755544662476, -1.9925754070282, 1.13324356079102, -2.28687763214111, -2.00590753555298, 1.13678848743439, -2.26351761817932, -2.01259636878967, 1.13085043430328, -2.23956966400146, 36.3153576659599, 174.834319279297, 169.762753556401, 164.169634588483, 155.949228714806, 4.69854518665972, 28.9778049689257, 23.8035405216692, 25.0374124876847, 23.8882468202084
-0.08447456359863, -0.15922451019287, -0.08265495300293, -1.12962925434113, -0.78269129991531, 1.47905516624451, -1.98499286174774, 1.00855255126953, -2.24420619010925, 1.05782175064087, 0.99020338058472, 2.60459160804749, -2.24324655532837, 1.31884956359863, -1.93673717975616, -0.80093365907669, -0.11608309298754, 0.43429088592529, -2.39589667320251, 0.89360654354095, -0.02848982810974, 0.39414390921593, 1.30133926868439, -2.68597292900085, -2.01942706108093, 1.01475346088409, -2.22001647949219, 0.53232729434967, 2.34563755989075, -1.8738454580307, -2.52228450775146, 0.84457302093506, 0.00340868905187, -2.48649859428406, 0.81858599185944, 0.10937874019146, -2.46526026725769, 0.80739390850067, 0.12622174620628, -2.43532252311707, 0.79567086696625, 0.11780817806721, -2.41122531890869, 0.79509860277176, 0.09513371437788, -1.91339814662933, 1.0641006231308, -2.29563665390015, -1.97545170783997, 1.15641784667969, -2.32414102554321, -1.99402368068695, 1.17735576629639, -2.31538271903992, -2.00796294212341, 1.1824164390564, -2.28564119338989, -2.01630401611328, 1.16930544376373, -2.25642371177673, -2.4670946598053, 0.85836523771286, -0.00864551216364, -2.47152733802795, 0.83897376060486, 0.07041312754154, -2.45057106018066, 0.83065724372864, 0.0818744674325, -2.42519164085388, 0.82298570871353, 0.07612603157759, -2.40525770187378, 0.81867927312851, 0.0607116445899, -1.95699524879456, 1.04945778846741, -2.26005101203918, -1.9793119430542, 1.11628425121307, -2.30106472969055, -1.99663496017456, 1.13148021697998, -2.29063892364502, -2.01010823249817, 1.13501119613647, -2.26735782623291, -2.01670169830322, 1.12923955917358, -2.24334263801575, 35.8378488958006, 174.733177838068, 169.819662692566, 164.154990662902, 155.909272108161, 4.69854518665972, 28.9778049689257, 23.8035405216692, 25.0374124876847, 23.8882468202084
-0.05167007446289, -0.20251321792603, -0.1131420135498, -1.20470714569092, -0.53716468811035, 1.86706161499023, -1.98599994182587, 1.00762808322906, -2.24621224403381, 1.0289785861969, 0.9917756319046, 2.60896635055542, -2.2396879196167, 1.31712532043457, -1.93619585037231, -0.80532497167587, -0.1116769015789, 0.43539124727249, -2.39589667320251, 0.89360654354095, -0.02848982810974, 0.39414390921593, 1.30133926868439, -2.68597292900085, -2.01951503753662, 1.00993728637695, -2.22266483306885, 0.49243202805519, 2.32083964347839, -1.92579627037048, -2.52228450775146, 0.84457302093506, 0.00340868905187, -2.48649859428406, 0.81858599185944, 0.10937874019146, -2.46526026725769, 0.80739390850067, 0.12622174620628, -2.43532252311707, 0.79567086696625, 0.11780817806721, -2.41122531890869, 0.79509860277176, 0.09513371437788, -1.91668224334717, 1.06517052650452, -2.29862809181213, -1.98418533802032, 1.15344285964966, -2.32755756378174, -2.00397729873657, 1.17327260971069, -2.31889224052429, -2.01817989349365, 1.17764163017273, -2.28916549682617, -2.02570271492004, 1.16420578956604, -2.25987362861633, -2.4670946598053, 0.85836523771286, -0.00864551216364, -2.47152733802795, 0.83897376060486, 0.07041312754154, -2.45057106018066, 0.83065724372864, 0.0818744674325, -2.42519164085388, 0.82298570871353, 0.07612603157759, -2.40525770187378, 0.81867927312851, 0.0607116445899, -1.95930218696594, 1.04812061786652, -2.26293039321899, -1.98561525344849, 1.11327087879181, -2.30427074432373, -2.00381445884705, 1.12745273113251, -2.29390931129456, -2.01746320724487, 1.13028919696808, -2.27063536643982, -2.02368569374084, 1.12425720691681, -2.24658536911011, 35.3303692555632, 174.492072160366, 169.843472732012, 164.120388924567, 155.87397369053, 4.69854518665972, 28.9778049689257, 23.8035405216692, 25.0374124876847, 23.8882468202084
0.00909805297852, -0.20178365707397, -0.11127090454102, -1.00540804862976, -0.15908919274807, 1.8246476650238, -1.98573386669159, 1.00469648838043, -2.24885129928589, 0.97519141435623, 1.03531551361084, 2.65981101989746, -2.23607349395752, 1.31549596786499, -1.93559789657593, -0.80970394611359, -0.10700359940529, 0.4365419447422, -2.39589667320251, 0.89360654354095, -0.02848982810974, 0.39414390921593, 1.30133926868439, -2.68597292900085, -2.01913332939148, 1.00579714775085, -2.22531795501709, 0.45765841007233, 2.3059823513031, -1.96792423725128, -2.52228450775146, 0.84457302093506, 0.00340868905187, -2.48649859428406, 0.81858599185944, 0.10937874019146, -2.46526026725769, 0.80739390850067, 0.12622174620628, -2.43532252311707, 0.79567086696625, 0.11780817806721, -2.41122531890869, 0.79509860277176, 0.09513371437788, -1.91957557201386, 1.06587505340576, -2.30196380615234, -1.99161124229431, 1.15047371387482, -2.33093905448914, -2.01234984397888, 1.16930615901947, -2.32226300239563, -2.02662825584412, 1.17307114601135, -2.29249024391174, -2.0333309173584, 1.15939283370972, -2.26311135292053, -2.4670946598053, 0.85836523771286, -0.00864551216364, -2.47152733802795, 0.83897376060486, 0.07041312754154, -2.45057106018066, 0.83065724372864, 0.0818744674325, -2.42519164085388, 0.82298570871353, 0.07612603157759, -2.40525770187378, 0.81867927312851, 0.0607116445899, -1.96111750602722, 1.04682731628418, -2.26600670814514, -1.99089276790619, 1.11037909984589, -2.30748629570007, -2.00974583625793, 1.12365937232971, -2.29709911346436, -2.02342104911804, 1.12589490413666, -2.27377533912659, -2.02922439575195, 1.11965489387512, -2.24967360496521, 34.8393981825498, 174.205750630359, 169.863608129686, 164.082057902945, 155.837664404903, 4.69854518665972, 28.9778049689257, 23.8035405216692, 25.0374124876847, 23.8882468202084
0.22884178161621, -0.53360939025879, -0.16822814941406, -0.3740097284317, 0.04898073524237, 4.32779312133789, -1.98524236679077, 1.0021733045578, -2.25163555145264, 0.92889642715454, 1.07018184661865, 2.69717979431152, -2.23263311386108, 1.31409978866577, -1.93496656417847, -0.81384360790253, -0.10358694940805, 0.43890762329102, -2.39589667320251, 0.89360654354095, -0.02848982810974, 0.39414390921593, 1.30133926868439, -2.68597292900085, -2.0196487903595, 1.00175297260284, -2.22608470916748, 0.43127325177193, 2.30887961387634, -2.00948047637939, -2.52228450775146, 0.84457302093506, 0.00340868905187, -2.48649859428406, 0.81858599185944, 0.10937874019146, -2.46526026725769, 0.80739390850067, 0.12622174620628, -2.43532252311707, 0.79567086696625, 0.11780817806721, -2.41122531890869, 0.79509860277176, 0.09513371437788, -1.92447924613953, 1.06540334224701, -2.30537581443787, -2.00081491470337, 1.14639329910278, -2.33364391326904, -2.02219462394714, 1.16437196731567, -2.32471609115601, -2.03601312637329, 1.16780936717987, -2.29468774795532, -2.04149127006531, 1.15415573120117, -2.26504468917847, -2.4670946598053, 0.85836523771286, -0.00864551216364, -2.47152733802795, 0.83897376060486, 0.07041312754154, -2.45057106018066, 0.83065724372864, 0.0818744674325, -2.42519164085388, 0.82298570871353, 0.07612603157759, -2.40525770187378, 0.81867927312851, 0.0607116445899, -1.96437847614288, 1.04490041732788, -2.26837372779846, -1.99781835079193, 1.10661995410919, -2.30982756614685, -2.01703071594238, 1.1191543340683, -2.29917526245117, -2.03031063079834, 1.12102282047272, -2.27559232711792, -2.03533220291138, 1.11478424072266, -2.2513153553009, 34.712213230015, 173.546692016967, 169.854059525226, 164.048630957147, 155.820438667816, 4.69854518665972, 28.9778049689257, 23.8035405216692, 25.0374124876847, 23.8882468202084
0.22966575622559, -0.44468879699707, -0.16208267211914, -0.29450565576553, 0.3179170191288, 3.66885328292847, -1.98617684841156, 0.99936813116074, -2.25307178497314, 0.88458639383316, 1.10609447956085, 2.71640491485596, -2.22928977012634, 1.31297755241394, -1.93423461914063, -0.81742632389069, -0.10107656568289, 0.44157177209854, -2.39589667320251, 0.89360654354095, -0.02848982810974, 0.39414390921593, 1.30133926868439, -2.68597292900085, -2.0196578502655, 0.99821472167969, -2.22716593742371, 0.40774989128113, 2.31294894218445, -2.04469418525696, -2.52228450775146, 0.84457302093506, 0.00340868905187, -2.48649859428406, 0.81858599185944, 0.10937874019146, -2.46526026725769, 0.80739390850067, 0.12622174620628, -2.43532252311707, 0.79567086696625, 0.11780817806721, -2.41122531890869, 0.79509860277176, 0.09513371437788, -1.92851412296295, 1.06486988067627, -2.30868649482727, -2.00846266746521, 1.14258766174316, -2.33614134788513, -2.03036260604858, 1.15979242324829, -2.32695364952087, -2.0437548160553, 1.16293609142303, -2.29670071601868, -2.04815244674683, 1.14932417869568, -2.26685929298401, -2.4670946598053, 0.85836523771286, -0.00864551216364, -2.47152733802795, 0.83897376060486, 0.07041312754154, -2.45057106018066, 0.83065724372864, 0.0818744674325, -2.42519164085388, 0.82298570871353, 0.07612603157759, -2.40525770187378, 0.81867927312851, 0.0607116445899, -1.96689867973328, 1.04313325881958, -2.27079701423645, -2.00347828865051, 1.10315895080566, -2.31208634376526, -2.02296853065491, 1.11502242088318, -2.3011736869812, -2.03587865829468, 1.11656630039215, -2.27736306190491, -2.04020857810974, 1.11033713817596, -2.25295066833496, 34.5398465761205, 172.873576874262, 169.837667071218, 164.012813445139, 155.804865836508, 4.69854518665972, 28.9778049689257, 23.8035405216692, 25.0374124876847, 23.8882468202084
0.12333869934082, -0.42064332962036, 0.04095840454102, -0.72485685348511, 1.49486303329468, 3.22124457359314, -1.98661637306213, 0.99691385030746, -2.25475072860718, 0.84598451852798, 1.13610577583313, 2.73163461685181, -2.22623062133789, 1.31210041046143, -1.93348145484924, -0.82000571489334, -0.09807857125998, 0.44381058216095, -2.39589667320251, 0.89360654354095, -0.02848982810974, 0.39414390921593, 1.30133926868439, -2.68597292900085, -2.01889252662659, 0.99573361873627, -2.22843933105469, 0.40687268972397, 2.31817507743835, -2.05669617652893, -2.52228450775146, 0.84457302093506, 0.00340868905187, -2.48649859428406, 0.81858599185944, 0.10937874019146, -2.46526026725769, 0.80739390850067, 0.12622174620628, -2.43532252311707, 0.79567086696625, 0.11780817806721, -2.41122531890869, 0.79509860277176, 0.09513371437788, -1.92911076545715, 1.06250548362732, -2.311363697052, -2.00995945930481, 1.13936567306519, -2.33859658241272, -2.03190636634827, 1.15646171569824, -2.32931876182556, -2.04502201080322, 1.15972542762756, -2.29895758628845, -2.04901146888733, 1.14630401134491, -2.26897287368774, -2.4670946598053, 0.85836523771286, -0.00864551216364, -2.47152733802795, 0.83897376060486, 0.07041312754154, -2.45057106018066, 0.83065724372864, 0.0818744674325, -2.42519164085388, 0.82298570871353, 0.07612603157759, -2.40525770187378, 0.81867927312851, 0.0607116445899, -1.96693801879883, 1.04074621200562, -2.27293062210083, -2.00441455841064, 1.10016119480133, -2.31429862976074, -2.02389144897461, 1.11194884777069, -2.30328035354614, -2.03657627105713, 1.11356806755066, -2.27935385704041, -2.04061198234558, 1.10748851299286, -2.25485372543335, 34.4818548549725, 172.424983709954, 169.800469860998, 163.962925743442, 155.785918891751, 4.69854518665972, 28.9778049689257, 23.8035405216692, 25.0374124876847, 23.8882468202084
0.14519119262695, -0.35980653762817, 0.00115013122559, -0.56776684522629, 1.32563817501068, 2.81199193000793, -1.98611772060394, 0.99449145793915, -2.256343126297, 0.83547359704971, 1.14225971698761, 2.72649931907654, -2.22349619865417, 1.3114755153656, -1.93279612064362, -0.82147246599197, -0.09536994993687, 0.44644817709923, -2.39589667320251, 0.89360654354095, -0.02848982810974, 0.39414390921593, 1.30133926868439, -2.68597292900085, -2.01791048049927, 0.99322056770325, -2.23000597953796, 0.4035487473011, 2.32295989990234, -2.0694534778595, -2.52228450775146, 0.84457302093506, 0.00340868905187, -2.48649859428406, 0.81858599185944, 0.10937874019146, -2.46526026725769, 0.80739390850067, 0.12622174620628, -2.43532252311707, 0.79567086696625, 0.11780817806721, -2.41122531890869, 0.79509860277176, 0.09513371437788, -1.92964696884155, 1.06039249897003, -2.31422686576843, -2.01155710220337, 1.13623344898224, -2.3411431312561, -2.0335898399353, 1.15315937995911, -2.33175706863403, -2.04644107818604, 1.15647983551025, -2.30128931999207, -2.04999661445618, 1.14320874214172, -2.27118325233459, -2.4670946598053, 0.85836523771286, -0.00864551216364, -2.47152733802795, 0.83897376060486, 0.07041312754154, -2.45057106018066, 0.83065724372864, 0.0818744674325, -2.42519164085388, 0.82298570871353, 0.07612603157759, -2.40525770187378, 0.81867927312851, 0.0607116445899, -1.96686697006226, 1.03848648071289, -2.27528762817383, -2.0053653717041, 1.09724414348602, -2.3166561126709, -2.0248556137085, 1.10889875888824, -2.30552077293396, -2.03732204437256, 1.11053836345673, -2.28148102760315, -2.04105424880981, 1.10457336902618, -2.25690460205078, 34.4183272655022, 171.984313565083, 169.754215819939, 163.908284230081, 155.767532022505, 4.69854518665972, 28.9778049689257, 23.8035405216692, 25.0374124876847, 23.8882468202084
0.07856941223145, -0.20693778991699, -0.0351734161377, -0.54087692499161, 0.71913433074951, 0.58499962091446, -1.98539888858795, 0.99214142560959, -2.25822305679321, 0.82337552309036, 1.15047597885132, 2.72433304786682, -2.2208878993988, 1.31102657318115, -1.93220353126526, -0.82179963588715, -0.09091845154762, 0.44748789072037, -2.39589667320251, 0.89360654354095, -0.02848982810974, 0.39414390921593, 1.30133926868439, -2.68597292900085, -2.01676893234253, 0.99061858654022, -2.2317214012146, 0.39839726686478, 2.32806897163391, -2.08410143852234, -2.52228450775146, 0.84457302093506, 0.00340868905187, -2.48649859428406, 0.81858599185944, 0.10937874019146, -2.46526026725769, 0.80739390850067, 0.12622174620628, -2.43532252311707, 0.79567086696625, 0.11780817806721, -2.41122531890869, 0.79509860277176, 0.09513371437788, -1.93030118942261, 1.05839109420776, -2.31731295585632, -2.01347780227661, 1.13299155235291, -2.34380912780762, -2.03562641143799, 1.14968991279602, -2.33428978919983, -2.04819083213806, 1.1530374288559, -2.3037052154541, -2.05124831199646, 1.13991332054138, -2.27348041534424, -2.4670946598053, 0.85836523771286, -0.00864551216364, -2.47152733802795, 0.83897376060486, 0.07041312754154, -2.45057106018066, 0.83065724372864, 0.0818744674325, -2.42519164085388, 0.82298570871353, 0.07612603157759, -2.40525770187378, 0.81867927312851, 0.0607116445899, -1.9668105840683, 1.03625297546387, -2.27783608436584, -2.00651502609253, 1.09424233436584, -2.31914854049683, -2.02603435516357, 1.1057140827179, -2.30787467956543, -2.03826093673706, 1.10734510421753, -2.28371167182922, -2.04165005683899, 1.10148870944977, -2.2590594291687, 34.3502951662743, 171.505708549562, 169.699710910362, 163.849804150408, 155.749923794825, 4.69854518665972, 28.9778049689257, 23.8035405216692, 25.0374124876847, 23.8882468202084
0.10541725158691, -0.21252536773682, -0.06205558776855, -0.45402187108994, 0.70560318231583, 0.74940866231918, -1.98455214500427, 0.98978120088577, -2.26028275489807, 0.80894839763641, 1.16074967384338, 2.72357416152954, -2.21856665611267, 1.3106472492218, -1.9317467212677, -0.82030177116394, -0.08604682981968, 0.44677141308784, -2.39589667320251, 0.89360654354095, -0.02848982810974, 0.39414390921593, 1.30133926868439, -2.68597292900085, -2.01703476905823, 0.99072200059891, -2.23149991035461, 0.39781367778778, 2.3339536190033, -2.08438920974731, -2.52228450775146, 0.84457302093506, 0.00340868905187, -2.48649859428406, 0.81858599185944, 0.10937874019146, -2.46526026725769, 0.80739390850067, 0.12622174620628, -2.43532252311707, 0.79567086696625, 0.11780817806721, -2.41122531890869, 0.79509860277176, 0.09513371437788, -1.93112289905548, 1.05856478214264, -2.31759405136108, -2.01450181007385, 1.13312029838562, -2.34357523918152, -2.03660321235657, 1.14980316162109, -2.33391952514648, -2.04898595809937, 1.15313673019409, -2.30325961112976, -2.05185413360596, 1.14000451564789, -2.27301979064941, -2.4670946598053, 0.85836523771286, -0.00864551216364, -2.47152733802795, 0.83897376060486, 0.07041312754154, -2.45057106018066, 0.83065724372864, 0.0818744674325, -2.42519164085388, 0.82298570871353, 0.07612603157759, -2.40525770187378, 0.81867927312851, 0.0607116445899, -1.96738147735596, 1.03639626502991, -2.27790355682373, -2.00736808776855, 1.09437024593353, -2.31896495819092, -2.02682614326477, 1.10582768917084, -2.30757188796997, -2.03890872001648, 1.10744619369507, -2.28333568572998, -2.04214644432068, 1.10158276557922, -2.25866484642029, 34.3028629175832, 171.392245447069, 169.650451586068, 163.77917999439, 155.736659567456, 4.69854518665972, 28.9778049689257, 23.8035405216692, 25.0374124876847, 23.8882468202084
0.12812805175781, -0.22399234771729, -0.07070732116699, -0.45334115624428, 0.77958703041077, 0.93544268608093, -1.98498940467834, 0.98991006612778, -2.26025390625, 0.80847531557083, 1.16719889640808, 2.72420048713684, -2.21632695198059, 1.31032764911652, -1.93125832080841, -0.819220662117, -0.08003420382738, 0.44503900408745, -2.39589667320251, 0.89360654354095, -0.02848982810974, 0.39414390921593, 1.30133926868439, -2.68597292900085, -2.01717281341553, 0.99061995744705, -2.23132014274597, 0.39626348018646, 2.33965992927551, -2.0863025188446, -2.52228450775146, 0.84457302093506, 0.00340868905187, -2.48649859428406, 0.81858599185944, 0.10937874019146, -2.46526026725769, 0.80739390850067, 0.12622174620628, -2.43532252311707, 0.79567086696625, 0.11780817806721, -2.41122531890869, 0.79509860277176, 0.09513371437788, -1.93197667598724, 1.05864596366882, -2.31797909736633, -2.01569581031799, 1.13300085067749, -2.34343647956848, -2.03777360916138, 1.14963400363922, -2.33364176750183, -2.04996609687805, 1.15294480323792, -2.302903175354, -2.05260848999023, 1.13981211185455, -2.27264285087585, -2.4670946598053, 0.85836523771286, -0.00864551216364, -2.47152733802795, 0.83897376060486, 0.07041312754154, -2.45057106018066, 0.83065724372864, 0.0818744674325, -2.42519164085388, 0.82298570871353, 0.07612603157759, -2.40525770187378, 0.81867927312851, 0.0607116445899, -1.96792674064636, 1.03640079498291, -2.27805161476135, -2.00831270217896, 1.09427261352539, -2.31886529922485, -2.02772378921509, 1.10568690299988, -2.30734920501709, -2.03965377807617, 1.10728204250336, -2.28303599357605, -2.04271841049194, 1.10141599178314, -2.25834369659424, 34.2543412537194, 171.2706954006, 169.595099733034, 163.70388398898, 155.724611113761, 4.69854518665972, 28.9778049689257, 23.8035405216692, 25.0374124876847, 23.8882468202084
-0.02303695678711, 0.00631284713745, 0.02851295471191, 0.01470273546875, 0.43091523647308, 0.04422155022621, -1.98531174659729, 0.98987710475922, -2.2602801322937, 0.80624282360077, 1.1744077205658, 2.7252562046051, -2.21412897109985, 1.31011033058167, -1.93059432506561, -0.81910103559494, -0.07329804450274, 0.44260048866272, -2.39589667320251, 0.89360654354095, -0.02848982810974, 0.39414390921593, 1.30133926868439, -2.68597292900085, -2.01742815971375, 0.99060267210007, -2.23136472702026, 0.39575868844986, 2.34087944030762, -2.08506464958191, -2.52228450775146, 0.84457302093506, 0.00340868905187, -2.48649859428406, 0.81858599185944, 0.10937874019146, -2.46526026725769, 0.80739390850067, 0.12622174620628, -2.43532252311707, 0.79567086696625, 0.11780817806721, -2.41122531890869, 0.79509860277176, 0.09513371437788, -1.9322669506073, 1.05869340896606, -2.31800723075867, -2.01597285270691, 1.13311409950256, -2.34331512451172, -2.03803586959839, 1.14974534511566, -2.3334846496582, -2.05020427703857, 1.15302538871765, -2.3027331829071, -2.05282998085022, 1.1398583650589, -2.27248644828796, -2.4670946598053, 0.85836523771286, -0.00864551216364, -2.47152733802795, 0.83897376060486, 0.07041312754154, -2.45057106018066, 0.83065724372864, 0.0818744674325, -2.42519164085388, 0.82298570871353, 0.07612603157759, -2.40525770187378, 0.81867927312851, 0.0607116445899, -1.96819698810577, 1.036416888237, -2.27807903289795, -2.0085883140564, 1.09435403347015, -2.31879496574402, -2.02798581123352, 1.10576319694519, -2.30725121498108, -2.03989696502686, 1.10733497142792, -2.28292727470398, -2.04294586181641, 1.10144138336182, -2.25823950767517, 34.1902672491155, 171.153885505414, 169.535048709851, 163.644611607362, 155.711920622283, 4.69854518665972, 28.9778049689257, 23.8035405216692, 25.0374124876847, 23.8882468202084
-0.00642013549805, -0.01283168792725, 0.02832412719727, -0.01404336839914, 0.46256771683693, 0.16757807135582, -1.98558878898621, 0.98988002538681, -2.26034903526306, 0.80709272623062, 1.17610430717468, 2.72657799720764, -2.21208024024963, 1.30994021892548, -1.92997527122498, -0.82074165344238, -0.06792461872101, 0.43993777036667, -2.39589667320251, 0.89360654354095, -0.02848982810974, 0.39414390921593, 1.30133926868439, -2.68597292900085, -2.01765370368958, 0.9905127286911, -2.23146414756775, 0.39513418078423, 2.34191679954529, -2.08445525169373, -2.52228450775146, 0.84457302093506, 0.00340868905187, -2.48649859428406, 0.81858599185944, 0.10937874019146, -2.46526026725769, 0.80739390850067, 0.12622174620628, -2.43532252311707, 0.79567086696625, 0.11780817806721, -2.41122531890869, 0.79509860277176, 0.09513371437788, -1.9325658082962, 1.05868089199066, -2.31811785697937, -2.01629614830017, 1.13311815261841, -2.34329628944397, -2.03835225105286, 1.14973986148834, -2.33343410491943, -2.05049610137939, 1.15299344062805, -2.30267000198364, -2.05309700965881, 1.13980090618134, -2.27243232727051, -2.4670946598053, 0.85836523771286, -0.00864551216364, -2.47152733802795, 0.83897376060486, 0.07041312754154, -2.45057106018066, 0.83065724372864, 0.0818744674325, -2.42519164085388, 0.82298570871353, 0.07612603157759, -2.40525770187378, 0.81867927312851, 0.0607116445899, -1.96846258640289, 1.0363689661026, -2.27817940711975, -2.00888967514038, 1.09433782100677, -2.3188145160675, -2.02827882766724, 1.10573625564575, -2.30724549293518, -2.04017043113709, 1.10728693008423, -2.28291058540344, -2.04319930076599, 1.10137248039246, -2.258225440979, 34.1231811310877, 171.029862930465, 169.469506214576, 163.583781942614, 155.70009073464, 4.69854518665972, 28.9778049689257, 23.8035405216692, 25.0374124876847, 23.8882468202084
-0.02111434936523, 0.00099563598633, -0.00679779052734, 0.06860908865929, 0.04595955833793, -0.02444582991302, -1.98583769798279, 0.98981618881226, -2.26047468185425, 0.80736261606216, 1.17773807048798, 2.72772908210754, -2.21012473106384, 1.30976176261902, -1.92926323413849, -0.82255417108536, -0.06304701417685, 0.4351698756218, -2.39589667320251, 0.89360654354095, -0.02848982810974, 0.39414390921593, 1.30133926868439, -2.68597292900085, -2.01796245574951, 0.99029356241226, -2.2317042350769, 0.39410647749901, 2.34333205223084, -2.08402538299561, -2.52228450775146, 0.84457302093506, 0.00340868905187, -2.48649859428406, 0.81858599185944, 0.10937874019146, -2.46526026725769, 0.80739390850067, 0.12622174620628, -2.43532252311707, 0.79567086696625, 0.11780817806721, -2.41122531890869, 0.79509860277176, 0.09513371437788, -1.93301427364349, 1.05858755111694, -2.3183958530426, -2.01681017875671, 1.13301134109497, -2.34339499473572, -2.0388617515564, 1.14961302280426, -2.33348870277405, -2.05096864700317, 1.15283024311066, -2.30270624160767, -2.05352544784546, 1.1396062374115, -2.27247858047485, -2.4670946598053, 0.85836523771286, -0.00864551216364, -2.47152733802795, 0.83897376060486, 0.07041312754154, -2.45057106018066, 0.83065724372864, 0.0818744674325, -2.42519164085388, 0.82298570871353, 0.07612603157759, -2.40525770187378, 0.81867927312851, 0.0607116445899, -1.96885085105896, 1.03621912002563, -2.27843499183655, -2.00935530662537, 1.09421002864838, -2.31896138191223, -2.02873516082764, 1.10558795928955, -2.30735683441162, -2.04059720039368, 1.10710883140564, -2.28300547599792, -2.04359221458435, 1.10116827487946, -2.2583224773407, 34.044070465026, 170.870760503939, 169.398690813261, 163.521490617384, 155.68914877159, 4.69854518665972, 28.9778049689257, 23.8035405216692, 25.0374124876847, 23.8882468202084
-0.01687431335449, -0.005690574646, -0.00913238525391, 0.0739823281765, 0.06643353402615, -0.00148261175491, -1.98618245124817, 0.98964071273804, -2.26075506210327, 0.80731999874115, 1.18013834953308, 2.72932124137878, -2.20839881896973, 1.30960178375244, -1.92871987819672, -0.82412999868393, -0.05975916236639, 0.43024626374245, -2.39589667320251, 0.89360654354095, -0.02848982810974, 0.39414390921593, 1.30133926868439, -2.68597292900085, -2.01907849311829, 0.98839527368546, -2.2335262298584, 0.38625130057335, 2.33833074569702, -2.08383059501648, -2.52228450775146, 0.84457302093506, 0.00340868905187, -2.48649859428406, 0.81858599185944, 0.10937874019146, -2.46526026725769, 0.80739390850067, 0.12622174620628, -2.43532252311707, 0.79567086696625, 0.11780817806721, -2.41122531890869, 0.79509860277176, 0.09513371437788, -1.93407166004181, 1.05764079093933, -2.31940150260925, -2.01815009117126, 1.13174188137054, -2.34441113471985, -2.04034280776978, 1.14816617965698, -2.33452463150024, -2.05262279510498, 1.15114390850067, -2.30378675460815, -2.05525946617126, 1.13773667812347, -2.27364659309387, -2.4670946598053, 0.85836523771286, -0.00864551216364, -2.47152733802795, 0.83897376060486, 0.07041312754154, -2.45057106018066, 0.83065724372864, 0.0818744674325, -2.42519164085388, 0.82298570871353, 0.07612603157759, -2.40525770187378, 0.81867927312851, 0.0607116445899, -1.96998572349548, 1.03485178947449, -2.27974939346313, -2.01060461997986, 1.09284555912018, -2.32015681266785, -2.03010535240173, 1.10405135154724, -2.30858778953552, -2.04209876060486, 1.10537040233612, -2.28428912162781, -2.04518580436707, 1.09927499294281, -2.25965523719788, 33.8311529780292, 170.760302684682, 169.297658655058, 163.459732046908, 155.683261148525, 4.69854518665972, 28.9778049689257, 23.8035405216692, 25.0374124876847, 23.8882468202084
-0.02150917053223, -0.01572847366333, -0.01898574829102, 0.07366055250168, 0.09123451262712, 0.03286216780543, -1.98714864253998, 0.98808026313782, -2.2624180316925, 0.80434423685074, 1.18263852596283, 2.73982214927673, -2.20670413970947, 1.309406042099, -1.92828190326691, -0.82433766126633, -0.05688747018576, 0.42677527666092, -2.39589667320251, 0.89360654354095, -0.02848982810974, 0.39414390921593, 1.30133926868439, -2.68597292900085, -2.01996374130249, 0.98614758253098, -2.23593425750732, 0.3726432621479, 2.33002257347107, -2.08428478240967, -2.52228450775146, 0.84457302093506, 0.00340868905187, -2.48649859428406, 0.81858599185944, 0.10937874019146, -2.46526026725769, 0.80739390850067, 0.12622174620628, -2.43532252311707, 0.79567086696625, 0.11780817806721, -2.41122531890869, 0.79509860277176, 0.09513371437788, -1.93497252464294, 1.05702936649323, -2.32047986984253, -2.01959443092346, 1.13050413131714, -2.34550428390503, -2.04203224182129, 1.14661264419556, -2.33565139770508, -2.05459022521973, 1.14918529987335, -2.30498933792114, -2.05733442306519, 1.13547706604004, -2.27499461174011, -2.4670946598053, 0.85836523771286, -0.00864551216364, -2.47152733802795, 0.83897376060486, 0.07041312754154, -2.45057106018066, 0.83065724372864, 0.0818744674325, -2.42519164085388, 0.82298570871353, 0.07612603157759, -2.40525770187378, 0.81867927312851, 0.0607116445899, -1.97097301483154, 1.03351759910584, -2.28133106231689, -2.01185059547424, 1.09146583080292, -2.32154250144959, -2.03155732154846, 1.10236811637878, -2.3100323677063, -2.04375958442688, 1.10334384441376, -2.28582167625427, -2.04698395729065, 1.09699261188507, -2.26127028465271, 33.6123307924949, 170.648178299267, 169.188621515148, 163.396866985788, 155.678671261403, 4.69854518665972, 28.9778049689257, 23.8035405216692, 25.0374124876847, 23.8882468202084
-0.04990196228027, -0.142822265625, -0.16774749755859, 0.40292096138, -0.36430335044861, 0.39662358164787, -1.9877997636795, 0.9864187836647, -2.26456546783447, 0.79839158058167, 1.18714070320129, 2.75742173194885, -2.20524120330811, 1.30908370018005, -1.92795896530151, -0.82266253232956, -0.05423522368073, 0.42463120818138, -2.39589667320251, 0.89360654354095, -0.02848982810974, 0.39414390921593, 1.30133926868439, -2.68597292900085, -2.02042508125305, 0.98028546571732, -2.23983812332153, 0.3350285589695, 2.29794406890869, -2.09229922294617, -2.52228450775146, 0.84457302093506, 0.00340868905187, -2.48649859428406, 0.81858599185944, 0.10937874019146, -2.46526026725769, 0.80739390850067, 0.12622174620628, -2.43532252311707, 0.79567086696625, 0.11780817806721, -2.41122531890869, 0.79509860277176, 0.09513371437788, -1.93541121482849, 1.05559933185577, -2.32043671607971, -2.02165579795837, 1.12678182125092, -2.34652400016785, -2.0448899269104, 1.14194881916046, -2.33702850341797, -2.0584089756012, 1.14348649978638, -2.30670762062073, -2.0615656375885, 1.1290876865387, -2.27707934379578, -2.4670946598053, 0.85836523771286, -0.00864551216364, -2.47152733802795, 0.83897376060486, 0.07041312754154, -2.45057106018066, 0.83065724372864, 0.0818744674325, -2.42519164085388, 0.82298570871353, 0.07612603157759, -2.40525770187378, 0.81867927312851, 0.0607116445899, -1.97173321247101, 1.03013741970062, -2.28283548355103, -2.0133228302002, 1.08753514289856, -2.32310628890991, -2.03370428085327, 1.0975546836853, -2.31197500228882, -2.04662823677063, 1.09763979911804, -2.28812193870544, -2.05035042762756, 1.09068787097931, -2.26380467414856, 33.1790714028735, 170.544892178638, 168.938117497149, 163.317882678225, 155.661568467721, 4.69854518665972, 28.9778049689257, 23.8035405216692, 25.0374124876847, 23.8882468202084
-0.00866889953613, -0.17354965209961, -0.23232650756836, 0.65568190813065, -0.58628165721893, 0.72905826568604, -1.98747193813324, 0.98218494653702, -2.267493724823, 0.77541810274124, 1.18865883350372, 2.80093479156494, -2.20397424697876, 1.30868983268738, -1.92772650718689, -0.82121306657791, -0.05070478096604, 0.42204183340073, -2.39589667320251, 0.89360654354095, -0.02848982810974, 0.39414390921593, 1.30133926868439, -2.68597292900085, -2.02042698860168, 0.9753782749176, -2.24334621429443, 0.30029574036598, 2.26964831352234, -2.09946727752686, -2.52228450775146, 0.84457302093506, 0.00340868905187, -2.48649859428406, 0.81858599185944, 0.10937874019146, -2.46526026725769, 0.80739390850067, 0.12622174620628, -2.43532252311707, 0.79567086696625, 0.11780817806721, -2.41122531890869, 0.79509860277176, 0.09513371437788, -1.93573534488678, 1.05468475818634, -2.32037544250488, -2.02344036102295, 1.1236617565155, -2.34749746322632, -2.04736971855164, 1.13794040679932, -2.33835792541504, -2.06170678138733, 1.13852024078369, -2.30838131904602, -2.06517910957336, 1.12350189685822, -2.27909779548645, -2.4670946598053, 0.85836523771286, -0.00864551216364, -2.47152733802795, 0.83897376060486, 0.07041312754154, -2.45057106018066, 0.83065724372864, 0.0818744674325, -2.42519164085388, 0.82298570871353, 0.07612603157759, -2.40525770187378, 0.81867927312851, 0.0607116445899, -1.9722090959549, 1.02745592594147, -2.2841854095459, -2.01450324058533, 1.08427309989929, -2.32454562187195, -2.03546500205994, 1.09346497058868, -2.31378436088562, -2.04899597167969, 1.09272754192352, -2.29028177261353, -2.0531268119812, 1.08522963523865, -2.26619386672974, 32.7978204886871, 170.441455793847, 168.547580940786, 163.235865766672, 155.643878277771, 4.69854518665972, 28.9778049689257, 23.8035405216692, 25.0374124876847, 23.8882468202084
0.15257263183594, -0.46498775482178, -0.43229484558105, 1.43424165248871, -2.10961961746216, 2.36077976226807, -1.98684644699097, 0.97877806425095, -2.27008843421936, 0.75344830751419, 1.18921864032745, 2.83938550949097, -2.20273780822754, 1.3081796169281, -1.92745459079742, -0.81981098651886, -0.046386025846, 0.41993108391762, -2.39589667320251, 0.89360654354095, -0.02848982810974, 0.39414390921593, 1.30133926868439, -2.68597292900085, -2.01890301704407, 0.96569603681564, -2.24845695495605, 0.22806262969971, 2.21092343330383, -2.11008620262146, -2.52228450775146, 0.84457302093506, 0.00340868905187, -2.48649859428406, 0.81858599185944, 0.10937874019146, -2.46526026725769, 0.80739390850067, 0.12622174620628, -2.43532252311707, 0.79567086696625, 0.11780817806721, -2.41122531890869, 0.79509860277176, 0.09513371437788, -1.93537080287933, 1.05299913883209, -2.31771183013916, -2.02569270133972, 1.11740839481354, -2.34735989570618, -2.050950050354, 1.12981605529785, -2.33910536766052, -2.06691265106201, 1.12835288047791, -2.30999302864075, -2.07101392745972, 1.11203217506409, -2.28149843215942, -2.4670946598053, 0.85836523771286, -0.00864551216364, -2.47152733802795, 0.83897376060486, 0.07041312754154, -2.45057106018066, 0.83065724372864, 0.0818744674325, -2.42519164085388, 0.82298570871353, 0.07612603157759, -2.40525770187378, 0.81867927312851, 0.0607116445899, -1.97195303440094, 1.02219188213348, -2.28463435173035, -2.0155234336853, 1.07779407501221, -2.32532787322998, -2.03758716583252, 1.08524978160858, -2.31546401977539, -2.05230832099915, 1.08277189731598, -2.29281115531921, -2.0572624206543, 1.07411098480225, -2.26927495002747, 32.1363542336118, 170.294388160638, 167.2691334527, 163.063635716561, 155.577584461687, 4.69854518665972, 28.9778049689257, 23.8035405216692, 25.0374124876847, 23.8882468202084
0.17705154418945, -0.38687753677368, -0.3823413848877, 1.26482534408569, -1.87570738792419, 2.212162733078, -1.98419654369354, 0.97219479084015, -2.27310609817505, 0.70876866579056, 1.18504512310028, 2.91689038276672, -2.20166730880737, 1.30759716033936, -1.92742323875427, -0.82006144523621, -0.04329918324947, 0.41862255334854, -2.39589667320251, 0.89360654354095, -0.02848982810974, 0.39414390921593, 1.30133926868439, -2.68597292900085, -2.01765608787537, 0.9582314491272, -2.25244116783142, 0.17266169190407, 2.16783595085144, -2.11603188514709, -2.52228450775146, 0.84457302093506, 0.00340868905187, -2.48649859428406, 0.81858599185944, 0.10937874019146, -2.46526026725769, 0.80739390850067, 0.12622174620628, -2.43532252311707, 0.79567086696625, 0.11780817806721, -2.41122531890869, 0.79509860277176, 0.09513371437788, -1.9357248544693, 1.05136585235596, -2.31575751304626, -2.02779912948608, 1.11218953132629, -2.34751272201538, -2.05395340919495, 1.12313377857208, -2.34001564979553, -2.07101082801819, 1.12008213996887, -2.3116569519043, -2.07547688484192, 1.10278177261353, -2.28380227088928, -2.4670946598053, 0.85836523771286, -0.00864551216364, -2.47152733802795, 0.83897376060486, 0.07041312754154, -2.45057106018066, 0.83065724372864, 0.0818744674325, -2.42519164085388, 0.82298570871353, 0.07612603157759, -2.40525770187378, 0.81867927312851, 0.0607116445899, -1.97208344936371, 1.01791536808014, -2.28508853912354, -2.01661539077759, 1.07249867916107, -2.3261194229126, -2.03940582275391, 1.07860600948334, -2.31700968742371, -2.05490851402283, 1.07478392124176, -2.29507637023926, -2.06039714813232, 1.06523132324219, -2.27200818061829, 31.6247457440212, 170.132949809416, 166.233089378257, 162.79684852758, 155.423044601526, 4.69854518665972, 28.9778049689257, 23.8035405216692, 25.0374124876847, 23.8882468202084
0.49007606506348, -0.74015235900879, -0.62826347351074, 2.64904713630676, -4.02670192718506, 4.53688383102417, -1.98232412338257, 0.96708220243454, -2.2754123210907, 0.67423361539841, 1.17934596538544, 2.97364687919617, -2.20062398910522, 1.30703699588776, -1.92733597755432, -0.82017630338669, -0.03908956795931, 0.41596207022667, -2.39589667320251, 0.89360654354095, -0.02848982810974, 0.39414390921593, 1.30133926868439, -2.68597292900085, -2.01668858528137, 0.95210033655167, -2.25571775436401, 0.12882925570011, 2.13475751876831, -2.11956834793091, -2.52228450775146, 0.84457302093506, 0.00340868905187, -2.48649859428406, 0.81858599185944, 0.10937874019146, -2.46526026725769, 0.80739390850067, 0.12622174620628, -2.43532252311707, 0.79567086696625, 0.11780817806721, -2.41122531890869, 0.79509860277176, 0.09513371437788, -1.93645048141479, 1.04965126514435, -2.31438088417053, -2.02975368499756, 1.10758829116821, -2.34789896011353, -2.05654096603394, 1.11735963821411, -2.34104466438293, -2.07436871528625, 1.1130428314209, -2.31333184242249, -2.07905077934265, 1.09498333930969, -2.2859992980957, -2.4670946598053, 0.85836523771286, -0.00864551216364, -2.47152733802795, 0.83897376060486, 0.07041312754154, -2.45057106018066, 0.83065724372864, 0.0818744674325, -2.42519164085388, 0.82298570871353, 0.07612603157759, -2.40525770187378, 0.81867927312851, 0.0607116445899, -1.97244679927826, 1.0141773223877, -2.28561758995056, -2.01772713661194, 1.06789815425873, -2.32696604728699, -2.04101896286011, 1.0729306936264, -2.31848883628845, -2.05705761909485, 1.0680433511734, -2.29716086387634, -2.062908411026, 1.05778884887695, -2.27448654174805, 31.1726486926689, 169.961443759357, 165.305904858806, 162.469545862553, 155.182266772905, 4.69854518665972, 28.9778049689257, 23.8035405216692, 25.0374124876847, 23.8882468202084
0.39128494262695, -0.5494966506958, -0.46739959716797, 1.97135066986084, -3.01622462272644, 3.49324297904968, -1.98100817203522, 0.96279174089432, -2.27732682228088, 0.64673340320587, 1.17346251010895, 3.0171000957489, -2.19967031478882, 1.30637621879578, -1.92726612091064, -0.8206262588501, -0.03280287981033, 0.41127252578735, -2.39589667320251, 0.89360654354095, -0.02848982810974, 0.39414390921593, 1.30133926868439, -2.68597292900085, -2.01804614067078, 0.94515424966812, -2.26068735122681, 0.08011893182993, 2.10534453392029, -2.12276887893677, -2.52228450775146, 0.84457302093506, 0.00340868905187, -2.48649859428406, 0.81858599185944, 0.10937874019146, -2.46526026725769, 0.80739390850067, 0.12622174620628, -2.43532252311707, 0.79567086696625, 0.11780817806721, -2.41122531890869, 0.79509860277176, 0.09513371437788, -1.94048607349396, 1.04739630222321, -2.314786195755, -2.03522634506226, 1.10204768180847, -2.34975957870483, -2.06259846687317, 1.11049950122833, -2.34348583221436, -2.08100581169128, 1.10477733612061, -2.31641364097595, -2.08567643165588, 1.08590090274811, -2.28963685035706, -2.4670946598053, 0.85836523771286, -0.00864551216364, -2.47152733802795, 0.83897376060486, 0.07041312754154, -2.45057106018066, 0.83065724372864, 0.0818744674325, -2.42519164085388, 0.82298570871353, 0.07612603157759, -2.40525770187378, 0.81867927312851, 0.0607116445899, -1.97571158409119, 1.0097508430481, -2.28788924217224, -2.02208709716797, 1.06243181228638, -2.3293616771698, -2.0458083152771, 1.0662624835968, -2.32146739959717, -2.06222176551819, 1.06019604206085, -2.30073571205139, -2.06826639175415, 1.04917407035828, -2.27847599983215, 30.2094041894949, 169.483262215564, 163.893886191311, 162.055404172419, 154.765065158022, 4.69854518665972, 28.9778049689257, 23.8035405216692, 25.0374124876847, 23.8882468202084
0.31316184997559, -0.43840169906616, -0.36666870117188, 1.52031600475311, -2.34291338920593, 2.77699208259583, -1.98226201534271, 0.95786619186401, -2.28099131584167, 0.61570328474045, 1.17193877696991, 3.06378293037415, -2.19870543479919, 1.30589890480042, -1.92708325386047, -0.82242006063461, -0.02652737684548, 0.40496030449867, -2.39589667320251, 0.89360654354095, -0.02848982810974, 0.39414390921593, 1.30133926868439, -2.68597292900085, -2.01888489723206, 0.93918359279633, -2.26488208770752, 0.03792720288038, 2.07918405532837, -2.12448239326477, -2.52228450775146, 0.84457302093506, 0.00340868905187, -2.48649859428406, 0.81858599185944, 0.10937874019146, -2.46526026725769, 0.80739390850067, 0.12622174620628, -2.43532252311707, 0.79567086696625, 0.11780817806721, -2.41122531890869, 0.79509860277176, 0.09513371437788, -1.94386839866638, 1.04530000686646, -2.3149573802948, -2.03967094421387, 1.09708142280579, -2.35137343406677, -2.06749415397644, 1.10438287258148, -2.34566521644592, -2.08636212348938, 1.09743976593018, -2.31920266151428, -2.09100437164307, 1.0778706073761, -2.29292273521423, -2.4670946598053, 0.85836523771286, -0.00864551216364, -2.47152733802795, 0.83897376060486, 0.07041312754154, -2.45057106018066, 0.83065724372864, 0.0818744674325, -2.42519164085388, 0.82298570871353, 0.07612603157759, -2.40525770187378, 0.81867927312851, 0.0607116445899, -1.97832953929901, 1.00584053993225, -2.28972148895264, -2.02557682991028, 1.05758094787598, -2.33139395713806, -2.04962038993835, 1.06036853790283, -2.32405710220337, -2.0663206577301, 1.05328249931335, -2.3038854598999, -2.07251524925232, 1.04160010814667, -2.28200721740723, 29.4310255863965, 169.053534033744, 162.654179536197, 161.631659236311, 154.336525429117, 4.69854518665972, 28.9778049689257, 23.8035405216692, 25.0374124876847, 23.8882468202084
0.16386795043945, -0.48471593856812, -0.48496055603027, 1.63561499118805, -2.09354400634766, 3.111328125, -1.98309540748596, 0.95362055301666, -2.28398823738098, 0.58884781599045, 1.16828775405884, 3.10333061218262, -2.19772410392761, 1.30549597740173, -1.92685461044312, -0.82471662759781, -0.02164255082607, 0.398981153965, -2.39589667320251, 0.89360654354095, -0.02848982810974, 0.39414390921593, 1.30133926868439, -2.68597292900085, -2.020911693573, 0.9368097782135, -2.26427316665649, 0.04440177232027, 2.06028938293457, -2.12085151672363, -2.52228450775146, 0.84457302093506, 0.00340868905187, -2.48649859428406, 0.81858599185944, 0.10937874019146, -2.46526026725769, 0.80739390850067, 0.12622174620628, -2.43532252311707, 0.79567086696625, 0.11780817806721, -2.41122531890869, 0.79509860277176, 0.09513371437788, -1.94416987895966, 1.04236733913422, -2.31289410591125, -2.03887486457825, 1.09485900402069, -2.35111975669861, -2.06674671173096, 1.10236656665802, -2.34594106674194, -2.08616614341736, 1.09556317329407, -2.31984376907349, -2.09145307540894, 1.07602858543396, -2.29366016387939, -2.4670946598053, 0.85836523771286, -0.00864551216364, -2.47152733802795, 0.83897376060486, 0.07041312754154, -2.45057106018066, 0.83065724372864, 0.0818744674325, -2.42519164085388, 0.82298570871353, 0.07612603157759, -2.40525770187378, 0.81867927312851, 0.0607116445899, -1.97939717769623, 1.00316429138184, -2.28832530975342, -2.02545714378357, 1.05525469779968, -2.33088159561157, -2.04961466789246, 1.05822050571442, -2.32400369644165, -2.06674814224243, 1.05125832557678, -2.30415463447571, -2.07344484329224, 1.03962182998657, -2.28240013122559, 28.9706708363376, 168.769288881244, 161.882272537337, 161.123602445089, 154.150006623263, 4.69854518665972, 28.9778049689257, 23.8035405216692, 25.0374124876847, 23.8882468202084
0.17032241821289, -0.40538263320923, -0.40536117553711, 1.40667378902435, -1.87617468833923, 2.69572138786316, -1.98465883731842, 0.95098102092743, -2.28269219398499, 0.59567999839783, 1.14729356765747, 3.09983706474304, -2.19678664207459, 1.30512666702271, -1.92658448219299, -0.82699859142303, -0.01741518452764, 0.3922820687294, -2.39589667320251, 0.89360654354095, -0.02848982810974, 0.39414390921593, 1.30133926868439, -2.68597292900085, -2.02217888832092, 0.93434035778046, -2.26445364952087, 0.04418530315161, 2.04156732559204, -2.11814856529236, -2.52228450775146, 0.84457302093506, 0.00340868905187, -2.48649859428406, 0.81858599185944, 0.10937874019146, -2.46526026725769, 0.80739390850067, 0.12622174620628, -2.43532252311707, 0.79567086696625, 0.11780817806721, -2.41122531890869, 0.79509860277176, 0.09513371437788, -1.94442570209503, 1.03993558883667, -2.31135559082031, -2.03833937644959, 1.09262418746948, -2.3512270450592, -2.06629610061646, 1.10014891624451, -2.34655570983887, -2.08621096611023, 1.09330177307129, -2.32084584236145, -2.0920102596283, 1.07370781898499, -2.29481554031372, -2.4670946598053, 0.85836523771286, -0.00864551216364, -2.47152733802795, 0.83897376060486, 0.07041312754154, -2.45057106018066, 0.83065724372864, 0.0818744674325, -2.42519164085388, 0.82298570871353, 0.07612603157759, -2.40525770187378, 0.81867927312851, 0.0607116445899, -1.98015022277832, 1.0007096529007, -2.28755307197571, -2.02534627914429, 1.05295526981354, -2.33083891868591, -2.04962611198425, 1.05593001842499, -2.32440996170044, -2.06713771820068, 1.04893696308136, -2.30490493774414, -2.07425498962402, 1.03725373744965, -2.28330945968628, 28.5112142561546, 168.499960861893, 161.099683122615, 160.591202859665, 153.931522532092, 4.69854518665972, 28.9778049689257, 23.8035405216692, 25.0374124876847, 23.8882468202084
-0.13689994812012, -0.167893409729, 0.03616905212402, 0.00623912736773, -1.36947870254517, -0.53380656242371, -1.98557078838348, 0.94851821660995, -2.28215098381042, 0.59768348932266, 1.12969040870667, 3.10204124450684, -2.19595241546631, 1.30481648445129, -1.92634797096252, -0.82922548055649, -0.0139638595283, 0.38546448945999, -2.39589667320251, 0.89360654354095, -0.02848982810974, 0.39414390921593, 1.30133926868439, -2.68597292900085, -2.02303504943848, 0.93167966604233, -2.26508760452271, 0.03959887102246, 2.02066540718079, -2.11559128761292, -2.52228450775146, 0.84457302093506, 0.00340868905187, -2.48649859428406, 0.81858599185944, 0.10937874019146, -2.46526026725769, 0.80739390850067, 0.12622174620628, -2.43532252311707, 0.79567086696625, 0.11780817806721, -2.41122531890869, 0.79509860277176, 0.09513371437788, -1.94463324546814, 1.03770554065704, -2.30989122390747, -2.0378475189209, 1.090292096138, -2.35150074958801, -2.06591868400574, 1.09771454334259, -2.34738564491272, -2.08634829521179, 1.0906970500946, -2.32212948799133, -2.09263396263123, 1.0709730386734, -2.29631114006042, -2.4670946598053, 0.85836523771286, -0.00864551216364, -2.47152733802795, 0.83897376060486, 0.07041312754154, -2.45057106018066, 0.83065724372864, 0.0818744674325, -2.42519164085388, 0.82298570871353, 0.07612603157759, -2.40525770187378, 0.81867927312851, 0.0607116445899, -1.98073101043701, 0.99827182292938, -2.2870135307312, -2.02516555786133, 1.05057287216187, -2.33101487159729, -2.04958415031433, 1.0534485578537, -2.3250846862793, -2.06748008728027, 1.0463193655014, -2.30598211288452, -2.07501411437988, 1.03452134132385, -2.28459143638611, 28.0320406273851, 168.230591861406, 160.273749327421, 160.054732481495, 153.669079343424, 4.69854518665972, 28.9778049689257, 23.8035405216692, 25.0374124876847, 23.8882468202084
-0.0530948638916, -0.17172574996948, -0.03120803833008, 0.17969289422035, -1.3584760427475, -0.0766289010644, -1.98610639572144, 0.94604170322418, -2.2819504737854, 0.59688663482666, 1.11221098899841, 3.10831737518311, -2.19517016410828, 1.30451726913452, -1.92621350288391, -0.82953995466232, -0.00878134462982, 0.37760674953461, -2.39589667320251, 0.89360654354095, -0.02848982810974, 0.39414390921593, 1.30133926868439, -2.68597292900085, -2.02310967445374, 0.93142557144165, -2.26488327980042, 0.05216451361775, 2.01837348937988, -2.11203384399414, -2.52228450775146, 0.84457302093506, 0.00340868905187, -2.48649859428406, 0.81858599185944, 0.10937874019146, -2.46526026725769, 0.80739390850067, 0.12622174620628, -2.43532252311707, 0.79567086696625, 0.11780817806721, -2.41122531890869, 0.79509860277176, 0.09513371437788, -1.94324111938477, 1.03633260726929, -2.30972981452942, -2.03566932678223, 1.09001922607422, -2.35168695449829, -2.06365275382996, 1.09781134128571, -2.34765768051147, -2.08423233032227, 1.09111440181732, -2.32243657112122, -2.09083437919617, 1.07153141498566, -2.29658985137939, -2.4670946598053, 0.85836523771286, -0.00864551216364, -2.47152733802795, 0.83897376060486, 0.07041312754154, -2.45057106018066, 0.83065724372864, 0.0818744674325, -2.42519164085388, 0.82298570871353, 0.07612603157759, -2.40525770187378, 0.81867927312851, 0.0607116445899, -1.97989904880524, 0.9974182844162, -2.28685331344604, -2.02354955673218, 1.05018675327301, -2.3310809135437, -2.04794335365295, 1.05338954925537, -2.32521748542786, -2.0659761428833, 1.04653441905975, -2.30614328384399, -2.07371354103088, 1.03488266468048, -2.28474521636963, 27.7913293931082, 168.096310342323, 160.10777573059, 159.592164750145, 153.432631854736, 4.69854518665972, 28.9778049689257, 23.8035405216692, 25.0374124876847, 23.8882468202084
0.00042915344238, -0.18251037597656, -0.07196044921875, 0.31147140264511, -1.51230144500732, 0.21414411067963, -1.98595809936523, 0.94527322053909, -2.28168702125549, 0.60739529132843, 1.10442781448364, 3.09891080856323, -2.19440007209778, 1.30416822433472, -1.92633962631226, -0.82735931873322, -0.00246027787216, 0.37023690342903, -2.39589667320251, 0.89360654354095, -0.02848982810974, 0.39414390921593, 1.30133926868439, -2.68597292900085, -2.02324175834656, 0.93095868825912, -2.2649097442627, 0.06276808679104, 2.01369476318359, -2.10833311080933, -2.52228450775146, 0.84457302093506, 0.00340868905187, -2.48649859428406, 0.81858599185944, 0.10937874019146, -2.46526026725769, 0.80739390850067, 0.12622174620628, -2.43532252311707, 0.79567086696625, 0.11780817806721, -2.41122531890869, 0.79509860277176, 0.09513371437788, -1.94198894500732, 1.03491151332855, -2.30949091911316, -2.03360605239868, 1.08957314491272, -2.35196471214294, -2.06152009963989, 1.09768211841583, -2.34808206558228, -2.08229613304138, 1.0912469625473, -2.32295393943787, -2.08924245834351, 1.07177138328552, -2.29711627960205, -2.4670946598053, 0.85836523771286, -0.00864551216364, -2.47152733802795, 0.83897376060486, 0.07041312754154, -2.45057106018066, 0.83065724372864, 0.0818744674325, -2.42519164085388, 0.82298570871353, 0.07612603157759, -2.40525770187378, 0.81867927312851, 0.0607116445899, -1.97919034957886, 0.99643748998642, -2.28674745559692, -2.02203249931335, 1.04963386058807, -2.33125185966492, -2.04641723632813, 1.05311608314514, -2.32551169395447, -2.0646185874939, 1.04648661613464, -2.30651783943176, -2.07258987426758, 1.03494894504547, -2.28514385223389, 27.4982937871471, 167.94985742614, 159.894974356809, 159.117698829261, 153.166787231861, 4.69854518665972, 28.9778049689257, 23.8035405216692, 25.0374124876847, 23.8882468202084
-0.05874252319336, -0.01960372924805, 0.02429008483887, -0.16188582777977, -0.1767852306366, -0.92583161592484, -1.98585641384125, 0.94436979293823, -2.28154802322388, 0.61678194999695, 1.09521019458771, 3.09138131141663, -2.19359946250916, 1.30378913879395, -1.92676341533661, -0.82510566711426, 0.00262475805357, 0.36400416493416, -2.39589667320251, 0.89360654354095, -0.02848982810974, 0.39414390921593, 1.30133926868439, -2.68597292900085, -2.02279329299927, 0.93053710460663, -2.26423692703247, 0.0867784768343, 2.02004885673523, -2.09375667572021, -2.52228450775146, 0.84457302093506, 0.00340868905187, -2.48649859428406, 0.81858599185944, 0.10937874019146, -2.46526026725769, 0.80739390850067, 0.12622174620628, -2.43532252311707, 0.79567086696625, 0.11780817806721, -2.41122531890869, 0.79509860277176, 0.09513371437788, -1.93890225887299, 1.032306432724, -2.30896949768066, -2.02917742729187, 1.0896247625351, -2.35081028938293, -2.05683326721191, 1.09849882125854, -2.34675788879395, -2.07764935493469, 1.09257531166077, -2.32153725624084, -2.08500194549561, 1.07322824001312, -2.29571533203125, -2.4670946598053, 0.85836523771286, -0.00864551216364, -2.47152733802795, 0.83897376060486, 0.07041312754154, -2.45057106018066, 0.83065724372864, 0.0818744674325, -2.42519164085388, 0.82298570871353, 0.07612603157759, -2.40525770187378, 0.81867927312851, 0.0607116445899, -1.97704458236694, 0.99482190608978, -2.28613233566284, -2.01861596107483, 1.04931950569153, -2.33026599884033, -2.04286360740662, 1.05346488952637, -2.324387550354, -2.06114339828491, 1.04729247093201, -2.30531525611877, -2.06932234764099, 1.03592145442963, -2.28393006324768, 27.4549237934649, 167.8282254174, 159.766225290954, 158.823372317547, 153.040483373729, 4.69854518665972, 28.9778049689257, 23.8035405216692, 25.0374124876847, 23.8882468202084
-0.04947280883789, -0.03255987167358, 0.00204277038574, -0.08838400989771, -0.35065656900406, -0.80029225349426, -1.98513531684875, 0.94294613599777, -2.28103709220886, 0.64286398887634, 1.09291708469391, 3.07855033874512, -2.19262456893921, 1.30325841903687, -1.92705225944519, -0.82165670394897, 0.00619854684919, 0.35876253247261, -2.39589667320251, 0.89360654354095, -0.02848982810974, 0.39414390921593, 1.30133926868439, -2.68597292900085, -2.02195453643799, 0.92942303419113, -2.26361417770386, 0.10846234112978, 2.02432513237, -2.07893562316895, -2.52228450775146, 0.84457302093506, 0.00340868905187, -2.48649859428406, 0.81858599185944, 0.10937874019146, -2.46526026725769, 0.80739390850067, 0.12622174620628, -2.43532252311707, 0.79567086696625, 0.11780817806721, -2.41122531890869, 0.79509860277176, 0.09513371437788, -1.93557572364807, 1.02915358543396, -2.30820345878601, -2.02444911003113, 1.08895492553711, -2.3495671749115, -2.05185413360596, 1.09852766990662, -2.34540152549744, -2.07274675369263, 1.09304893016815, -2.320143699646, -2.08052682876587, 1.07379984855652, -2.2943742275238, -2.4670946598053, 0.85836523771286, -0.00864551216364, -2.47152733802795, 0.83897376060486, 0.07041312754154, -2.45057106018066, 0.83065724372864, 0.0818744674325, -2.42519164085388, 0.82298570871353, 0.07612603157759, -2.40525770187378, 0.81867927312851, 0.0607116445899, -1.97461426258087, 0.9925833940506, -2.28539824485779, -2.01487994194031, 1.04831039905548, -2.32920575141907, -2.03899550437927, 1.05306077003479, -2.32324194908142, -2.05737638473511, 1.04729115962982, -2.30414056777954, -2.06578779220581, 1.03605377674103, -2.28277516365051, 27.4074556862806, 167.690501482976, 159.588776976317, 158.530165956857, 152.906106231998, 4.69854518665972, 28.9778049689257, 23.8035405216692, 25.0374124876847, 23.8882468202084
-0.10783767700195, -0.01171588897705, 0.03812599182129, 0.19785510003567, 0.37734135985374, -2.01381278038025, -1.98403418064117, 0.94091576337814, -2.28047585487366, 0.66764211654663, 1.08914506435394, 3.06771421432495, -2.19165205955505, 1.30267536640167, -1.9272780418396, -0.81958383321762, 0.00782496668398, 0.35500195622444, -2.39589667320251, 0.89360654354095, -0.02848982810974, 0.39414390921593, 1.30133926868439, -2.68597292900085, -2.0210874080658, 0.92785930633545, -2.26318788528442, 0.12568539381027, 2.02639675140381, -2.06578731536865, -2.52228450775146, 0.84457302093506, 0.00340868905187, -2.48649859428406, 0.81858599185944, 0.10937874019146, -2.46526026725769, 0.80739390850067, 0.12622174620628, -2.43532252311707, 0.79567086696625, 0.11780817806721, -2.41122531890869, 0.79509860277176, 0.09513371437788, -1.93263506889343, 1.0259211063385, -2.30741167068481, -2.02024054527283, 1.08776569366455, -2.3484742641449, -2.04743432998657, 1.09790003299713, -2.3442530632019, -2.06842589378357, 1.09276008605957, -2.3190062046051, -2.07659983634949, 1.07357287406921, -2.29331231117249, -2.4670946598053, 0.85836523771286, -0.00864551216364, -2.47152733802795, 0.83897376060486, 0.07041312754154, -2.45057106018066, 0.83065724372864, 0.0818744674325, -2.42519164085388, 0.82298570871353, 0.07612603157759, -2.40525770187378, 0.81867927312851, 0.0607116445899, -1.97242903709412, 0.99009203910828, -2.28473615646362, -2.01152539253235, 1.04684281349182, -2.32828807830811, -2.03553199768066, 1.05207848548889, -2.32229042053223, -2.05402159690857, 1.04662024974823, -2.30320239067078, -2.06265902519226, 1.03547465801239, -2.28187918663025, 27.3559799656008, 167.538488792808, 159.366426998076, 158.197877253736, 152.723986067969, 4.69854518665972, 28.9778049689257, 23.8035405216692, 25.0374124876847, 23.8882468202084
-0.06452751159668, -0.05650663375854, 0.02906227111816, 0.27468925714493, 0.20400130748749, -1.86869335174561, -1.98294007778168, 0.93861567974091, -2.2800235748291, 0.68835508823395, 1.08470797538757, 3.05978655815125, -2.19069623947144, 1.30198001861572, -1.92734968662262, -0.81819999217987, 0.00768449064344, 0.35227546095848, -2.39589667320251, 0.89360654354095, -0.02848982810974, 0.39414390921593, 1.30133926868439, -2.68597292900085, -2.01731753349304, 0.92457586526871, -2.26222705841064, 0.13711196184158, 2.03742527961731, -2.04846692085266, -2.52228450775146, 0.84457302093506, 0.00340868905187, -2.48649859428406, 0.81858599185944, 0.10937874019146, -2.46526026725769, 0.80739390850067, 0.12622174620628, -2.43532252311707, 0.79567086696625, 0.11780817806721, -2.41122531890869, 0.79509860277176, 0.09513371437788, -1.92750895023346, 1.02149868011475, -2.30622792243958, -2.0143449306488, 1.08531761169434, -2.34587979316711, -2.04131507873535, 1.09589076042175, -2.34131479263306, -2.062175989151, 1.09086441993713, -2.31593680381775, -2.07046937942505, 1.07156038284302, -2.29036903381348, -2.4670946598053, 0.85836523771286, -0.00864551216364, -2.47152733802795, 0.83897376060486, 0.07041312754154, -2.45057106018066, 0.83065724372864, 0.0818744674325, -2.42519164085388, 0.82298570871353, 0.07612603157759, -2.40525770187378, 0.81867927312851, 0.0607116445899, -1.96774053573608, 0.98615145683289, -2.2835681438446, -2.00618982315063, 1.04403877258301, -2.32619047164917, -2.03004574775696, 1.04963910579681, -2.31992745399475, -2.04846405982971, 1.04431354999542, -2.3007333278656, -2.05711460113525, 1.03310322761536, -2.27944946289063, 27.3158406513959, 167.384263121349, 159.147710680474, 157.838923492095, 152.465231181452, 4.69854518665972, 28.9778049689257, 23.8035405216692, 25.0374124876847, 23.8882468202084
-0.03501892089844, -0.0883412361145, 0.01213645935059, 0.3002000451088, 0.03858949244022, -1.52672374248505, -1.97913098335266, 0.93482446670532, -2.27928900718689, 0.70896339416504, 1.09418034553528, 3.06089568138123, -2.18958616256714, 1.30125486850739, -1.92729604244232, -0.81795138120651, 0.00555462297052, 0.35062384605408, -2.39589667320251, 0.89360654354095, -0.02848982810974, 0.39414390921593, 1.30133926868439, -2.68597292900085, -2.01445889472961, 0.92151153087616, -2.2616024017334, 0.14657254517078, 2.045818567276, -2.03289341926575, -2.52228450775146, 0.84457302093506, 0.00340868905187, -2.48649859428406, 0.81858599185944, 0.10937874019146, -2.46526026725769, 0.80739390850067, 0.12622174620628, -2.43532252311707, 0.79567086696625, 0.11780817806721, -2.41122531890869, 0.79509860277176, 0.09513371437788, -1.92343425750732, 1.017453789711, -2.30525183677673, -2.00951457023621, 1.08297562599182, -2.34375739097595, -2.03628969192505, 1.09391891956329, -2.33892440795898, -2.05707001686096, 1.08897340297699, -2.31346464157104, -2.06550431251526, 1.06955754756927, -2.28802800178528, -2.4670946598053, 0.85836523771286, -0.00864551216364, -2.47152733802795, 0.83897376060486, 0.07041312754154, -2.45057106018066, 0.83065724372864, 0.0818744674325, -2.42519164085388, 0.82298570871353, 0.07612603157759, -2.40525770187378, 0.81867927312851, 0.0607116445899, -1.96406781673431, 0.98251646757126, -2.28267407417297, -2.00187802314758, 1.0413910150528, -2.32450842857361, -2.02560591697693, 1.04729819297791, -2.31804370880127, -2.04398632049561, 1.04207479953766, -2.29878568649292, -2.05267882347107, 1.03079736232758, -2.27755427360535, 27.2737701012032, 167.223111638072, 158.910061078493, 157.501758033906, 152.186969274666, 4.69854518665972, 28.9778049689257, 23.8035405216692, 25.0374124876847, 23.8882468202084
0.17016792297363, -0.19804573059082, 0.0296630859375, 0.74102848768234, 0.63044375181198, -1.28701281547546, -1.97622358798981, 0.93133264780045, -2.27880620956421, 0.72699826955795, 1.10158264636993, 3.06273555755615, -2.18843626976013, 1.30031967163086, -1.92748832702637, -0.81762272119522, 0.00567444320768, 0.34959530830383, -2.39589667320251, 0.89360654354095, -0.02848982810974, 0.39414390921593, 1.30133926868439, -2.68597292900085, -2.00918531417847, 0.91681605577469, -2.26297330856323, 0.14708837866783, 2.04831600189209, -2.02140378952026, -2.52228450775146, 0.84457302093506, 0.00340868905187, -2.48649859428406, 0.81858599185944, 0.10937874019146, -2.46526026725769, 0.80739390850067, 0.12622174620628, -2.43532252311707, 0.79567086696625, 0.11780817806721, -2.41122531890869, 0.79509860277176, 0.09513371437788, -1.91765224933624, 1.01266705989838, -2.30575132369995, -2.00338983535767, 1.07905220985413, -2.34353613853455, -2.03009867668152, 1.09009885787964, -2.33857274055481, -2.05088663101196, 1.08502018451691, -2.31314563751221, -2.05941081047058, 1.06540238857269, -2.28789448738098, -2.4670946598053, 0.85836523771286, -0.00864551216364, -2.47152733802795, 0.83897376060486, 0.07041312754154, -2.45057106018066, 0.83065724372864, 0.0818744674325, -2.42519164085388, 0.82298570871353, 0.07612603157759, -2.40525770187378, 0.81867927312851, 0.0607116445899, -1.95846557617188, 0.97773945331573, -2.28348469734192, -1.99597418308258, 1.0372371673584, -2.32470464706421, -2.01966285705566, 1.04321455955505, -2.3181619644165, -2.03805756568909, 1.0379056930542, -2.29894089698792, -2.04679727554321, 1.0264687538147, -2.27781438827515, 27.2200950596106, 166.744042169687, 158.660485966221, 157.175466236876, 151.798399812784, 4.69854518665972, 28.9778049689257, 23.8035405216692, 25.0374124876847, 23.8882468202084
0.12201690673828, -0.1843900680542, 0.00817108154297, 0.68001282215118, 0.44567832350731, -1.11017107963562, -1.9709085226059, 0.92658960819244, -2.28011131286621, 0.73649549484253, 1.10802578926086, 3.0711567401886, -2.18746256828308, 1.29919791221619, -1.92785382270813, -0.81654369831085, 0.0099859284237, 0.34860676527023, -2.39589667320251, 0.89360654354095, -0.02848982810974, 0.39414390921593, 1.30133926868439, -2.68597292900085, -2.00515055656433, 0.91275656223297, -2.26407480239868, 0.14768178761005, 2.05008625984192, -2.01073503494263, -2.52228450775146, 0.84457302093506, 0.00340868905187, -2.48649859428406, 0.81858599185944, 0.10937874019146, -2.46526026725769, 0.80739390850067, 0.12622174620628, -2.43532252311707, 0.79567086696625, 0.11780817806721, -2.41122531890869, 0.79509860277176, 0.09513371437788, -1.91311025619507, 1.00849854946136, -2.30600023269653, -1.99849569797516, 1.07568526268005, -2.3431601524353, -2.02514386177063, 1.08682990074158, -2.33809041976929, -2.04595422744751, 1.08163213729858, -2.31270575523376, -2.05457949638367, 1.06183171272278, -2.28763222694397, -2.4670946598053, 0.85836523771286, -0.00864551216364, -2.47152733802795, 0.83897376060486, 0.07041312754154, -2.45057106018066, 0.83065724372864, 0.0818744674325, -2.42519164085388, 0.82298570871353, 0.07612603157759, -2.40525770187378, 0.81867927312851, 0.0607116445899, -1.95410704612732, 0.9735900759697, -2.2840428352356, -1.99130201339722, 1.03366124629974, -2.324711561203, -2.01495718955994, 1.03970634937286, -2.31810927391052, -2.03337669372559, 1.03432202339172, -2.2989330291748, -2.04217410087585, 1.02274060249329, -2.27790951728821, 27.1633208196822, 166.316964101265, 158.403315683591, 156.863490516347, 151.434705899859, 4.69854518665972, 28.9778049689257, 23.8035405216692, 25.0374124876847, 23.8882468202084
0.35254096984863, -0.30866861343384, -0.14167213439941, 0.71147900819778, 0.05916372314095, -0.40941408276558, -1.96682476997375, 0.92247945070267, -2.28113198280334, 0.74535888433456, 1.11349737644196, 3.07896137237549, -2.18654942512512, 1.29804241657257, -1.92839157581329, -0.8175248503685, 0.01570819504559, 0.34182608127594, -2.39589667320251, 0.89360654354095, -0.02848982810974, 0.39414390921593, 1.30133926868439, -2.68597292900085, -2.00287771224976, 0.91224199533463, -2.2656626701355, 0.15236455202103, 2.05018067359924, -1.99829936027527, -2.52228450775146, 0.84457302093506, 0.00340868905187, -2.48649859428406, 0.81858599185944, 0.10937874019146, -2.46526026725769, 0.80739390850067, 0.12622174620628, -2.43532252311707, 0.79567086696625, 0.11780817806721, -2.41122531890869, 0.79509860277176, 0.09513371437788, -1.90982615947723, 1.0074371099472, -2.30658936500549, -1.99448072910309, 1.07578253746033, -2.34330630302429, -2.02102708816528, 1.08714389801025, -2.33818507194519, -2.04193353652954, 1.08192932605743, -2.31288266181946, -2.05079793930054, 1.06199622154236, -2.28799843788147, -2.4670946598053, 0.85836523771286, -0.00864551216364, -2.47152733802795, 0.83897376060486, 0.07041312754154, -2.45057106018066, 0.83065724372864, 0.0818744674325, -2.42519164085388, 0.82298570871353, 0.07612603157759, -2.40525770187378, 0.81867927312851, 0.0607116445899, -1.95120346546173, 0.97274285554886, -2.28500938415527, -1.98773324489594, 1.03353011608124, -2.32521414756775, -2.01133990287781, 1.03974962234497, -2.31859993934631, -2.02984595298767, 1.03437924385071, -2.29950332641602, -2.03879451751709, 1.02270150184631, -2.27859711647034, 27.1004045321426, 165.872660295755, 158.20442057496, 156.64629050074, 151.06866240186, 4.69854518665972, 28.9778049689257, 23.8035405216692, 25.0374124876847, 23.8882468202084
0.26628112792969, -0.2645001411438, -0.11918449401855, 0.6543065905571, 0.0145956678316, -0.3874269425869, -1.96442759037018, 0.92173624038696, -2.28256821632385, 0.75803589820862, 1.11502611637115, 3.0837836265564, -2.18544721603394, 1.29681694507599, -1.92875051498413, -0.81847095489502, 0.02155454829335, 0.33268183469772, -2.39589667320251, 0.89360654354095, -0.02848982810974, 0.39414390921593, 1.30133926868439, -2.68597292900085, -2.00105381011963, 0.911516726017, -2.26693534851074, 0.15717501938343, 2.05005478858948, -1.98528027534485, -2.52228450775146, 0.84457302093506, 0.00340868905187, -2.48649859428406, 0.81858599185944, 0.10937874019146, -2.46526026725769, 0.80739390850067, 0.12622174620628, -2.43532252311707, 0.79567086696625, 0.11780817806721, -2.41122531890869, 0.79509860277176, 0.09513371437788, -1.90694808959961, 1.0061286687851, -2.30678987503052, -1.99082148075104, 1.07566916942596, -2.34305262565613, -2.01726198196411, 1.08725345134735, -2.33788228034973, -2.03827548027039, 1.08202052116394, -2.31267261505127, -2.04739665985107, 1.06195116043091, -2.28799152374268, -2.4670946598053, 0.85836523771286, -0.00864551216364, -2.47152733802795, 0.83897376060486, 0.07041312754154, -2.45057106018066, 0.83065724372864, 0.0818744674325, -2.42519164085388, 0.82298570871353, 0.07612603157759, -2.40525770187378, 0.81867927312851, 0.0607116445899, -1.94872355461121, 0.9716619849205, -2.28561639785767, -1.98454439640045, 1.03318572044373, -2.32533597946167, -2.00810074806213, 1.03958487510681, -2.3187141418457, -2.02670216560364, 1.03422856330872, -2.29970622062683, -2.03581476211548, 1.02245140075684, -2.27892732620239, 27.0341482820989, 165.475389172871, 157.995102597656, 156.424801126335, 150.729680113352, 4.69854518665972, 28.9778049689257, 23.8035405216692, 25.0374124876847, 23.8882468202084
0.12508964538574, -0.00522708892822, -0.15437507629395, 0.62864488363266, -0.12679123878479, -0.70597636699677, -1.96247208118439, 0.92077273130417, -2.28367257118225, 0.77123987674713, 1.1165167093277, 3.08901739120483, -2.18417739868164, 1.29560518264771, -1.9290406703949, -0.82121473550797, 0.02526759915054, 0.32674431800842, -2.39589667320251, 0.89360654354095, -0.02848982810974, 0.39414390921593, 1.30133926868439, -2.68597292900085, -1.99935519695282, 0.91059041023254, -2.26808452606201, 0.16201291978359, 2.04976296424866, -1.97199821472168, -2.52228450775146, 0.84457302093506, 0.00340868905187, -2.48649859428406, 0.81858599185944, 0.10937874019146, -2.46526026725769, 0.80739390850067, 0.12622174620628, -2.43532252311707, 0.79567086696625, 0.11780817806721, -2.41122531890869, 0.79509860277176, 0.09513371437788, -1.90418004989624, 1.00459361076355, -2.30682444572449, -1.98724174499512, 1.07533597946167, -2.34262800216675, -2.01357364654541, 1.08714413642883, -2.33741092681885, -2.03470182418823, 1.08189237117767, -2.31230139732361, -2.04409050941467, 1.06168758869171, -2.28783178329468, -2.4670946598053, 0.85836523771286, -0.00864551216364, -2.47152733802795, 0.83897376060486, 0.07041312754154, -2.45057106018066, 0.83065724372864, 0.0818744674325, -2.42519164085388, 0.82298570871353, 0.07612603157759, -2.40525770187378, 0.81867927312851, 0.0607116445899, -1.94636106491089, 0.970363676548, -2.28607487678528, -1.98144721984863, 1.03262519836426, -2.32529759407043, -2.00495219230652, 1.03920543193817, -2.31867122650146, -2.02365469932556, 1.03386354446411, -2.29975843429565, -2.03293943405151, 1.02198660373688, -2.27911281585693, 26.9608569372101, 165.107952316281, 157.7723837892, 156.192806920987, 150.410355109275, 4.69854518665972, 28.9778049689257, 23.8035405216692, 25.0374124876847, 23.8882468202084
0.09250831604004, -0.01813173294067, -0.13377571105957, 0.66119146347046, -0.15329855680466, -0.73347073793411, -1.96063899993896, 0.91960346698761, -2.28464293479919, 0.78465467691422, 1.11798179149628, 3.09452843666077, -2.18282651901245, 1.2944347858429, -1.92925024032593, -0.82535600662231, 0.02740043215454, 0.32111701369286, -2.39589667320251, 0.89360654354095, -0.02848982810974, 0.39414390921593, 1.30133926868439, -2.68597292900085, -1.99729573726654, 0.91092675924301, -2.2693464756012, 0.18024069070816, 2.03714656829834, -1.94694209098816, -2.52228450775146, 0.84457302093506, 0.00340868905187, -2.48649859428406, 0.81858599185944, 0.10937874019146, -2.46526026725769, 0.80739390850067, 0.12622174620628, -2.43532252311707, 0.79567086696625, 0.11780817806721, -2.41122531890869, 0.79509860277176, 0.09513371437788, -1.89893805980682, 1.00278186798096, -2.30518054962158, -1.97941088676453, 1.07626342773438, -2.34137773513794, -2.00549530982971, 1.08872199058533, -2.3364372253418, -2.02718472480774, 1.08371770381927, -2.31175923347473, -2.03753852844238, 1.06345224380493, -2.28773331642151, -2.4670946598053, 0.85836523771286, -0.00864551216364, -2.47152733802795, 0.83897376060486, 0.07041312754154, -2.45057106018066, 0.83065724372864, 0.0818744674325, -2.42519164085388, 0.82298570871353, 0.07612603157759, -2.40525770187378, 0.81867927312851, 0.0607116445899, -1.94238746166229, 0.96945238113403, -2.28561639785767, -1.97508311271667, 1.03317987918854, -2.32454895973206, -1.99850916862488, 1.04031598567963, -2.31822490692139, -2.01767063140869, 1.03523802757263, -2.29970335960388, -2.02762770652771, 1.02334499359131, -2.27938270568848, 26.8029549164305, 164.94230656853, 157.659794950922, 156.047665401124, 150.058053951886, 4.69854518665972, 28.9778049689257, 23.8035405216692, 25.0374124876847, 23.8882468202084
0.08402824401855, -0.03111362457275, -0.12581062316895, 0.67901867628098, -0.17339630424976, -0.74630755186081, -1.9580705165863, 0.91909062862396, -2.28512930870056, 0.81534397602081, 1.10112917423248, 3.09457159042358, -2.18151950836182, 1.29344820976257, -1.929354429245, -0.83006304502487, 0.0270214881748, 0.31563523411751, -2.39589667320251, 0.89360654354095, -0.02848982810974, 0.39414390921593, 1.30133926868439, -2.68597292900085, -1.99518930912018, 0.91094297170639, -2.27058148384094, 0.19773799180984, 2.02565908432007, -1.92274832725525, -2.52228450775146, 0.84457302093506, 0.00340868905187, -2.48649859428406, 0.81858599185944, 0.10937874019146, -2.46526026725769, 0.80739390850067, 0.12622174620628, -2.43532252311707, 0.79567086696625, 0.11780817806721, -2.41122531890869, 0.79509860277176, 0.09513371437788, -1.89389789104462, 1.00064396858215, -2.30358862876892, -1.97182655334473, 1.0766943693161, -2.34004545211792, -1.9976532459259, 1.08976888656616, -2.33534860610962, -2.01986289024353, 1.08500993251801, -2.31108832359314, -2.03113079071045, 1.0647064447403, -2.28750991821289, -2.4670946598053, 0.85836523771286, -0.00864551216364, -2.47152733802795, 0.83897376060486, 0.07041312754154, -2.45057106018066, 0.83065724372864, 0.0818744674325, -2.42519164085388, 0.82298570871353, 0.07612603157759, -2.40525770187378, 0.81867927312851, 0.0607116445899, -1.93851447105408, 0.96821320056915, -2.28517460823059, -1.96889901161194, 1.03329181671143, -2.32374286651611, -1.99223005771637, 1.04095780849457, -2.31769347190857, -2.01181530952454, 1.03614044189453, -2.29954934120178, -2.02240753173828, 1.02424466609955, -2.27955412864685, 26.627494186842, 164.761443159308, 157.544364753949, 155.889259653893, 149.720806531428, 4.69854518665972, 28.9778049689257, 23.8035405216692, 25.0374124876847, 23.8882468202084
0.07644081115723, 0.09155559539795, -0.16803932189941, 0.98555719852448, -1.2154221534729, -1.97782981395721, -1.95551359653473, 0.91827994585037, -2.28562688827515, 0.84485340118408, 1.08502531051636, 3.09447574615479, -2.18032503128052, 1.29260468482971, -1.92945241928101, -0.83404123783112, 0.02554233185947, 0.31107601523399, -2.39589667320251, 0.89360654354095, -0.02848982810974, 0.39414390921593, 1.30133926868439, -2.68597292900085, -1.99121069908142, 0.91010993719101, -2.26962661743164, 0.26280704140663, 1.99273908138275, -1.89184868335724, -2.52228450775146, 0.84457302093506, 0.00340868905187, -2.48649859428406, 0.81858599185944, 0.10937874019146, -2.46526026725769, 0.80739390850067, 0.12622174620628, -2.43532252311707, 0.79567086696625, 0.11780817806721, -2.41122531890869, 0.79509860277176, 0.09513371437788, -1.88251924514771, 0.9922684431076, -2.29846835136414, -1.95328450202942, 1.07363736629486, -2.3379271030426, -1.97827529907227, 1.08853602409363, -2.33425140380859, -2.0017192363739, 1.08542323112488, -2.31090235710144, -2.01534390449524, 1.06602132320404, -2.28781414031982, -2.4670946598053, 0.85836523771286, -0.00864551216364, -2.47152733802795, 0.83897376060486, 0.07041312754154, -2.45057106018066, 0.83065724372864, 0.0818744674325, -2.42519164085388, 0.82298570871353, 0.07612603157759, -2.40525770187378, 0.81867927312851, 0.0607116445899, -1.93004286289215, 0.96314877271652, -2.28188467025757, -1.95412564277649, 1.0301661491394, -2.3215663433075, -1.97707056999207, 1.03949379920959, -2.31644558906555, -1.99765884876251, 1.03612399101257, -2.2991030216217, -2.00986528396606, 1.02505326271057, -2.27955913543701, 26.5600665593556, 164.622079979483, 157.471131465668, 155.800439873926, 149.406727112634, 4.69854518665972, 28.9778049689257, 23.8035405216692, 25.0374124876847, 23.8882468202084
0.08581352233887, 0.0694842338562, -0.16457176208496, 0.9724423289299, -1.15399932861328, -1.88849186897278, -1.95054292678833, 0.91456007957458, -2.28306841850281, 0.90662151575089, 1.0013575553894, 3.03762102127075, -2.17909288406372, 1.29190611839294, -1.92949652671814, -0.83684152364731, 0.02371539920568, 0.30780497193336, -2.39589667320251, 0.89360654354095, -0.02848982810974, 0.39414390921593, 1.30133926868439, -2.68597292900085, -1.98728442192078, 0.90877985954285, -2.26880979537964, 0.31435352563858, 1.96804070472717, -1.86711466312408, -2.52228450775146, 0.84457302093506, 0.00340868905187, -2.48649859428406, 0.81858599185944, 0.10937874019146, -2.46526026725769, 0.80739390850067, 0.12622174620628, -2.43532252311707, 0.79567086696625, 0.11780817806721, -2.41122531890869, 0.79509860277176, 0.09513371437788, -1.87325131893158, 0.98465210199356, -2.29401969909668, -1.93800365924835, 1.06991565227509, -2.33552718162537, -1.9622141122818, 1.08620631694794, -2.33261322975159, -1.98652601242065, 1.08442044258118, -2.31002521514893, -2.0019543170929, 1.06581473350525, -2.28742146492004, -2.4670946598053, 0.85836523771286, -0.00864551216364, -2.47152733802795, 0.83897376060486, 0.07041312754154, -2.45057106018066, 0.83065724372864, 0.0818744674325, -2.42519164085388, 0.82298570871353, 0.07612603157759, -2.40525770187378, 0.81867927312851, 0.0607116445899, -1.92285108566284, 0.95826876163483, -2.27901148796082, -1.94182574748993, 1.02655684947968, -2.3192937374115, -1.96435606479645, 1.03716897964478, -2.31488227844238, -1.9856424331665, 1.03496634960175, -2.29820775985718, -1.99907076358795, 1.02459931373596, -2.27908396720886, 26.4839902048327, 164.459070684751, 157.401449875755, 155.713887716764, 149.097770335717, 4.69854518665972, 28.9778049689257, 23.8035405216692, 25.0374124876847, 23.8882468202084
0.10414695739746, 0.03313064575195, 0.01778411865234, -0.02660526521504, -2.87748956680298, -5.16212749481201, -1.94602346420288, 0.91092109680176, -2.28094720840454, 0.95394706726074, 0.92758572101593, 2.98521780967712, -2.17779302597046, 1.29145050048828, -1.92956376075745, -0.83900821208954, 0.0214273519814, 0.30550736188889, -2.39589667320251, 0.89360654354095, -0.02848982810974, 0.39414390921593, 1.30133926868439, -2.68597292900085, -1.98368978500366, 0.90724515914917, -2.26819467544556, 0.3548678457737, 1.9494925737381, -1.84725475311279, -2.52228450775146, 0.84457302093506, 0.00340868905187, -2.48649859428406, 0.81858599185944, 0.10937874019146, -2.46526026725769, 0.80739390850067, 0.12622174620628, -2.43532252311707, 0.79567086696625, 0.11780817806721, -2.41122531890869, 0.79509860277176, 0.09513371437788, -1.86579251289368, 0.97799253463745, -2.29034733772278, -1.9256192445755, 1.06612086296082, -2.33323979377747, -1.94914543628693, 1.0834709405899, -2.33089017868042, -1.97407209873199, 1.08273780345917, -2.30892205238342, -1.99087643623352, 1.06480550765991, -2.28675937652588, -2.4670946598053, 0.85836523771286, -0.00864551216364, -2.47152733802795, 0.83897376060486, 0.07041312754154, -2.45057106018066, 0.83065724372864, 0.0818744674325, -2.42519164085388, 0.82298570871353, 0.07612603157759, -2.40525770187378, 0.81867927312851, 0.0607116445899, -1.91687965393066, 0.95382571220398, -2.27665305137634, -1.93177580833435, 1.02295172214508, -2.31721973419189, -1.95391452312469, 1.03455173969269, -2.31334567070007, -1.9756897687912, 1.03327620029449, -2.29721450805664, -1.99004244804382, 1.02349019050598, -2.27845978736877, 26.3901092546909, 164.274423350729, 157.335142399293, 155.629493899379, 148.791545634469, 4.69854518665972, 28.9778049689257, 23.8035405216692, 25.0374124876847, 23.8882468202084
0.14555168151855, -0.00869035720825, 0.00714111328125, 0.08824262022972, -2.28462982177734, -4.08420658111572, -1.9420827627182, 0.90756171941757, -2.27929067611694, 0.99004852771759, 0.86399585008621, 2.93859648704529, -2.17634868621826, 1.29078364372253, -1.92975401878357, -0.83871096372604, 0.02135228179395, 0.30387341976166, -2.39589667320251, 0.89360654354095, -0.02848982810974, 0.39414390921593, 1.30133926868439, -2.68597292900085, -1.97750675678253, 0.90298902988434, -2.26523613929749, 0.42905250191689, 1.93729472160339, -1.8083860874176, -2.52228450775146, 0.84457302093506, 0.00340868905187, -2.48649859428406, 0.81858599185944, 0.10937874019146, -2.46526026725769, 0.80739390850067, 0.12622174620628, -2.43532252311707, 0.79567086696625, 0.11780817806721, -2.41122531890869, 0.79509860277176, 0.09513371437788, -1.85364651679993, 0.96392917633057, -2.28369212150574, -1.90485525131226, 1.05690240859985, -2.32750153541565, -1.92693519592285, 1.0761137008667, -2.32565069198608, -1.95242786407471, 1.07731354236603, -2.30436301231384, -1.97124397754669, 1.06070411205292, -2.28279423713684, -2.4670946598053, 0.85836523771286, -0.00864551216364, -2.47152733802795, 0.83897376060486, 0.07041312754154, -2.45057106018066, 0.83065724372864, 0.0818744674325, -2.42519164085388, 0.82298570871353, 0.07612603157759, -2.40525770187378, 0.81867927312851, 0.0607116445899, -1.90689730644226, 0.94396817684174, -2.27155232429504, -1.91496443748474, 1.01429998874664, -2.31197881698608, -1.93617522716522, 1.02765870094299, -2.30861067771912, -1.95841360092163, 1.02809011936188, -2.29307746887207, -1.97402632236481, 1.01941609382629, -2.27478790283203, 26.331861401449, 164.196695797974, 157.33911756939, 155.578950499521, 148.704214835741, 4.69854518665972, 28.9778049689257, 23.8035405216692, 25.0374124876847, 23.8882468202084
0.15622901916504, -0.03352117538452, -0.0036735534668, 0.14683601260185, -1.80522263050079, -3.2118444442749, -1.93572676181793, 0.89994579553604, -2.27521276473999, 1.05397319793701, 0.75163495540619, 2.83868479728699, -2.17496490478516, 1.29022908210754, -1.93002426624298, -0.83785086870193, 0.02320254221559, 0.30111384391785, -2.39589667320251, 0.89360654354095, -0.02848982810974, 0.39414390921593, 1.30133926868439, -2.68597292900085, -1.9721474647522, 0.89926165342331, -2.26303577423096, 0.48446893692017, 1.92826020717621, -1.77896428108215, -2.52228450775146, 0.84457302093506, 0.00340868905187, -2.48649859428406, 0.81858599185944, 0.10937874019146, -2.46526026725769, 0.80739390850067, 0.12622174620628, -2.43532252311707, 0.79567086696625, 0.11780817806721, -2.41122531890869, 0.79509860277176, 0.09513371437788, -1.84441816806793, 0.95258957147598, -2.2784321308136, -1.88887000083923, 1.04871368408203, -2.32281446456909, -1.90977096557617, 1.06923174858093, -2.32133603096008, -1.93560802936554, 1.07189536094666, -2.30060362815857, -1.95587646961212, 1.0563737154007, -2.27954649925232, -2.4670946598053, 0.85836523771286, -0.00864551216364, -2.47152733802795, 0.83897376060486, 0.07041312754154, -2.45057106018066, 0.83065724372864, 0.0818744674325, -2.42519164085388, 0.82298570871353, 0.07612603157759, -2.40525770187378, 0.81867927312851, 0.0607116445899, -1.8990443944931, 0.93587100505829, -2.26757287979126, -1.90190362930298, 1.00674176216125, -2.30776119232178, -1.92232835292816, 1.02135825157166, -2.30478048324585, -1.94483733177185, 1.02308130264282, -2.28973460197449, -1.96135199069977, 1.01529860496521, -2.2718403339386, 26.2734035198902, 164.120470886837, 157.354417193131, 155.534308383106, 148.593073997567, 4.69854518665972, 28.9778049689257, 23.8035405216692, 25.0374124876847, 23.8882468202084
0.21188163757324, -0.14247894287109, 0.14071083068848, 0.46521735191345, -1.94687414169312, -5.91577196121216, -1.93042075634003, 0.89371156692505, -2.27211475372314, 1.09731948375702, 0.64901000261307, 2.74710965156555, -2.17350745201111, 1.28979730606079, -1.93031215667725, -0.83722549676895, 0.02589087001979, 0.29719552397728, -2.39589667320251, 0.89360654354095, -0.02848982810974, 0.39414390921593, 1.30133926868439, -2.68597292900085, -1.96702873706818, 0.89556950330734, -2.25746583938599, 0.58971685171127, 1.93717348575592, -1.72350227832794, -2.52228450775146, 0.84457302093506, 0.00340868905187, -2.48649859428406, 0.81858599185944, 0.10937874019146, -2.46526026725769, 0.80739390850067, 0.12622174620628, -2.43532252311707, 0.79567086696625, 0.11780817806721, -2.41122531890869, 0.79509860277176, 0.09513371437788, -1.833735704422, 0.93393695354462, -2.26997971534729, -1.86595320701599, 1.03481125831604, -2.31438708305359, -1.8843822479248, 1.05758881568909, -2.31313323974609, -1.91014862060547, 1.06308007240295, -2.29287433624268, -1.93248116970062, 1.04986417293549, -2.27233815193176, -2.4670946598053, 0.85836523771286, -0.00864551216364, -2.47152733802795, 0.83897376060486, 0.07041312754154, -2.45057106018066, 0.83065724372864, 0.0818744674325, -2.42519164085388, 0.82298570871353, 0.07612603157759, -2.40525770187378, 0.81867927312851, 0.0607116445899, -1.8901264667511, 0.92354947328568, -2.26030278205872, -1.88402152061462, 0.99452584981918, -2.29993891716003, -1.90268576145172, 1.01137721538544, -2.29722380638123, -1.92514193058014, 1.01558613777161, -2.28259491920471, -1.94279396533966, 1.00964522361755, -2.2650842666626, 26.2229916011736, 164.074367109939, 157.43161199113, 155.53624815683, 148.549852560499, 4.69854518665972, 28.9778049689257, 23.8035405216692, 25.0374124876847, 23.8882468202084
0.22841262817383, -0.13326072692871, 0.09676551818848, 0.36535534262657, -1.58457291126251, -4.40423536300659, -1.92604446411133, 0.88531029224396, -2.26579594612122, 1.16307032108307, 0.42694181203842, 2.52345085144043, -2.17193818092346, 1.28945994377136, -1.93056535720825, -0.83811074495316, 0.02680758014321, 0.29466211795807, -2.39589667320251, 0.89360654354095, -0.02848982810974, 0.39414390921593, 1.30133926868439, -2.68597292900085, -1.96209990978241, 0.89173263311386, -2.25309324264526, 0.65739786624908, 1.94484961032867, -1.68474626541138, -2.52228450775146, 0.84457302093506, 0.00340868905187, -2.48649859428406, 0.81858599185944, 0.10937874019146, -2.46526026725769, 0.80739390850067, 0.12622174620628, -2.43532252311707, 0.79567086696625, 0.11780817806721, -2.41122531890869, 0.79509860277176, 0.09513371437788, -1.82614874839783, 0.92012500762939, -2.26342988014221, -1.85010004043579, 1.02330732345581, -2.30776238441467, -1.86680114269257, 1.04738783836365, -2.3066577911377, -1.89239132404327, 1.05469477176666, -2.28675222396851, -1.9159529209137, 1.04308998584747, -2.26661992073059, -2.4670946598053, 0.85836523771286, -0.00864551216364, -2.47152733802795, 0.83897376060486, 0.07041312754154, -2.45057106018066, 0.83065724372864, 0.0818744674325, -2.42519164085388, 0.82298570871353, 0.07612603157759, -2.40525770187378, 0.81867927312851, 0.0607116445899, -1.88329577445984, 0.91392254829407, -2.25464296340942, -1.87133061885834, 0.98441696166992, -2.29380059242249, -1.88872897624969, 1.00259912014008, -2.29127049446106, -1.91102874279022, 1.00840508937836, -2.27695202827454, -1.92933654785156, 1.00371944904327, -2.25973629951477, 26.1734915127113, 164.033481597568, 157.526059846973, 155.549075252091, 148.479146442211, 4.69854518665972, 28.9778049689257, 23.8035405216692, 25.0374124876847, 23.8882468202084
0.02974891662598, 0.01131248474121, 0.33266258239746, 0.52781128883362, -1.40305840969086, -8.30031967163086, -1.92187070846558, 0.87848699092865, -2.26087260246277, 1.19235098361969, 0.24604569375515, 2.34391403198242, -2.17021441459656, 1.2891753911972, -1.93067717552185, -0.83930134773254, 0.02492592483759, 0.2936235666275, -2.39589667320251, 0.89360654354095, -0.02848982810974, 0.39414390921593, 1.30133926868439, -2.68597292900085, -1.95556735992432, 0.88857012987137, -2.24723744392395, 0.78005969524384, 1.96028912067413, -1.60763204097748, -2.52228450775146, 0.84457302093506, 0.00340868905187, -2.48649859428406, 0.81858599185944, 0.10937874019146, -2.46526026725769, 0.80739390850067, 0.12622174620628, -2.43532252311707, 0.79567086696625, 0.11780817806721, -2.41122531890869, 0.79509860277176, 0.09513371437788, -1.8167473077774, 0.89839380979538, -2.25254654884338, -1.82496547698975, 1.00412118434906, -2.29658961296082, -1.83829641342163, 1.03023064136505, -2.29581069946289, -1.86336445808411, 1.04081249237061, -2.27672958374023, -1.88898158073425, 1.03238081932068, -2.2575511932373, -2.4670946598053, 0.85836523771286, -0.00864551216364, -2.47152733802795, 0.83897376060486, 0.07041312754154, -2.45057106018066, 0.83065724372864, 0.0818744674325, -2.42519164085388, 0.82298570871353, 0.07612603157759, -2.40525770187378, 0.81867927312851, 0.0607116445899, -1.87448668479919, 0.89991825819016, -2.24581527709961, -1.85173165798187, 0.96837556362152, -2.28378582000732, -1.86659944057465, 0.98872667551041, -2.28166890144348, -1.88841140270233, 0.99740916490555, -2.26807284355164, -1.90778875350952, 0.99514025449753, -2.25155353546143, 26.1308147832297, 163.96261155474, 157.655847101582, 155.609057973382, 148.440952024372, 4.69854518665972, 28.9778049689257, 23.8035405216692, 25.0374124876847, 23.8882468202084
0.16219425201416, -0.07688283920288, 0.2622127532959, 0.34931463003159, -1.07733750343323, -5.36235427856445, -1.91723847389221, 0.87005603313446, -2.25375509262085, 1.208092212677, -0.13855382800102, 1.96991288661957, -2.16849875450134, 1.28897714614868, -1.9307507276535, -0.84017831087112, 0.02071686647832, 0.29291722178459, -2.39589667320251, 0.89360654354095, -0.02848982810974, 0.39414390921593, 1.30133926868439, -2.68597292900085, -1.94970071315765, 0.884545981884, -2.24219942092896, 0.85142332315445, 1.97642529010773, -1.55628526210785, -2.52228450775146, 0.84457302093506, 0.00340868905187, -2.48649859428406, 0.81858599185944, 0.10937874019146, -2.46526026725769, 0.80739390850067, 0.12622174620628, -2.43532252311707, 0.79567086696625, 0.11780817806721, -2.41122531890869, 0.79509860277176, 0.09513371437788, -1.81045699119568, 0.88334167003632, -2.2445285320282, -1.80932235717773, 0.98956221342087, -2.28813505172729, -1.8205554485321, 1.01664400100708, -2.28748917579651, -1.84510922431946, 1.02910614013672, -2.26888036727905, -1.87171936035156, 1.02265810966492, -2.25029373168945, -2.4670946598053, 0.85836523771286, -0.00864551216364, -2.47152733802795, 0.83897376060486, 0.07041312754154, -2.45057106018066, 0.83065724372864, 0.0818744674325, -2.42519164085388, 0.82298570871353, 0.07612603157759, -2.40525770187378, 0.81867927312851, 0.0607116445899, -1.8680248260498, 0.88941729068756, -2.23900604248047, -1.83910620212555, 0.95600312948227, -2.27610039710999, -1.85235595703125, 0.9774614572525, -2.27418184280396, -1.87369751930237, 0.98779356479645, -2.26099896430969, -1.89354348182678, 0.9870041012764, -2.24490451812744, 26.0897875444327, 163.892028379857, 157.847065077585, 155.681061827613, 148.393086058669, 4.69854518665972, 28.9778049689257, 23.8035405216692, 25.0374124876847, 23.8882468202084
0.18883609771729, 0.16615962982178, 0.30159187316895, 0.59161972999573, -2.54806733131409, -9.7489652633667, -1.91282916069031, 0.8630742430687, -2.24801349639893, 1.19303488731384, -0.36158579587936, 1.75361800193787, -2.16672801971436, 1.28868651390076, -1.93075716495514, -0.83939605951309, 0.01816636323929, 0.29204669594765, -2.39589667320251, 0.89360654354095, -0.02848982810974, 0.39414390921593, 1.30133926868439, -2.68597292900085, -1.94431591033936, 0.88029462099075, -2.23775148391724, 0.90020680427551, 1.99142575263977, -1.51724028587341, -2.52228450775146, 0.84457302093506, 0.00340868905187, -2.48649859428406, 0.81858599185944, 0.10937874019146, -2.46526026725769, 0.80739390850067, 0.12622174620628, -2.43532252311707, 0.79567086696625, 0.11780817806721, -2.41122531890869, 0.79509860277176, 0.09513371437788, -1.80532693862915, 0.87148135900497, -2.23801064491272, -1.79773092269897, 0.97760707139969, -2.28119921684265, -1.80747544765472, 1.00526082515717, -2.28061962127686, -1.83158910274506, 1.01899337768555, -2.26233243942261, -1.85878908634186, 1.01395666599274, -2.24416851997375, -2.4670946598053, 0.85836523771286, -0.00864551216364, -2.47152733802795, 0.83897376060486, 0.07041312754154, -2.45057106018066, 0.83065724372864, 0.0818744674325, -2.42519164085388, 0.82298570871353, 0.07612603157759, -2.40525770187378, 0.81867927312851, 0.0607116445899, -1.86255323886871, 0.88068109750748, -2.23332357406616, -1.8294825553894, 0.94569271802902, -2.26973462104797, -1.84156703948975, 0.96783810853958, -2.26793360710144, -1.86250829696655, 0.97928392887115, -2.25503182411194, -1.88260817527771, 0.97953456640244, -2.23923778533936, 26.0504285793406, 163.821294940812, 158.208259141274, 155.789607193902, 148.324592921672, 4.69854518665972, 28.9778049689257, 23.8035405216692, 25.0374124876847, 23.8882468202084
0.28673458099365, -0.04193258285522, 0.28808212280273, 0.34760037064552, -1.53161442279816, -5.71721220016479, -1.90858948230743, 0.8568549156189, -2.2430956363678, 1.17311489582062, -0.50177425146103, 1.61842727661133, -2.16505265235901, 1.28825223445892, -1.93093657493591, -0.83776658773422, 0.01902635209262, 0.29039376974106, -2.39589667320251, 0.89360654354095, -0.02848982810974, 0.39414390921593, 1.30133926868439, -2.68597292900085, -1.93979847431183, 0.87704277038574, -2.22972774505615, 1.01504707336426, 2.06044411659241, -1.40050053596497, -2.52228450775146, 0.84457302093506, 0.00340868905187, -2.48649859428406, 0.81858599185944, 0.10937874019146, -2.46526026725769, 0.80739390850067, 0.12622174620628, -2.43532252311707, 0.79567086696625, 0.11780817806721, -2.41122531890869, 0.79509860277176, 0.09513371437788, -1.80323362350464, 0.84992665052414, -2.2264940738678, -1.78052473068237, 0.95446407794952, -2.26822972297668, -1.78654599189758, 0.98315805196762, -2.26757955551147, -1.8091242313385, 0.99980962276459, -2.24976325035095, -1.8372346162796, 0.99826675653458, -2.23236918449402, -2.4670946598053, 0.85836523771286, -0.00864551216364, -2.47152733802795, 0.83897376060486, 0.07041312754154, -2.45057106018066, 0.83065724372864, 0.0818744674325, -2.42519164085388, 0.82298570871353, 0.07612603157759, -2.40525770187378, 0.81867927312851, 0.0607116445899, -1.85885107517242, 0.86657583713531, -2.22318196296692, -1.81651091575623, 0.92693716287613, -2.25796365737915, -1.82561111450195, 0.9504708647728, -2.25621747970581, -1.84520125389099, 0.96448022127151, -2.24372911453247, -1.86551403999329, 0.96725827455521, -2.22845864295959, 26.0056122931015, 163.730644670148, 158.905717078181, 156.177070165139, 148.337064847096, 4.69854518665972, 28.9778049689257, 23.8035405216692, 25.0374124876847, 23.8882468202084
0.30798625946045, -0.12932968139648, 0.2669677734375, 0.23892858624458, -1.07952153682709, -3.93872332572937, -1.90734660625458, 0.84912818670273, -2.23441934585571, 1.10166919231415, -0.77238482236862, 1.35006356239319, -2.163498878479, 1.28783977031708, -1.93113243579865, -0.83654165267944, 0.0210539419204, 0.28672674298286, -2.39589667320251, 0.89360654354095, -0.02848982810974, 0.39414390921593, 1.30133926868439, -2.68597292900085, -1.9353494644165, 0.87283802032471, -2.22285223007202, 1.08184790611267, 2.12171268463135, -1.31036734580994, -2.52228450775146, 0.84457302093506, 0.00340868905187, -2.48649859428406, 0.81858599185944, 0.10937874019146, -2.46526026725769, 0.80739390850067, 0.12622174620628, -2.43532252311707, 0.79567086696625, 0.11780817806721, -2.41122531890869, 0.79509860277176, 0.09513371437788, -1.80147171020508, 0.83483761548996, -2.21752309799194, -1.76974928379059, 0.93743014335632, -2.25819373130798, -1.77346229553223, 0.96651089191437, -2.25745725631714, -1.79493522644043, 0.98482799530029, -2.23991084098816, -1.82337248325348, 0.98545551300049, -2.22299742698669, -2.4670946598053, 0.85836523771286, -0.00864551216364, -2.47152733802795, 0.83897376060486, 0.07041312754154, -2.45057106018066, 0.83065724372864, 0.0818744674325, -2.42519164085388, 0.82298570871353, 0.07612603157759, -2.40525770187378, 0.81867927312851, 0.0607116445899, -1.85562479496002, 0.85587751865387, -2.21502876281738, -1.80799567699432, 0.91282618045807, -2.24870753288269, -1.8152095079422, 0.93700474500656, -2.2469596862793, -1.83382499217987, 0.95247596502304, -2.234708070755, -1.85410809516907, 0.95679581165314, -2.21975994110107, 25.9614124314351, 163.637235003059, 159.65968800028, 156.613437290833, 148.354331565318, 4.69854518665972, 28.9778049689257, 23.8035405216692, 25.0374124876847, 23.8882468202084
0.14259052276611, 0.21932315826416, 0.47296142578125, 0.71610653400421, -1.91602754592896, -9.54310512542725, -1.90516304969788, 0.8424346446991, -2.22718453407288, 1.04601979255676, -0.89674705266953, 1.22789788246155, -2.16183853149414, 1.28743934631348, -1.93124198913574, -0.83603167533875, 0.02298299595714, 0.28098753094673, -2.39589667320251, 0.89360654354095, -0.02848982810974, 0.39414390921593, 1.30133926868439, -2.68597292900085, -1.9317866563797, 0.86927860975266, -2.21222448348999, 1.18377161026001, 2.23019194602966, -1.14546811580658, -2.52228450775146, 0.84457302093506, 0.00340868905187, -2.48649859428406, 0.81858599185944, 0.10937874019146, -2.46526026725769, 0.80739390850067, 0.12622174620628, -2.43532252311707, 0.79567086696625, 0.11780817806721, -2.41122531890869, 0.79509860277176, 0.09513371437788, -1.80393004417419, 0.81511801481247, -2.20150065422058, -1.75819313526154, 0.91291481256485, -2.24060988426209, -1.75832831859589, 0.94223350286484, -2.23996138572693, -1.7780853509903, 0.96310192346573, -2.22326874732971, -1.80689764022827, 0.96726977825165, -2.20753288269043, -2.4670946598053, 0.85836523771286, -0.00864551216364, -2.47152733802795, 0.83897376060486, 0.07041312754154, -2.45057106018066, 0.83065724372864, 0.0818744674325, -2.42519164085388, 0.82298570871353, 0.07612603157759, -2.40525770187378, 0.81867927312851, 0.0607116445899, -1.85514068603516, 0.84266477823257, -2.20117974281311, -1.79953098297119, 0.89322811365128, -2.23275279998779, -1.80378186702728, 0.91811513900757, -2.23124837875366, -1.82083892822266, 0.93579292297363, -2.21973514556885, -1.8410313129425, 0.9426167011261, -2.20562076568604, 25.9094363993986, 163.515357107509, 160.247234533063, 157.055610077321, 148.610436338437, 4.69854518665972, 28.9778049689257, 23.8035405216692, 25.0374124876847, 23.8882468202084
0.24360466003418, -0.01812744140625, 0.4295654296875, 0.42038542032242, -1.21623384952545, -5.77871084213257, -1.90541696548462, 0.83538156747818, -2.21538424491882, 0.9438738822937, -1.0448956489563, 1.10049426555634, -2.16010212898254, 1.28704726696014, -1.93124330043793, -0.83732068538666, 0.02276096306741, 0.27775809168816, -2.39589667320251, 0.89360654354095, -0.02848982810974, 0.39414390921593, 1.30133926868439, -2.68597292900085, -1.92850494384766, 0.86486709117889, -2.20304346084595, 1.23955774307251, 2.33574676513672, -1.00722694396973, -2.52228450775146, 0.84457302093506, 0.00340868905187, -2.48649859428406, 0.81858599185944, 0.10937874019146, -2.46526026725769, 0.80739390850067, 0.12622174620628, -2.43532252311707, 0.79567086696625, 0.11780817806721, -2.41122531890869, 0.79509860277176, 0.09513371437788, -1.80528628826141, 0.80142438411713, -2.18933629989624, -1.75153565406799, 0.89555990695953, -2.22721767425537, -1.74952256679535, 0.92480891942978, -2.22653555870056, -1.76807963848114, 0.94708675146103, -2.21029329299927, -1.79687404632568, 0.95337730646133, -2.19524502754211, -2.4670946598053, 0.85836523771286, -0.00864551216364, -2.47152733802795, 0.83897376060486, 0.07041312754154, -2.45057106018066, 0.83065724372864, 0.0818744674325, -2.42519164085388, 0.82298570871353, 0.07612603157759, -2.40525770187378, 0.81867927312851, 0.0607116445899, -1.85431790351868, 0.8326752781868, -2.19020414352417, -1.79438960552216, 0.87898129224777, -2.22037553787231, -1.79682719707489, 0.9041149020195, -2.21894145011902, -1.81280398368835, 0.92300897836685, -2.20781660079956, -1.83276963233948, 0.93131124973297, -2.19418025016785, 25.8568371126003, 163.316134149798, 160.855449218274, 157.501279920664, 148.893930170128, 4.69854518665972, 28.9778049689257, 23.8035405216692, 25.0374124876847, 23.8882468202084
0.2396821975708, 0.15392875671387, 0.62867546081543, -0.02232716791332, -2.95612955093384, -8.87987804412842, -1.90464019775391, 0.82911491394043, -2.20561528205872, 0.87890332937241, -1.11424779891968, 1.04307568073273, -2.15850114822388, 1.28671550750732, -1.93110322952271, -0.83923721313477, 0.02110345289111, 0.27580830454826, -2.39589667320251, 0.89360654354095, -0.02848982810974, 0.39414390921593, 1.30133926868439, -2.68597292900085, -1.92523121833801, 0.86016124486923, -2.1948447227478, 1.27502965927124, 2.43837952613831, -0.88195073604584, -2.52228450775146, 0.84457302093506, 0.00340868905187, -2.48649859428406, 0.81858599185944, 0.10937874019146, -2.46526026725769, 0.80739390850067, 0.12622174620628, -2.43532252311707, 0.79567086696625, 0.11780817806721, -2.41122531890869, 0.79509860277176, 0.09513371437788, -1.80574715137482, 0.79035043716431, -2.17917013168335, -1.74652147293091, 0.88155049085617, -2.21605491638184, -1.74299144744873, 0.91065382957458, -2.21530771255493, -1.76062345504761, 0.93386924266815, -2.19935059547424, -1.78929448127747, 0.94165563583374, -2.18477392196655, -2.4670946598053, 0.85836523771286, -0.00864551216364, -2.47152733802795, 0.83897376060486, 0.07041312754154, -2.45057106018066, 0.83065724372864, 0.0818744674325, -2.42519164085388, 0.82298570871353, 0.07612603157759, -2.40525770187378, 0.81867927312851, 0.0607116445899, -1.85305428504944, 0.82412612438202, -2.18081498146057, -1.79029202461243, 0.8672371506691, -2.2099404335022, -1.79143393039703, 0.89246356487274, -2.20851969718933, -1.80658185482025, 0.91216588020325, -2.19764018058777, -1.82630884647369, 0.92149931192398, -2.18432688713074, 25.8036316465132, 163.077432698684, 161.493730396212, 157.950023349134, 149.178749058517, 4.69854518665972, 28.9778049689257, 23.8035405216692, 25.0374124876847, 23.8882468202084
0.25069427490234, -0.06994342803955, 0.58085060119629, 0.02769584208727, -1.72309982776642, -5.31828832626343, -1.90323150157928, 0.82320910692215, -2.19706010818481, 0.83167189359665, -1.1569162607193, 1.00850975513458, -2.15697121620178, 1.28645837306976, -1.93095445632935, -0.84211081266403, 0.01955299638212, 0.27373725175858, -2.39589667320251, 0.89360654354095, -0.02848982810974, 0.39414390921593, 1.30133926868439, -2.68597292900085, -1.9226416349411, 0.85449117422104, -2.18249177932739, 1.30860912799835, 2.69613981246948, -0.58424359560013, -2.52228450775146, 0.84457302093506, 0.00340868905187, -2.48649859428406, 0.81858599185944, 0.10937874019146, -2.46526026725769, 0.80739390850067, 0.12622174620628, -2.43532252311707, 0.79567086696625, 0.11780817806721, -2.41122531890869, 0.79509860277176, 0.09513371437788, -1.8101372718811, 0.77434688806534, -2.16473340988159, -1.74220848083496, 0.86061632633209, -2.19833207130432, -1.73620390892029, 0.88928890228271, -2.19697141647339, -1.75222682952881, 0.91370064020157, -2.18110299110413, -1.78053367137909, 0.9237220287323, -2.16719508171082, -2.4670946598053, 0.85836523771286, -0.00864551216364, -2.47152733802795, 0.83897376060486, 0.07041312754154, -2.45057106018066, 0.83065724372864, 0.0818744674325, -2.42519164085388, 0.82298570871353, 0.07612603157759, -2.40525770187378, 0.81867927312851, 0.0607116445899, -1.85428512096405, 0.81212055683136, -2.1670970916748, -1.78721106052399, 0.85006278753281, -2.19369435310364, -1.78621327877045, 0.87526857852936, -2.19185924530029, -1.79991674423218, 0.89604270458221, -2.18105864524841, -1.81914639472961, 0.90684843063354, -2.16813683509827, 25.7500590577582, 162.486266165641, 162.025351340071, 158.183246988533, 149.335884390562, 4.69854518665972, 28.9778049689257, 23.8035405216692, 25.0374124876847, 23.8882468202084
0.25662517547607, -0.16264486312866, 0.53486251831055, 0.04696558788419, -1.19255912303925, -3.77079820632935, -1.90385699272156, 0.81580781936646, -2.18474769592285, 0.7570858001709, -1.23357176780701, 0.94126147031784, -2.15546727180481, 1.28615236282349, -1.93087363243103, -0.84369605779648, 0.01995349489152, 0.27151840925217, -2.39589667320251, 0.89360654354095, -0.02848982810974, 0.39414390921593, 1.30133926868439, -2.68597292900085, -1.9199321269989, 0.84863990545273, -2.17172169685364, 1.31955575942993, 2.91173052787781, -0.34070327877998, -2.52228450775146, 0.84457302093506, 0.00340868905187, -2.48649859428406, 0.81858599185944, 0.10937874019146, -2.46526026725769, 0.80739390850067, 0.12622174620628, -2.43532252311707, 0.79567086696625, 0.11780817806721, -2.41122531890869, 0.79509860277176, 0.09513371437788, -1.81296849250793, 0.76152265071869, -2.1526153087616, -1.73917984962463, 0.84374135732651, -2.18393540382385, -1.7314475774765, 0.87197321653366, -2.18214726448059, -1.74625408649445, 0.89717674255371, -2.16633486747742, -1.77416610717773, 0.90879678726196, -2.15288043022156, -2.4670946598053, 0.85836523771286, -0.00864551216364, -2.47152733802795, 0.83897376060486, 0.07041312754154, -2.45057106018066, 0.83065724372864, 0.0818744674325, -2.42519164085388, 0.82298570871353, 0.07612603157759, -2.40525770187378, 0.81867927312851, 0.0607116445899, -1.85464572906494, 0.80197614431381, -2.15544080734253, -1.78483259677887, 0.83594846725464, -2.18029975891113, -1.78231990337372, 0.86102557182312, -2.17817330360413, -1.79493319988251, 0.88250350952148, -2.16742134094238, -1.81371867656708, 0.89435422420502, -2.15476512908936, 25.6959451765115, 161.947159334452, 162.541863905485, 158.450853800214, 149.513073158011, 4.69854518665972, 28.9778049689257, 23.8035405216692, 25.0374124876847, 23.8882468202084
0.25075435638428, -0.05962657928467, 0.78651809692383, 1.18800723552704, -2.06064105033875, -6.23892402648926, -1.90352654457092, 0.80889177322388, -2.1740243434906, 0.70144492387772, -1.27935922145844, 0.90264827013016, -2.15404319763184, 1.2858635187149, -1.9308397769928, -0.84461790323257, 0.02153989300132, 0.26789784431458, -2.39589667320251, 0.89360654354095, -0.02848982810974, 0.39414390921593, 1.30133926868439, -2.68597292900085, -1.92005884647369, 0.84081679582596, -2.16441297531128, 1.29534316062927, -3.1010320186615, -0.04622729122639, -2.52228450775146, 0.84457302093506, 0.00340868905187, -2.48649859428406, 0.81858599185944, 0.10937874019146, -2.46526026725769, 0.80739390850067, 0.12622174620628, -2.43532252311707, 0.79567086696625, 0.11780817806721, -2.41122531890869, 0.79509860277176, 0.09513371437788, -1.82008957862854, 0.74548763036728, -2.14668774604797, -1.73999083042145, 0.82294344902039, -2.17444396018982, -1.7302325963974, 0.85045862197876, -2.17166638374329, -1.74338519573212, 0.87619346380234, -2.15525889396667, -1.77056872844696, 0.88942933082581, -2.14180517196655, -2.4670946598053, 0.85836523771286, -0.00864551216364, -2.47152733802795, 0.83897376060486, 0.07041312754154, -2.45057106018066, 0.83065724372864, 0.0818744674325, -2.42519164085388, 0.82298570871353, 0.07612603157759, -2.40525770187378, 0.81867927312851, 0.0607116445899, -1.85863327980042, 0.78897899389267, -2.14877247810364, -1.78614282608032, 0.81843966245651, -2.17164468765259, -1.78182637691498, 0.84318578243256, -2.16869592666626, -1.79298889636993, 0.86519932746887, -2.15743517875671, -1.81104254722595, 0.87801468372345, -2.1446545124054, 25.6496655222428, 161.395170766489, 162.884753062198, 158.606609434047, 149.564586444731, 4.69854518665972, 28.9778049689257, 23.8035405216692, 25.0374124876847, 23.8882468202084
0.25934600830078, -0.18203830718994, 0.70846366882324, 0.73330265283585, -1.44296205043793, -4.45054912567139, -1.90658593177795, 0.80005341768265, -2.16775703430176, 0.63833320140839, -1.33249521255493, 0.8397581577301, -2.15261936187744, 1.28568124771118, -1.93069791793823, -0.84553492069244, 0.02271057665348, 0.26319435238838, -2.39589667320251, 0.89360654354095, -0.02848982810974, 0.39414390921593, 1.30133926868439, -2.68597292900085, -1.91933584213257, 0.83325815200806, -2.15709447860718, 1.2682249546051, -2.93478846549988, 0.1391823887825, -2.52228450775146, 0.84457302093506, 0.00340868905187, -2.48649859428406, 0.81858599185944, 0.10937874019146, -2.46526026725769, 0.80739390850067, 0.12622174620628, -2.43532252311707, 0.79567086696625, 0.11780817806721, -2.41122531890869, 0.79509860277176, 0.09513371437788, -1.82503831386566, 0.73216581344604, -2.14024209976196, -1.74043071269989, 0.80557096004486, -2.16551756858826, -1.7291933298111, 0.83243799209595, -2.16206693649292, -1.74109327793121, 0.85853397846222, -2.14527797698975, -1.7676602602005, 0.87299460172653, -2.13185334205627, -2.4670946598053, 0.85836523771286, -0.00864551216364, -2.47152733802795, 0.83897376060486, 0.07041312754154, -2.45057106018066, 0.83065724372864, 0.0818744674325, -2.42519164085388, 0.82298570871353, 0.07612603157759, -2.40525770187378, 0.81867927312851, 0.0607116445899, -1.86107850074768, 0.77777254581451, -2.14185261726379, -1.78679203987122, 0.80359393358231, -2.16331768035889, -1.78114366531372, 0.82799690961838, -2.15981268882751, -1.79120123386383, 0.85036981105804, -2.14822363853455, -1.80866825580597, 0.86391472816467, -2.1353805065155, 25.6040535189654, 160.851187180232, 163.249007050635, 158.799972089451, 149.61989731663, 4.69854518665972, 28.9778049689257, 23.8035405216692, 25.0374124876847, 23.8882468202084
0.05076885223389, -0.20440578460693, 0.48310661315918, 2.23698973655701, -1.01181089878082, -5.31322240829468, -1.90810871124268, 0.79188150167465, -2.16112971305847, 0.58843284845352, -1.36657583713531, 0.80060547590256, -2.15122413635254, 1.28554582595825, -1.93057298660278, -0.8467789888382, 0.02294959314167, 0.25973138213158, -2.39589667320251, 0.89360654354095, -0.02848982810974, 0.39414390921593, 1.30133926868439, -2.68597292900085, -1.91860222816467, 0.82563853263855, -2.15361356735229, 1.23029911518097, -2.84557509422302, 0.24477069079876, -2.52228450775146, 0.84457302093506, 0.00340868905187, -2.48649859428406, 0.81858599185944, 0.10937874019146, -2.46526026725769, 0.80739390850067, 0.12622174620628, -2.43532252311707, 0.79567086696625, 0.11780817806721, -2.41122531890869, 0.79509860277176, 0.09513371437788, -1.82878851890564, 0.72025263309479, -2.13868045806885, -1.74091672897339, 0.79073333740234, -2.16096544265747, -1.72861325740814, 0.81699860095978, -2.15663123130798, -1.73961210250854, 0.84308707714081, -2.13922739028931, -1.76570880413055, 0.85826373100281, -2.12567138671875, -2.4670946598053, 0.85836523771286, -0.00864551216364, -2.47152733802795, 0.83897376060486, 0.07041312754154, -2.45057106018066, 0.83065724372864, 0.0818744674325, -2.42519164085388, 0.82298570871353, 0.07612603157759, -2.40525770187378, 0.81867927312851, 0.0607116445899, -1.86288130283356, 0.76735556125641, -2.13936042785645, -1.78734254837036, 0.7906379699707, -2.15930485725403, -1.78072583675385, 0.81467473506927, -2.15504479408264, -1.78997850418091, 0.83711403608322, -2.14292597770691, -1.80701518058777, 0.85101163387299, -2.1298828125, 25.599999801693, 160.779620458109, 163.690483157828, 159.281035973073, 149.80686691497, 4.69854518665972, 28.9778049689257, 23.8035405216692, 25.0374124876847, 23.8882468202084
0.11854076385498, -0.28909921646118, 0.49831581115723, 1.46078038215637, -0.83021306991577, -4.0107479095459, -1.90905833244324, 0.78395813703537, -2.15871357917786, 0.5527116060257, -1.40045762062073, 0.75823569297791, -2.14991927146912, 1.2855019569397, -1.93042826652527, -0.84780275821686, 0.02278109639883, 0.25688871741295, -2.39589667320251, 0.89360654354095, -0.02848982810974, 0.39414390921593, 1.30133926868439, -2.68597292900085, -1.91734945774078, 0.81830298900604, -2.14915108680725, 1.1967259645462, -2.77587795257568, 0.32989120483398, -2.52228450775146, 0.84457302093506, 0.00340868905187, -2.48649859428406, 0.81858599185944, 0.10937874019146, -2.46526026725769, 0.80739390850067, 0.12622174620628, -2.43532252311707, 0.79567086696625, 0.11780817806721, -2.41122531890869, 0.79509860277176, 0.09513371437788, -1.83186721801758, 0.7091811299324, -2.13570189476013, -1.74108982086182, 0.77663838863373, -2.15556621551514, -1.72781956195831, 0.80230093002319, -2.15053057670593, -1.73797655105591, 0.82841336727142, -2.13265752792358, -1.76360356807709, 0.84430009126663, -2.11901926994324, -2.4670946598053, 0.85836523771286, -0.00864551216364, -2.47152733802795, 0.83897376060486, 0.07041312754154, -2.45057106018066, 0.83065724372864, 0.0818744674325, -2.42519164085388, 0.82298570871353, 0.07612603157759, -2.40525770187378, 0.81867927312851, 0.0607116445899, -1.86409175395966, 0.7575860619545, -2.13566207885742, -1.78749895095825, 0.77832406759262, -2.15435552597046, -1.77999687194824, 0.80198460817337, -2.14949822425842, -1.78849577903748, 0.82449871301651, -2.13697290420532, -1.80511450767517, 0.83876413106918, -2.12378835678101, 25.6026772358477, 160.711291245652, 164.177707872082, 159.741773213725, 150.013070326013, 4.69854518665972, 28.9778049689257, 23.8035405216692, 25.0374124876847, 23.8882468202084
0.12292671203613, -0.3055100440979, 0.23431777954102, 2.04382920265198, -0.79121345281601, -3.00464677810669, -1.90938198566437, 0.77640235424042, -2.15508484840393, 0.51759219169617, -1.42706096172333, 0.7258129119873, -2.14868640899658, 1.28552091121674, -1.93032133579254, -0.84736967086792, 0.02292988449335, 0.25329062342644, -2.39589667320251, 0.89360654354095, -0.02848982810974, 0.39414390921593, 1.30133926868439, -2.68597292900085, -1.91574013233185, 0.81116533279419, -2.14405131340027, 1.1644104719162, -2.71756052970886, 0.40340059995651, -2.52228450775146, 0.84457302093506, 0.00340868905187, -2.48649859428406, 0.81858599185944, 0.10937874019146, -2.46526026725769, 0.80739390850067, 0.12622174620628, -2.43532252311707, 0.79567086696625, 0.11780817806721, -2.41122531890869, 0.79509860277176, 0.09513371437788, -1.83461976051331, 0.69861441850662, -2.13190793991089, -1.74114167690277, 0.76290714740753, -2.14962530136108, -1.7269538640976, 0.78794288635254, -2.14397382736206, -1.73628687858582, 0.8140834569931, -2.12569689750671, -1.76142513751984, 0.83068019151688, -2.11199498176575, -2.4670946598053, 0.85836523771286, -0.00864551216364, -2.47152733802795, 0.83897376060486, 0.07041312754154, -2.45057106018066, 0.83065724372864, 0.0818744674325, -2.42519164085388, 0.82298570871353, 0.07612603157759, -2.40525770187378, 0.81867927312851, 0.0607116445899, -1.86497414112091, 0.74820899963379, -2.13123726844788, -1.78746271133423, 0.76634639501572, -2.14881443977356, -1.77911293506622, 0.78960633277893, -2.14343333244324, -1.78687262535095, 0.81218922138214, -2.1305570602417, -1.80306684970856, 0.8268296122551, -2.1172559261322, 25.6118979912272, 160.64588535416, 164.685423153845, 160.168113621717, 150.215599095282, 4.69854518665972, 28.9778049689257, 23.8035405216692, 25.0374124876847, 23.8882468202084
0.16380786895752, -0.32181787490845, 0.30969429016113, 1.58791053295136, -0.72451853752136, -2.81109833717346, -1.90931689739227, 0.76910954713821, -2.15071558952332, 0.48220804333687, -1.44981336593628, 0.69854456186295, -2.1475248336792, 1.28554248809814, -1.93018579483032, -0.8467258810997, 0.02263343520463, 0.25056818127632, -2.39589667320251, 0.89360654354095, -0.02848982810974, 0.39414390921593, 1.30133926868439, -2.68597292900085, -1.91891407966614, 0.80574691295624, -2.14194297790527, 1.16130423545837, -2.69975709915161, 0.43120232224464, -2.52228450775146, 0.84457302093506, 0.00340868905187, -2.48649859428406, 0.81858599185944, 0.10937874019146, -2.46526026725769, 0.80739390850067, 0.12622174620628, -2.43532252311707, 0.79567086696625, 0.11780817806721, -2.41122531890869, 0.79509860277176, 0.09513371437788, -1.83916914463043, 0.69230860471725, -2.1289746761322, -1.7448353767395, 0.75550729036331, -2.14608263969421, -1.73040890693665, 0.78039145469666, -2.14036583900452, -1.73958599567413, 0.80666971206665, -2.12220788002014, -1.76463961601257, 0.82357496023178, -2.10872960090637, -2.4670946598053, 0.85836523771286, -0.00864551216364, -2.47152733802795, 0.83897376060486, 0.07041312754154, -2.45057106018066, 0.83065724372864, 0.0818744674325, -2.42519164085388, 0.82298570871353, 0.07612603157759, -2.40525770187378, 0.81867927312851, 0.0607116445899, -1.86896431446075, 0.74224442243576, -2.12862610816956, -1.79111933708191, 0.75947159528732, -2.1456356048584, -1.78254854679108, 0.78264552354813, -2.1402313709259, -1.79015111923218, 0.80533856153488, -2.12745523452759, -1.80628049373627, 0.82018572092056, -2.11430549621582, 25.6058925473994, 160.654887543486, 165.348374975065, 160.373292504385, 150.420873600597, 4.69854518665972, 28.9778049689257, 23.8035405216692, 25.0374124876847, 23.8882468202084
0.19485282897949, -0.32515239715576, 0.35875511169434, 1.37191879749298, -0.69679397344589, -2.75267839431763, -1.91291630268097, 0.76360899209976, -2.14848303794861, 0.47075963020325, -1.4572868347168, 0.69907546043396, -2.14645195007324, 1.28564286231995, -1.92999529838562, -0.84658861160278, 0.0216537900269, 0.24879725277424, -2.39589667320251, 0.89360654354095, -0.02848982810974, 0.39414390921593, 1.30133926868439, -2.68597292900085, -1.92075002193451, 0.7999529838562, -2.13875198364258, 1.15367484092712, -2.67687892913818, 0.46452587842941, -2.52228450775146, 0.84457302093506, 0.00340868905187, -2.48649859428406, 0.81858599185944, 0.10937874019146, -2.46526026725769, 0.80739390850067, 0.12622174620628, -2.43532252311707, 0.79567086696625, 0.11780817806721, -2.41122531890869, 0.79509860277176, 0.09513371437788, -1.84285926818848, 0.68528980016708, -2.12529516220093, -1.74743735790253, 0.74704664945602, -2.14161586761475, -1.73267447948456, 0.77170062065125, -2.13576292991638, -1.7415851354599, 0.79809987545013, -2.11764764785767, -1.7664783000946, 0.81537568569183, -2.10434341430664, -2.4670946598053, 0.85836523771286, -0.00864551216364, -2.47152733802795, 0.83897376060486, 0.07041312754154, -2.45057106018066, 0.83065724372864, 0.0818744674325, -2.42519164085388, 0.82298570871353, 0.07612603157759, -2.40525770187378, 0.81867927312851, 0.0607116445899, -1.87188541889191, 0.73567748069763, -2.12512135505676, -1.79365706443787, 0.75172168016434, -2.14151811599731, -1.78477275371552, 0.77475601434708, -2.1360239982605, -1.79212307929993, 0.79755121469498, -2.12328219413757, -1.80812251567841, 0.8126323223114, -2.11024045944214, 25.6031621792787, 160.676156752561, 165.997884983998, 160.60243169066, 150.629932030713, 4.69854518665972, 28.9778049689257, 23.8035405216692, 25.0374124876847, 23.8882468202084
-0.18366050720215, -0.36593914031982, 0.1281623840332, -0.13003867864609, -0.55541467666626, -0.81447374820709, -1.91535067558289, 0.75773394107819, -2.14529061317444, 0.45558679103851, -1.46625757217407, 0.69609779119492, -2.14543843269348, 1.28587710857391, -1.92965507507324, -0.84695535898209, 0.02030199021101, 0.24816301465034, -2.39589667320251, 0.89360654354095, -0.02848982810974, 0.39414390921593, 1.30133926868439, -2.68597292900085, -1.92366302013397, 0.8000636100769, -2.13834166526794, 1.15667545795441, -2.67481303215027, 0.4701934158802, -2.52228450775146, 0.84457302093506, 0.00340868905187, -2.48649859428406, 0.81858599185944, 0.10937874019146, -2.46526026725769, 0.80739390850067, 0.12622174620628, -2.43532252311707, 0.79567086696625, 0.11780817806721, -2.41122531890869, 0.79509860277176, 0.09513371437788, -1.84589529037476, 0.68539732694626, -2.12421703338623, -1.75037944316864, 0.74702721834183, -2.14046859741211, -1.73561751842499, 0.77169251441956, -2.13466095924377, -1.74456608295441, 0.79816490411758, -2.1166718006134, -1.76948857307434, 0.81550717353821, -2.10350918769836, -2.4670946598053, 0.85836523771286, -0.00864551216364, -2.47152733802795, 0.83897376060486, 0.07041312754154, -2.45057106018066, 0.83065724372864, 0.0818744674325, -2.42519164085388, 0.82298570871353, 0.07612603157759, -2.40525770187378, 0.81867927312851, 0.0607116445899, -1.87488627433777, 0.73580539226532, -2.12432050704956, -1.79659593105316, 0.75173455476761, -2.14053249359131, -1.78771257400513, 0.77478295564651, -2.13509607315063, -1.79508662223816, 0.79763036966324, -2.12246179580688, -1.81111609935761, 0.81277078390121, -2.10952591896057, 25.5912110557785, 160.763132381452, 166.578382761558, 160.814727630443, 150.849290386097, 4.69854518665972, 28.9778049689257, 23.8035405216692, 25.0374124876847, 23.8882468202084
-0.0823802947998, -0.37060832977295, 0.2098388671875, 0.07172340899706, -0.55010253190994, -1.10673213005066, -1.91827297210693, 0.75781685113907, -2.1447069644928, 0.45450907945633, -1.46760725975037, 0.70012372732162, -2.14455771446228, 1.28620624542236, -1.92923974990845, -0.84716880321503, 0.01777388341725, 0.24920043349266, -2.39589667320251, 0.89360654354095, -0.02848982810974, 0.39414390921593, 1.30133926868439, -2.68597292900085, -1.92557656764984, 0.79876661300659, -2.13698768615723, 1.15743982791901, -2.66942071914673, 0.47986489534378, -2.52228450775146, 0.84457302093506, 0.00340868905187, -2.48649859428406, 0.81858599185944, 0.10937874019146, -2.46526026725769, 0.80739390850067, 0.12622174620628, -2.43532252311707, 0.79567086696625, 0.11780817806721, -2.41122531890869, 0.79509860277176, 0.09513371437788, -1.84821689128876, 0.68389332294464, -2.12231421470642, -1.75245332717896, 0.74518519639969, -2.13838481903076, -1.73763453960419, 0.76981848478317, -2.13258600234985, -1.74656248092651, 0.79636263847351, -2.1146924495697, -1.77147603034973, 0.81381464004517, -2.10165858268738, -2.4670946598053, 0.85836523771286, -0.00864551216364, -2.47152733802795, 0.83897376060486, 0.07041312754154, -2.45057106018066, 0.83065724372864, 0.0818744674325, -2.42519164085388, 0.82298570871353, 0.07612603157759, -2.40525770187378, 0.81867927312851, 0.0607116445899, -1.87704980373383, 0.73439109325409, -2.12264084815979, -1.79865431785584, 0.75003641843796, -2.13862013816834, -1.78971791267395, 0.77307027578354, -2.13320922851563, -1.79706406593323, 0.79597139358521, -2.12065625190735, -1.81309080123901, 0.81119328737259, -2.10781288146973, 25.5805235172747, 160.869246200398, 167.155205897344, 161.055805987387, 151.071626703959, 4.69854518665972, 28.9778049689257, 23.8035405216692, 25.0374124876847, 23.8882468202084
-0.19578838348389, -0.00575065612793, 0.01668548583984, -0.26615187525749, -0.2240851521492, -0.05045000836253, -1.92029654979706, 0.75648784637451, -2.14323139190674, 0.45115500688553, -1.47004377841949, 0.70247066020966, -2.1437840461731, 1.28660345077515, -1.92881369590759, -0.84705483913422, 0.01447212230414, 0.25096547603607, -2.39589667320251, 0.89360654354095, -0.02848982810974, 0.39414390921593, 1.30133926868439, -2.68597292900085, -1.92708778381348, 0.7964243888855, -2.13486862182617, 1.15647828578949, -2.659743309021, 0.49561709165573, -2.52228450775146, 0.84457302093506, 0.00340868905187, -2.48649859428406, 0.81858599185944, 0.10937874019146, -2.46526026725769, 0.80739390850067, 0.12622174620628, -2.43532252311707, 0.79567086696625, 0.11780817806721, -2.41122531890869, 0.79509860277176, 0.09513371437788, -1.85049772262573, 0.68111473321915, -2.11959338188171, -1.75428855419159, 0.74179142713547, -2.135333776474, -1.73934805393219, 0.76634633541107, -2.12951493263245, -1.74819934368134, 0.79298102855682, -2.11171817779541, -1.7730678319931, 0.8106107711792, -2.09883856773376, -2.4670946598053, 0.85836523771286, -0.00864551216364, -2.47152733802795, 0.83897376060486, 0.07041312754154, -2.45057106018066, 0.83065724372864, 0.0818744674325, -2.42519164085388, 0.82298570871353, 0.07612603157759, -2.40525770187378, 0.81867927312851, 0.0607116445899, -1.87902140617371, 0.73178565502167, -2.12016010284424, -1.80045759677887, 0.74692219495773, -2.13579869270325, -1.79140710830688, 0.76991260051727, -2.13039231300354, -1.79867351055145, 0.79288375377655, -2.1179211139679, -1.81466817855835, 0.80822908878326, -2.10518527030945, 25.5710637052743, 160.993951794264, 167.734201033286, 161.31912344027, 151.295807172898, 4.69854518665972, 28.9778049689257, 23.8035405216692, 25.0374124876847, 23.8882468202084
-0.11951065063477, -0.09523344039917, 0.08526420593262, -0.1744926571846, -0.24709013104439, -0.22226756811142, -1.92203509807587, 0.75410157442093, -2.14100074768066, 0.44491338729858, -1.47409391403198, 0.70407491922379, -2.1431667804718, 1.2871150970459, -1.92840313911438, -0.84672230482101, 0.01063362136483, 0.2534476518631, -2.39589667320251, 0.89360654354095, -0.02848982810974, 0.39414390921593, 1.30133926868439, -2.68597292900085, -1.92742145061493, 0.79728329181671, -2.1351580619812, 1.16224873065948, -2.6509690284729, 0.51041495800018, -2.52228450775146, 0.84457302093506, 0.00340868905187, -2.48649859428406, 0.81858599185944, 0.10937874019146, -2.46526026725769, 0.80739390850067, 0.12622174620628, -2.43532252311707, 0.79567086696625, 0.11780817806721, -2.41122531890869, 0.79509860277176, 0.09513371437788, -1.85119998455048, 0.68190509080887, -2.11860966682434, -1.75476205348969, 0.74221360683441, -2.13436460494995, -1.73978686332703, 0.76677596569061, -2.12866735458374, -1.748654961586, 0.79357212781906, -2.11112308502197, -1.77353966236115, 0.81136518716812, -2.09850192070007, -2.4670946598053, 0.85836523771286, -0.00864551216364, -2.47152733802795, 0.83897376060486, 0.07041312754154, -2.45057106018066, 0.83065724372864, 0.0818744674325, -2.42519164085388, 0.82298570871353, 0.07612603157759, -2.40525770187378, 0.81867927312851, 0.0607116445899, -1.87959122657776, 0.73264157772064, -2.11971163749695, -1.80091512203217, 0.74745678901672, -2.13509130477905, -1.79183185100555, 0.7704661488533, -2.12982249259949, -1.79909908771515, 0.79355299472809, -2.11756730079651, -1.81511521339417, 0.80903834104538, -2.10502934455872, 25.5672900257578, 161.419896051284, 168.092171247686, 161.4075880504, 151.364259328759, 4.69854518665972, 28.9778049689257, 23.8035405216692, 25.0374124876847, 23.8882468202084
-0.08162498474121, -0.16104412078857, 0.13744926452637, -0.14979380369186, -0.34421154856682, -0.43907684087753, -1.922447681427, 0.75490093231201, -2.1409330368042, 0.44163465499878, -1.4752801656723, 0.71247392892838, -2.1427366733551, 1.28761458396912, -1.92798233032227, -0.84556484222412, 0.00718665868044, 0.2562175989151, -2.39589667320251, 0.89360654354095, -0.02848982810974, 0.39414390921593, 1.30133926868439, -2.68597292900085, -1.92764604091644, 0.79746073484421, -2.13500666618347, 1.16706883907318, -2.63790559768677, 0.53114575147629, -2.52228450775146, 0.84457302093506, 0.00340868905187, -2.48649859428406, 0.81858599185944, 0.10937874019146, -2.46526026725769, 0.80739390850067, 0.12622174620628, -2.43532252311707, 0.79567086696625, 0.11780817806721, -2.41122531890869, 0.79509860277176, 0.09513371437788, -1.85209357738495, 0.68185114860535, -2.11706399917603, -1.75526773929596, 0.74155831336975, -2.13272953033447, -1.74020600318909, 0.76609295606613, -2.12714242935181, -1.74904656410217, 0.79307425022125, -2.10986995697021, -1.77391803264618, 0.81109082698822, -2.09754347801209, -2.4670946598053, 0.85836523771286, -0.00864551216364, -2.47152733802795, 0.83897376060486, 0.07041312754154, -2.45057106018066, 0.83065724372864, 0.0818744674325, -2.42519164085388, 0.82298570871353, 0.07612603157759, -2.40525770187378, 0.81867927312851, 0.0607116445899, -1.88022756576538, 0.73271477222443, -2.11874842643738, -1.80138921737671, 0.74702030420303, -2.13377571105957, -1.79222440719604, 0.77002727985382, -2.12863969802856, -1.79945075511932, 0.79324847459793, -2.11661648750305, -1.81546485424042, 0.80891346931458, -2.10430097579956, 25.5652409690068, 162.008549074712, 168.483226898426, 161.499686321168, 151.435675786721, 4.69854518665972, 28.9778049689257, 23.8035405216692, 25.0374124876847, 23.8882468202084
-0.00071239471436, 0.03511762619019, -0.04269218444824, -0.56269025802612, -0.34281787276268, -0.18181546032429, -1.92284667491913, 0.7550088763237, -2.1404070854187, 0.435989767313, -1.47767329216003, 0.72091889381409, -2.14250087738037, 1.28825306892395, -1.92749977111816, -0.84359264373779, 0.0042996481061, 0.25916969776154, -2.39589667320251, 0.89360654354095, -0.02848982810974, 0.39414390921593, 1.30133926868439, -2.68597292900085, -1.92771339416504, 0.80274218320847, -2.1371808052063, 1.17141616344452, -2.63312530517578, 0.53581935167313, -2.52228450775146, 0.84457302093506, 0.00340868905187, -2.48649859428406, 0.81858599185944, 0.10937874019146, -2.46526026725769, 0.80739390850067, 0.12622174620628, -2.43532252311707, 0.79567086696625, 0.11780817806721, -2.41122531890869, 0.79509860277176, 0.09513371437788, -1.85209333896637, 0.6872563958168, -2.11873245239258, -1.75530540943146, 0.74693870544434, -2.13472437858582, -1.74025356769562, 0.77150696516037, -2.12925934791565, -1.74909961223602, 0.79856443405151, -2.11210966110229, -1.77397453784943, 0.816625893116, -2.09985566139221, -2.4670946598053, 0.85836523771286, -0.00864551216364, -2.47152733802795, 0.83897376060486, 0.07041312754154, -2.45057106018066, 0.83065724372864, 0.0818744674325, -2.42519164085388, 0.82298570871353, 0.07612603157759, -2.40525770187378, 0.81867927312851, 0.0607116445899, -1.88025414943695, 0.73809725046158, -2.1206419467926, -1.80143022537231, 0.75237226486206, -2.13577389717102, -1.79227471351624, 0.7754077911377, -2.13075017929077, -1.79950714111328, 0.79868137836456, -2.1188325881958, -1.81552338600159, 0.81439578533173, -2.10658288002014, 25.5523694775159, 162.403989706899, 168.609790303746, 161.563070476666, 151.503526885936, 4.69854518665972, 28.9778049689257, 23.8035405216692, 25.0374124876847, 23.8882468202084
0.01496887207031, -0.00915813446045, -0.01409339904785, -0.59077215194702, -0.43344101309776, -0.35440528392792, -1.92289483547211, 0.76026791334152, -2.14238452911377, 0.43605506420135, -1.47499787807465, 0.72612065076828, -2.14237713813782, 1.28891587257385, -1.92695689201355, -0.84157907962799, 0.00186626170762, 0.26203346252441, -2.39589667320251, 0.89360654354095, -0.02848982810974, 0.39414390921593, 1.30133926868439, -2.68597292900085, -1.9278678894043, 0.80685442686081, -2.13851714134216, 1.17460358142853, -2.62755346298218, 0.54167747497559, -2.52228450775146, 0.84457302093506, 0.00340868905187, -2.48649859428406, 0.81858599185944, 0.10937874019146, -2.46526026725769, 0.80739390850067, 0.12622174620628, -2.43532252311707, 0.79567086696625, 0.11780817806721, -2.41122531890869, 0.79509860277176, 0.09513371437788, -1.85229313373566, 0.69140952825546, -2.11963272094727, -1.7554829120636, 0.7509885430336, -2.13587284088135, -1.74041986465454, 0.77557152509689, -2.13050627708435, -1.7492516040802, 0.80269920825958, -2.11346030235291, -1.77411675453186, 0.82081866264343, -2.10127258300781, -2.4670946598053, 0.85836523771286, -0.00864551216364, -2.47152733802795, 0.83897376060486, 0.07041312754154, -2.45057106018066, 0.83065724372864, 0.0818744674325, -2.42519164085388, 0.82298570871353, 0.07612603157759, -2.40525770187378, 0.81867927312851, 0.0607116445899, -1.88043284416199, 0.74225437641144, -2.12173509597778, -1.80160558223724, 0.75643730163574, -2.13693594932556, -1.79243957996368, 0.77948838472366, -2.13200330734253, -1.79966020584106, 0.80281120538712, -2.12017512321472, -1.81566774845123, 0.81857985258102, -2.10798406600952, 25.5393818728091, 162.882567401664, 168.744235747369, 161.625430103788, 151.573290438119, 4.69854518665972, 28.9778049689257, 23.8035405216692, 25.0374124876847, 23.8882468202084
-0.00746726989746, 0.35880661010742, -0.16048622131348, -0.33342859148979, 0.03451510891318, 0.03668474778533, -1.92306816577911, 0.76435822248459, -2.14355635643005, 0.43526145815849, -1.47304332256317, 0.73034679889679, -2.14242172241211, 1.28957605361938, -1.92636549472809, -0.83977210521698, -0.00078445026884, 0.26583597064018, -2.39589667320251, 0.89360654354095, -0.02848982810974, 0.39414390921593, 1.30133926868439, -2.68597292900085, -1.92805254459381, 0.80921077728271, -2.139000415802, 1.17721450328827, -2.62092065811157, 0.54890388250351, -2.52228450775146, 0.84457302093506, 0.00340868905187, -2.48649859428406, 0.81858599185944, 0.10937874019146, -2.46526026725769, 0.80739390850067, 0.12622174620628, -2.43532252311707, 0.79567086696625, 0.11780817806721, -2.41122531890869, 0.79509860277176, 0.09513371437788, -1.85260832309723, 0.69375050067902, -2.11969232559204, -1.75573062896729, 0.75316101312637, -2.13614583015442, -1.74064004421234, 0.7777464389801, -2.13086819648743, -1.74944198131561, 0.80494600534439, -2.11392140388489, -1.77428710460663, 0.82313770055771, -2.1018009185791, -2.4670946598053, 0.85836523771286, -0.00864551216364, -2.47152733802795, 0.83897376060486, 0.07041312754154, -2.45057106018066, 0.83065724372864, 0.0818744674325, -2.42519164085388, 0.82298570871353, 0.07612603157759, -2.40525770187378, 0.81867927312851, 0.0607116445899, -1.88069081306458, 0.74461901187897, -2.12198114395142, -1.80184710025787, 0.7586578130722, -2.13723039627075, -1.79265534877777, 0.78171634674072, -2.13238167762756, -1.79985022544861, 0.80509024858475, -2.1206386089325, -1.8158403635025, 0.82092118263245, -2.1085057258606, 25.5263140133796, 163.43642744146, 168.905141343836, 161.686778862913, 151.64478885835, 4.69854518665972, 28.9778049689257, 23.8035405216692, 25.0374124876847, 23.8882468202084
-0.01140689849854, 0.28046894073486, -0.10002708435059, -0.27502828836441, 0.01231357362121, -0.02894410304725, -1.92330038547516, 0.7666911482811, -2.1438844203949, 0.43378350138664, -1.4714492559433, 0.73422276973724, -2.14257979393005, 1.29025888442993, -1.92573356628418, -0.83787488937378, -0.00328851537779, 0.27008575201035, -2.39589667320251, 0.89360654354095, -0.02848982810974, 0.39414390921593, 1.30133926868439, -2.68597292900085, -1.92630648612976, 0.8181032538414, -2.14210629463196, 1.18240332603455, -2.61711359024048, 0.54547190666199, -2.52228450775146, 0.84457302093506, 0.00340868905187, -2.48649859428406, 0.81858599185944, 0.10937874019146, -2.46526026725769, 0.80739390850067, 0.12622174620628, -2.43532252311707, 0.79567086696625, 0.11780817806721, -2.41122531890869, 0.79509860277176, 0.09513371437788, -1.85029864311218, 0.70299899578094, -2.12288379669189, -1.75376069545746, 0.76270455121994, -2.14024114608765, -1.73872566223145, 0.78736597299576, -2.13516330718994, -1.7475106716156, 0.81459784507751, -2.11825966835022, -1.77233862876892, 0.83274388313293, -2.1060357093811, -2.4670946598053, 0.85836523771286, -0.00864551216364, -2.47152733802795, 0.83897376060486, 0.07041312754154, -2.45057106018066, 0.83065724372864, 0.0818744674325, -2.42519164085388, 0.82298570871353, 0.07612603157759, -2.40525770187378, 0.81867927312851, 0.0607116445899, -1.87858617305756, 0.75375378131866, -2.12517118453979, -1.79990386962891, 0.76802599430084, -2.14102458953857, -1.79076457023621, 0.79113698005676, -2.13632845878601, -1.79796481132507, 0.81452918052673, -2.12462496757507, -1.81392896175385, 0.83034735918045, -2.1124415397644, 25.5254721925644, 163.569711752924, 169.021486786158, 161.737171998609, 151.698911277333, 4.69854518665972, 28.9778049689257, 23.8035405216692, 25.0374124876847, 23.8882468202084
-0.01191329956055, 0.15693283081055, -0.0388126373291, -0.26921212673187, -0.00229570525698, -0.08137042075396, -1.92142975330353, 0.77558302879333, -2.14686059951782, 0.43708822131157, -1.46251130104065, 0.73886454105377, -2.14292335510254, 1.29091858863831, -1.92513310909271, -0.83592975139618, -0.00514038931578, 0.27441364526749, -2.39589667320251, 0.89360654354095, -0.02848982810974, 0.39414390921593, 1.30133926868439, -2.68597292900085, -1.92541134357452, 0.82416898012161, -2.14397215843201, 1.18872821331024, -2.61091041564941, 0.5423042178154, -2.52228450775146, 0.84457302093506, 0.00340868905187, -2.48649859428406, 0.81858599185944, 0.10937874019146, -2.46526026725769, 0.80739390850067, 0.12622174620628, -2.43532252311707, 0.79567086696625, 0.11780817806721, -2.41122531890869, 0.79509860277176, 0.09513371437788, -1.84874439239502, 0.70947951078415, -2.1248881816864, -1.75262260437012, 0.76950359344482, -2.14341711997986, -1.73764646053314, 0.79425227642059, -2.138596534729, -1.74639201164246, 0.82152938842773, -2.12174582481384, -1.77118396759033, 0.83963066339493, -2.10938286781311, -2.4670946598053, 0.85836523771286, -0.00864551216364, -2.47152733802795, 0.83897376060486, 0.07041312754154, -2.45057106018066, 0.83065724372864, 0.0818744674325, -2.42519164085388, 0.82298570871353, 0.07612603157759, -2.40525770187378, 0.81867927312851, 0.0607116445899, -1.87726640701294, 0.76010352373123, -2.12716269493103, -1.79879307746887, 0.77462774515152, -2.14380431175232, -1.7897093296051, 0.79779946804047, -2.1393039226532, -1.79690134525299, 0.82121813297272, -2.12764883041382, -1.8128205537796, 0.8370286822319, -2.11539649963379, 25.5260578812857, 163.748143614801, 169.139894945609, 161.785420454906, 151.752364337778, 4.69854518665972, 28.9778049689257, 23.8035405216692, 25.0374124876847, 23.8882468202084
0.09178733825684, 0.613938331604, -0.20930671691895, -0.27632784843445, 0.49866539239883, 0.26549807190895, -1.92039811611176, 0.78164684772491, -2.14856481552124, 0.44071972370148, -1.45087790489197, 0.74473458528519, -2.14344763755798, 1.2915666103363, -1.92452657222748, -0.83357357978821, -0.00606992095709, 0.27848336100578, -2.39589667320251, 0.89360654354095, -0.02848982810974, 0.39414390921593, 1.30133926868439, -2.68597292900085, -1.92388081550598, 0.83278489112854, -2.14894914627075, 1.20053780078888, -2.60941004753113, 0.51782113313675, -2.52228450775146, 0.84457302093506, 0.00340868905187, -2.48649859428406, 0.81858599185944, 0.10937874019146, -2.46526026725769, 0.80739390850067, 0.12622174620628, -2.43532252311707, 0.79567086696625, 0.11780817806721, -2.41122531890869, 0.79509860277176, 0.09513371437788, -1.84519803524017, 0.71926641464233, -2.13110899925232, -1.75039112567902, 0.78049039840698, -2.15229606628418, -1.73564565181732, 0.80546897649765, -2.14797616004944, -1.74435615539551, 0.83272099494934, -2.13106656074524, -1.76908874511719, 0.85055303573608, -2.11820387840271, -2.4670946598053, 0.85836523771286, -0.00864551216364, -2.47152733802795, 0.83897376060486, 0.07041312754154, -2.45057106018066, 0.83065724372864, 0.0818744674325, -2.42519164085388, 0.82298570871353, 0.07612603157759, -2.40525770187378, 0.81867927312851, 0.0607116445899, -1.87446296215057, 0.76948177814484, -2.13296556472778, -1.79662382602692, 0.78498065471649, -2.15158867835999, -1.78775453567505, 0.80830007791519, -2.14743709564209, -1.7949845790863, 0.83168530464172, -2.13573837280273, -1.81081891059875, 0.84734743833542, -2.12318921089172, 25.5234333810972, 163.829067696088, 169.237689594146, 161.822890872693, 151.785518076009, 4.69854518665972, 28.9778049689257, 23.8035405216692, 25.0374124876847, 23.8882468202084
0.02101135253906, 0.40464878082275, -0.11491012573242, -0.35298824310303, 0.66286081075668, 0.30583673715591, -1.91839385032654, 0.79030936956406, -2.15343022346497, 0.45358446240425, -1.42305493354797, 0.75294655561447, -2.14405679702759, 1.29216349124908, -1.92389512062073, -0.83111763000488, -0.00594129785895, 0.2816261947155, -2.39589667320251, 0.89360654354095, -0.02848982810974, 0.39414390921593, 1.30133926868439, -2.68597292900085, -1.92309856414795, 0.83923500776291, -2.1523871421814, 1.21120309829712, -2.607342004776, 0.49516215920448, -2.52228450775146, 0.84457302093506, 0.00340868905187, -2.48649859428406, 0.81858599185944, 0.10937874019146, -2.46526026725769, 0.80739390850067, 0.12622174620628, -2.43532252311707, 0.79567086696625, 0.11780817806721, -2.41122531890869, 0.79509860277176, 0.09513371437788, -1.84261679649353, 0.7267894744873, -2.13582301139832, -1.74909603595734, 0.78906589746475, -2.15951156616211, -1.73456621170044, 0.81424653530121, -2.15565872192383, -1.74322044849396, 0.84147703647614, -2.13868570327759, -1.7678679227829, 0.85906970500946, -2.12533903121948, -2.4670946598053, 0.85836523771286, -0.00864551216364, -2.47152733802795, 0.83897376060486, 0.07041312754154, -2.45057106018066, 0.83065724372864, 0.0818744674325, -2.42519164085388, 0.82298570871353, 0.07612603157759, -2.40525770187378, 0.81867927312851, 0.0607116445899, -1.87253928184509, 0.77663004398346, -2.13724565505981, -1.79535222053528, 0.79298967123032, -2.15775084495544, -1.78667974472046, 0.81643795967102, -2.15392160415649, -1.79392683506012, 0.83979308605194, -2.14217329025269, -1.80965948104858, 0.85532408952713, -2.1293363571167, 25.5215055602039, 163.910305966076, 169.334405072793, 161.857192082705, 151.815488946087, 4.69854518665972, 28.9778049689257, 23.8035405216692, 25.0374124876847, 23.8882468202084
-0.00617980957031, 0.55867195129395, -0.2970085144043, -0.40396037697792, 1.74524426460266, 0.98792260885239, -1.91718888282776, 0.79680752754211, -2.15678524971008, 0.46499505639076, -1.39636015892029, 0.76074987649918, -2.14489793777466, 1.29268264770508, -1.92333459854126, -0.82864820957184, -0.00612560193986, 0.28509160876274, -2.39589667320251, 0.89360654354095, -0.02848982810974, 0.39414390921593, 1.30133926868439, -2.68597292900085, -1.92369556427002, 0.85081028938293, -2.15751934051514, 1.22416162490845, -2.62603044509888, 0.43653199076653, -2.52228450775146, 0.84457302093506, 0.00340868905187, -2.48649859428406, 0.81858599185944, 0.10937874019146, -2.46526026725769, 0.80739390850067, 0.12622174620628, -2.43532252311707, 0.79567086696625, 0.11780817806721, -2.41122531890869, 0.79509860277176, 0.09513371437788, -1.83998465538025, 0.74035429954529, -2.14382076263428, -1.74891030788422, 0.80482286214828, -2.1709291934967, -1.73485994338989, 0.83035081624985, -2.16762232780457, -1.74354457855225, 0.85739088058472, -2.15036273002625, -1.76810729503632, 0.87440651655197, -2.1361403465271, -2.4670946598053, 0.85836523771286, -0.00864551216364, -2.47152733802795, 0.83897376060486, 0.07041312754154, -2.45057106018066, 0.83065724372864, 0.0818744674325, -2.42519164085388, 0.82298570871353, 0.07612603157759, -2.40525770187378, 0.81867927312851, 0.0607116445899, -1.871129155159, 0.78945988416672, -2.14418625831604, -1.79515290260315, 0.80763757228851, -2.16749167442322, -1.78691363334656, 0.83129298686981, -2.16399431228638, -1.79428899288177, 0.8544847369194, -2.1520049571991, -1.80991423130035, 0.86965262889862, -2.13861465454102, 25.5244801075875, 163.887151624789, 169.420246890282, 161.882436461877, 151.824176946711, 4.69854518665972, 28.9778049689257, 23.8035405216692, 25.0374124876847, 23.8882468202084
-0.05215072631836, 0.40770435333252, -0.18560028076172, -0.36535421013832, 1.67298829555511, 0.89181441068649, -1.91693091392517, 0.80853044986725, -2.16210317611694, 0.48837667703629, -1.35710716247559, 0.76712602376938, -2.14581179618835, 1.29313349723816, -1.92280340194702, -0.82629817724228, -0.00646475190297, 0.28894880414009, -2.39589667320251, 0.89360654354095, -0.02848982810974, 0.39414390921593, 1.30133926868439, -2.68597292900085, -1.92420399188995, 0.85994911193848, -2.16131949424744, 1.2342756986618, -2.64242768287659, 0.38675865530968, -2.52228450775146, 0.84457302093506, 0.00340868905187, -2.48649859428406, 0.81858599185944, 0.10937874019146, -2.46526026725769, 0.80739390850067, 0.12622174620628, -2.43532252311707, 0.79567086696625, 0.11780817806721, -2.41122531890869, 0.79509860277176, 0.09513371437788, -1.83797740936279, 0.75115805864334, -2.15013194084167, -1.74904561042786, 0.81735950708389, -2.18003416061401, -1.73540127277374, 0.84315955638885, -2.17716860771179, -1.74408113956451, 0.87004321813583, -2.15966415405273, -1.76852571964264, 0.8865921497345, -2.14470648765564, -2.4670946598053, 0.85836523771286, -0.00864551216364, -2.47152733802795, 0.83897376060486, 0.07041312754154, -2.45057106018066, 0.83065724372864, 0.0818744674325, -2.42519164085388, 0.82298570871353, 0.07612603157759, -2.40525770187378, 0.81867927312851, 0.0607116445899, -1.87006962299347, 0.79964756965637, -2.14956903457642, -1.79520809650421, 0.81927686929703, -2.17518901824951, -1.78732860088348, 0.84309184551239, -2.17195510864258, -1.79478573799133, 0.86614799499512, -2.15975642204285, -1.81028807163239, 0.88102263212204, -2.14590239524841, 25.5287216550621, 163.849312376788, 169.503643500048, 161.903869595493, 151.827250531838, 4.69854518665972, 28.9778049689257, 23.8035405216692, 25.0374124876847, 23.8882468202084
-0.212233543396, 0.75685930252075, -0.26121711730957, -0.0758598446846, 2.61581826210022, 1.73071229457855, -1.91675937175751, 0.81780427694321, -2.16608881950378, 0.50717759132385, -1.32379746437073, 0.77300542593002, -2.14669179916382, 1.29353356361389, -1.92221474647522, -0.82427823543549, -0.0067596193403, 0.29248914122581, -2.39589667320251, 0.89360654354095, -0.02848982810974, 0.39414390921593, 1.30133926868439, -2.68597292900085, -1.92453813552856, 0.86758881807327, -2.164306640625, 1.24211430549622, -2.65632438659668, 0.34530928730965, -2.52228450775146, 0.84457302093506, 0.00340868905187, -2.48649859428406, 0.81858599185944, 0.10937874019146, -2.46526026725769, 0.80739390850067, 0.12622174620628, -2.43532252311707, 0.79567086696625, 0.11780817806721, -2.41122531890869, 0.79509860277176, 0.09513371437788, -1.83636593818665, 0.76016592979431, -2.15526866912842, -1.74926424026489, 0.82772731781006, -2.18743014335632, -1.73595678806305, 0.85373938083649, -2.18491864204407, -1.74461078643799, 0.8804966211319, -2.16720867156982, -1.76892530918121, 0.89667224884033, -2.1516432762146, -2.4670946598053, 0.85836523771286, -0.00864551216364, -2.47152733802795, 0.83897376060486, 0.07041312754154, -2.45057106018066, 0.83065724372864, 0.0818744674325, -2.42519164085388, 0.82298570871353, 0.07612603157759, -2.40525770187378, 0.81867927312851, 0.0607116445899, -1.86918795108795, 0.80814862251282, -2.15390944480896, -1.79531383514404, 0.82892680168152, -2.18142032623291, -1.78772842884064, 0.85286420583725, -2.17839407920837, -1.79523432254791, 0.87580972909927, -2.16601800918579, -1.81061232089996, 0.89045017957687, -2.15178108215332, 25.5341858063981, 163.797225354177, 169.584663203982, 161.921641747713, 151.824955588277, 4.69854518665972, 28.9778049689257, 23.8035405216692, 25.0374124876847, 23.8882468202084
-0.17362689971924, 0.59349775314331, -0.17780685424805, -0.0530838444829, 2.19636344909668, 1.40308785438538, -1.91655850410461, 0.8255620598793, -2.16924953460693, 0.52214640378952, -1.29595589637756, 0.77820485830307, -2.14759254455566, 1.29388427734375, -1.92157900333405, -0.82259738445282, -0.00737546756864, 0.29642298817635, -2.39589667320251, 0.89360654354095, -0.02848982810974, 0.39414390921593, 1.30133926868439, -2.68597292900085, -1.92518496513367, 0.87751352787018, -2.16836762428284, 1.26095485687256, -2.76233005523682, 0.20371830463409, -2.52228450775146, 0.84457302093506, 0.00340868905187, -2.48649859428406, 0.81858599185944, 0.10937874019146, -2.46526026725769, 0.80739390850067, 0.12622174620628, -2.43532252311707, 0.79567086696625, 0.11780817806721, -2.41122531890869, 0.79509860277176, 0.09513371437788, -1.8317209482193, 0.77445733547211, -2.16207599639893, -1.74892461299896, 0.84616541862488, -2.19654822349548, -1.73681902885437, 0.87278646230698, -2.19435787200928, -1.74624359607697, 0.89908039569855, -2.17634987831116, -1.77085566520691, 0.91405218839645, -2.16006422042847, -2.4670946598053, 0.85836523771286, -0.00864551216364, -2.47152733802795, 0.83897376060486, 0.07041312754154, -2.45057106018066, 0.83065724372864, 0.0818744674325, -2.42519164085388, 0.82298570871353, 0.07612603157759, -2.40525770187378, 0.81867927312851, 0.0607116445899, -1.86676323413849, 0.82080119848251, -2.15967893600464, -1.79478871822357, 0.84513902664185, -2.18923020362854, -1.78828167915344, 0.86941158771515, -2.18636751174927, -1.79652833938599, 0.89195817708969, -2.1737322807312, -1.8121817111969, 0.90582835674286, -2.15903186798096, 25.5439837127624, 162.434028878869, 169.68927438131, 161.9464353344, 151.833493324739, 4.69854518665972, 28.9778049689257, 23.8035405216692, 25.0374124876847, 23.8882468202084
-0.13404178619385, 0.49675369262695, -0.13245391845703, -0.0367983058095, 1.81964194774628, 1.12499034404755, -1.91533493995667, 0.83592438697815, -2.17362856864929, 0.56873607635498, -1.2599458694458, 0.79275679588318, -2.14852666854858, 1.29414689540863, -1.92098343372345, -0.82154440879822, -0.00810523796827, 0.30054846405983, -2.39589667320251, 0.89360654354095, -0.02848982810974, 0.39414390921593, 1.30133926868439, -2.68597292900085, -1.92569506168365, 0.88593006134033, -2.17166304588318, 1.27265906333923, -2.85601949691772, 0.07891561090946, -2.52228450775146, 0.84457302093506, 0.00340868905187, -2.48649859428406, 0.81858599185944, 0.10937874019146, -2.46526026725769, 0.80739390850067, 0.12622174620628, -2.43532252311707, 0.79567086696625, 0.11780817806721, -2.41122531890869, 0.79509860277176, 0.09513371437788, -1.82814574241638, 0.78660356998444, -2.16791367530823, -1.74911761283875, 0.86151671409607, -2.20435810089111, -1.7380096912384, 0.88858938217163, -2.20243191719055, -1.74799370765686, 0.91448307037354, -2.18414759635925, -1.77275025844574, 0.92847043275833, -2.16721820831299, -2.4670946598053, 0.85836523771286, -0.00864551216364, -2.47152733802795, 0.83897376060486, 0.07041312754154, -2.45057106018066, 0.83065724372864, 0.0818744674325, -2.42519164085388, 0.82298570871353, 0.07612603157759, -2.40525770187378, 0.81867927312851, 0.0607116445899, -1.86489999294281, 0.83154004812241, -2.16455221176147, -1.79470574855804, 0.85869288444519, -2.19588041305542, -1.78908145427704, 0.88319951295853, -2.19314384460449, -1.7978789806366, 0.90539819002151, -2.18026661872864, -1.81368374824524, 0.91863620281219, -2.16515111923218, 25.5553201192374, 160.92847760088, 169.837994920298, 161.969084241688, 151.839012117589, 4.69854518665972, 28.9778049689257, 23.8035405216692, 25.0374124876847, 23.8882468202084
-0.18499088287354, 0.55619144439697, -0.19449234008789, 0.11062679439783, 2.04946660995483, 3.47043442726135, -1.91436433792114, 0.8447613120079, -2.1772403717041, 0.60613036155701, -1.2268853187561, 0.8065642118454, -2.14948320388794, 1.29437923431396, -1.92044973373413, -0.82042753696442, -0.00878430251032, 0.30436557531357, -2.39589667320251, 0.89360654354095, -0.02848982810974, 0.39414390921593, 1.30133926868439, -2.68597292900085, -1.92692697048187, 0.89305824041367, -2.17764782905579, 1.2921257019043, -3.00710678100586, -0.10265953838825, -2.52228450775146, 0.84457302093506, 0.00340868905187, -2.48649859428406, 0.81858599185944, 0.10937874019146, -2.46526026725769, 0.80739390850067, 0.12622174620628, -2.43532252311707, 0.79567086696625, 0.11780817806721, -2.41122531890869, 0.79509860277176, 0.09513371437788, -1.82404434680939, 0.79921865463257, -2.17541408538818, -1.75007176399231, 0.87799245119095, -2.21425175666809, -1.74041628837585, 0.90564489364624, -2.21278929710388, -1.75137865543365, 0.93111801147461, -2.19447469711304, -1.77646899223328, 0.94388782978058, -2.17708110809326, -2.4670946598053, 0.85836523771286, -0.00864551216364, -2.47152733802795, 0.83897376060486, 0.07041312754154, -2.45057106018066, 0.83065724372864, 0.0818744674325, -2.42519164085388, 0.82298570871353, 0.07612603157759, -2.40525770187378, 0.81867927312851, 0.0607116445899, -1.8631089925766, 0.8421186208725, -2.17153978347778, -1.79523289203644, 0.87276947498322, -2.20469570159912, -1.79089295864105, 0.89756882190704, -2.20227646827698, -1.80059266090393, 0.91936933994293, -2.18936681747437, -1.81674742698669, 0.93186151981354, -2.17398881912231, 25.5576509212916, 158.445963384769, 170.041001802809, 161.997893979607, 151.850746382583, 4.69854518665972, 28.9778049689257, 23.8035405216692, 25.0374124876847, 23.8882468202084
-0.14974880218506, 0.47206878662109, -0.14697647094727, 0.08219717442989, 1.82927083969116, 2.81592607498169, -1.91349732875824, 0.85251873731613, -2.18317484855652, 0.65409570932388, -1.18405604362488, 0.84014445543289, -2.15042567253113, 1.29453754425049, -1.91990661621094, -0.81948560476303, -0.00956395920366, 0.30808240175247, -2.39589667320251, 0.89360654354095, -0.02848982810974, 0.39414390921593, 1.30133926868439, -2.68597292900085, -1.92777323722839, 0.89967906475067, -2.18251943588257, 1.30121088027954, -3.1410801410675, -0.26369971036911, -2.52228450775146, 0.84457302093506, 0.00340868905187, -2.48649859428406, 0.81858599185944, 0.10937874019146, -2.46526026725769, 0.80739390850067, 0.12622174620628, -2.43532252311707, 0.79567086696625, 0.11780817806721, -2.41122531890869, 0.79509860277176, 0.09513371437788, -1.82082724571228, 0.81047189235687, -2.18193888664246, -1.75123071670532, 0.89216649532318, -2.22277927398682, -1.74277591705322, 0.92022579908371, -2.22167778015137, -1.75446546077728, 0.94531172513962, -2.20327854156494, -1.77972507476807, 0.95707947015762, -2.18542909622192, -2.4670946598053, 0.85836523771286, -0.00864551216364, -2.47152733802795, 0.83897376060486, 0.07041312754154, -2.45057106018066, 0.83065724372864, 0.0818744674325, -2.42519164085388, 0.82298570871353, 0.07612603157759, -2.40525770187378, 0.81867927312851, 0.0607116445899, -1.861656665802, 0.85163670778275, -2.17747902870178, -1.7959076166153, 0.88502508401871, -2.21223878860474, -1.79261600971222, 0.91000664234161, -2.21005177497864, -1.80299544334412, 0.93144363164902, -2.19706225395203, -1.81936013698578, 0.94331383705139, -2.18141579627991, 25.5599595252311, 156.428994862486, 170.245975779801, 162.025829453313, 151.860923364446, 4.69854518665972, 28.9778049689257, 23.8035405216692, 25.0374124876847, 23.8882468202084
-0.18838977813721, 0.2850866317749, -0.34948539733887, -0.59096837043762, 1.65799105167389, 3.92278671264648, -1.91268718242645, 0.85973405838013, -2.18810153007507, 0.69216084480286, -1.14461600780487, 0.86958795785904, -2.15137028694153, 1.29462897777557, -1.91944146156311, -0.81834959983826, -0.01079394947737, 0.31187137961388, -2.39589667320251, 0.89360654354095, -0.02848982810974, 0.39414390921593, 1.30133926868439, -2.68597292900085, -1.92835366725922, 0.90599280595779, -2.1867036819458, 1.3038786649704, 3.02510571479797, -0.40525496006012, -2.52228450775146, 0.84457302093506, 0.00340868905187, -2.48649859428406, 0.81858599185944, 0.10937874019146, -2.46526026725769, 0.80739390850067, 0.12622174620628, -2.43532252311707, 0.79567086696625, 0.11780817806721, -2.41122531890869, 0.79509860277176, 0.09513371437788, -1.81816291809082, 0.82083159685135, -2.18782019615173, -1.75246858596802, 0.90484648942947, -2.23038053512573, -1.74504673480988, 0.93320631980896, -2.22957015037537, -1.75730466842651, 0.95793503522873, -2.21105766296387, -1.78263449668884, 0.96884715557098, -2.1927695274353, -2.4670946598053, 0.85836523771286, -0.00864551216364, -2.47152733802795, 0.83897376060486, 0.07041312754154, -2.45057106018066, 0.83065724372864, 0.0818744674325, -2.42519164085388, 0.82298570871353, 0.07612603157759, -2.40525770187378, 0.81867927312851, 0.0607116445899, -1.86040532588959, 0.86047106981277, -2.18274521827698, -1.79663479328156, 0.8961021900177, -2.21893501281738, -1.79423582553864, 0.92119997739792, -2.21692442893982, -1.80515372753143, 0.94230300188065, -2.2038300037384, -1.82164299488068, 0.95363706350327, -2.18791913986206, 25.5622834970962, 154.666286962245, 170.447712247127, 162.052917983561, 151.869584044314, 4.69854518665972, 28.9778049689257, 23.8035405216692, 25.0374124876847, 23.8882468202084
-0.13964653015137, 0.29073858261108, -0.27270126342773, -0.43913978338242, 1.51759386062622, 3.17286109924316, -1.91189897060394, 0.86660844087601, -2.19240188598633, 0.72373354434967, -1.10764896869659, 0.89643013477325, -2.15207147598267, 1.29475021362305, -1.91922378540039, -0.81815147399902, -0.0140034770593, 0.31625860929489, -2.39589667320251, 0.89360654354095, -0.02848982810974, 0.39414390921593, 1.30133926868439, -2.68597292900085, -1.92813289165497, 0.90872031450272, -2.1942458152771, 1.3156111240387, 2.82908916473389, -0.62831842899323, -2.52228450775146, 0.84457302093506, 0.00340868905187, -2.48649859428406, 0.81858599185944, 0.10937874019146, -2.46526026725769, 0.80739390850067, 0.12622174620628, -2.43532252311707, 0.79567086696625, 0.11780817806721, -2.41122531890869, 0.79509860277176, 0.09513371437788, -1.81355607509613, 0.82956248521805, -2.19561815261841, -1.75329828262329, 0.91591370105743, -2.24142289161682, -1.74740076065063, 0.94464069604874, -2.2414174079895, -1.76062059402466, 0.96911913156509, -2.22323727607727, -1.78615117073059, 0.97910135984421, -2.20469856262207, -2.4670946598053, 0.85836523771286, -0.00864551216364, -2.47152733802795, 0.83897376060486, 0.07041312754154, -2.45057106018066, 0.83065724372864, 0.0818744674325, -2.42519164085388, 0.82298570871353, 0.07612603157759, -2.40525770187378, 0.81867927312851, 0.0607116445899, -1.8577686548233, 0.86700063943863, -2.19060873985291, -1.79670524597168, 0.90510231256485, -2.22889018058777, -1.79562389850616, 0.93033361434937, -2.2275083065033, -1.80741310119629, 0.95113337039948, -2.21468687057495, -1.82418525218964, 0.96195149421692, -2.19871258735657, 25.5772860076081, 154.556484841148, 170.534865460936, 162.080197759106, 151.895497782025, 4.69854518665972, 28.9778049689257, 23.8035405216692, 25.0374124876847, 23.8882468202084
-0.10642147064209, 0.2961630821228, -0.22673034667969, -0.3476959168911, 1.40444207191467, 2.68355512619019, -1.90969133377075, 0.87014472484589, -2.19936394691467, 0.75978714227676, -1.04570257663727, 0.9591600894928, -2.15249752998352, 1.29485929012299, -1.91912150382996, -0.8179093003273, -0.02013910189271, 0.32267332077026, -2.39589667320251, 0.89360654354095, -0.02848982810974, 0.39414390921593, 1.30133926868439, -2.68597292900085, -1.92792427539825, 0.91216313838959, -2.20045614242554, 1.31419837474823, 2.65729856491089, -0.82575249671936, -2.52228450775146, 0.84457302093506, 0.00340868905187, -2.48649859428406, 0.81858599185944, 0.10937874019146, -2.46526026725769, 0.80739390850067, 0.12622174620628, -2.43532252311707, 0.79567086696625, 0.11780817806721, -2.41122531890869, 0.79509860277176, 0.09513371437788, -1.80982303619385, 0.83838784694672, -2.20268726348877, -1.75453507900238, 0.9265763759613, -2.25118088722229, -1.74998605251312, 0.95554101467133, -2.25179719924927, -1.76398980617523, 0.97971266508102, -2.23379421234131, -1.78960514068604, 0.98884236812592, -2.21493601799011, -2.4670946598053, 0.85836523771286, -0.00864551216364, -2.47152733802795, 0.83897376060486, 0.07041312754154, -2.45057106018066, 0.83065724372864, 0.0818744674325, -2.42519164085388, 0.82298570871353, 0.07612603157759, -2.40525770187378, 0.81867927312851, 0.0607116445899, -1.85563313961029, 0.87382328510284, -2.19746923446655, -1.79714643955231, 0.91399890184402, -2.23760867118835, -1.79721832275391, 0.93927443027496, -2.23669290542603, -1.80972242355347, 0.95973920822144, -2.2240104675293, -1.82667768001556, 0.97006213665009, -2.20790243148804, 25.5938167729469, 154.366591921844, 170.62197769361, 162.106821836491, 151.922313104706, 4.69854518665972, 28.9778049689257, 23.8035405216692, 25.0374124876847, 23.8882468202084
-0.03398895263672, -0.09089469909668, -0.46036148071289, -1.70104706287384, 1.40761733055115, 3.8641471862793, -1.90780162811279, 0.87439543008804, -2.20525598526001, 0.78985941410065, -0.98742401599884, 1.01492822170258, -2.15253949165344, 1.29493999481201, -1.91902792453766, -0.81713908910751, -0.02962060272694, 0.33125567436218, -2.39589667320251, 0.89360654354095, -0.02848982810974, 0.39414390921593, 1.30133926868439, -2.68597292900085, -1.92916774749756, 0.91514223814011, -2.20838522911072, 1.28824138641357, 2.47740054130554, -1.02219843864441, -2.52228450775146, 0.84457302093506, 0.00340868905187, -2.48649859428406, 0.81858599185944, 0.10937874019146, -2.46526026725769, 0.80739390850067, 0.12622174620628, -2.43532252311707, 0.79567086696625, 0.11780817806721, -2.41122531890869, 0.79509860277176, 0.09513371437788, -1.80701923370361, 0.8483065366745, -2.21128869056702, -1.7573835849762, 0.93920522928238, -2.26088047027588, -1.75452494621277, 0.96837949752808, -2.26172614097595, -1.76973640918732, 0.99182558059692, -2.2437436580658, -1.79566061496735, 0.99958956241608, -2.22469663619995, -2.4670946598053, 0.85836523771286, -0.00864551216364, -2.47152733802795, 0.83897376060486, 0.07041312754154, -2.45057106018066, 0.83065724372864, 0.0818744674325, -2.42519164085388, 0.82298570871353, 0.07612603157759, -2.40525770187378, 0.81867927312851, 0.0607116445899, -1.8547534942627, 0.88106888532639, -2.2058539390564, -1.79906702041626, 0.92427933216095, -2.24681520462036, -1.80059361457825, 0.94951415061951, -2.2460606098175, -1.8141428232193, 0.96930932998657, -2.23338890075684, -1.83151662349701, 0.97874629497528, -2.21718382835388, 25.6282887376879, 154.270272594168, 170.678900490153, 162.121315497909, 151.935413407534, 4.69854518665972, 28.9778049689257, 23.8035405216692, 25.0374124876847, 23.8882468202084
-0.0221529006958, 0.00651454925537, -0.36172485351563, -1.30029547214508, 1.38587427139282, 3.3501558303833, -1.90693783760071, 0.87856900691986, -2.21313786506653, 0.83355677127838, -0.93723195791245, 1.0709822177887, -2.15262603759766, 1.29495048522949, -1.91894221305847, -0.81551384925842, -0.03979640826583, 0.33919775485992, -2.39589667320251, 0.89360654354095, -0.02848982810974, 0.39414390921593, 1.30133926868439, -2.68597292900085, -1.92998492717743, 0.91863721609116, -2.21516871452332, 1.26017916202545, 2.35203194618225, -1.16531026363373, -2.52228450775146, 0.84457302093506, 0.00340868905187, -2.48649859428406, 0.81858599185944, 0.10937874019146, -2.46526026725769, 0.80739390850067, 0.12622174620628, -2.43532252311707, 0.79567086696625, 0.11780817806721, -2.41122531890869, 0.79509860277176, 0.09513371437788, -1.80469739437103, 0.85794484615326, -2.21906113624573, -1.7602207660675, 0.95084494352341, -2.26982569694519, -1.75882983207703, 0.98011845350266, -2.27089619636536, -1.77498614788055, 1.00290620326996, -2.25289154052734, -1.80104732513428, 1.00950610637665, -2.23359417915344, -2.4670946598053, 0.85836523771286, -0.00864551216364, -2.47152733802795, 0.83897376060486, 0.07041312754154, -2.45057106018066, 0.83065724372864, 0.0818744674325, -2.42519164085388, 0.82298570871353, 0.07612603157759, -2.40525770187378, 0.81867927312851, 0.0607116445899, -1.85394072532654, 0.88832873106003, -2.21328401565552, -1.80094611644745, 0.93396365642548, -2.25517630577087, -1.8037201166153, 0.95909595489502, -2.25456976890564, -1.81809461116791, 0.97828221321106, -2.24187064170837, -1.8357321023941, 0.98695820569992, -2.22552585601807, 25.666368749858, 154.155484434977, 170.731848116599, 162.133691800685, 151.947475521609, 4.69854518665972, 28.9778049689257, 23.8035405216692, 25.0374124876847, 23.8882468202084
-0.07314491271973, -0.03371000289917, -0.52821922302246, -0.48157221078873, 0.68483406305313, 4.16894006729126, -1.90601480007172, 0.88318276405334, -2.21994066238403, 0.86873704195023, -0.88465756177902, 1.12554788589478, -2.15273332595825, 1.29495465755463, -1.91893374919891, -0.81333076953888, -0.05075446516275, 0.34630084037781, -2.39589667320251, 0.89360654354095, -0.02848982810974, 0.39414390921593, 1.30133926868439, -2.68597292900085, -1.93310987949371, 0.92197906970978, -2.22275400161743, 1.21770811080933, 2.30366110801697, -1.23516488075256, -2.52228450775146, 0.84457302093506, 0.00340868905187, -2.48649859428406, 0.81858599185944, 0.10937874019146, -2.46526026725769, 0.80739390850067, 0.12622174620628, -2.43532252311707, 0.79567086696625, 0.11780817806721, -2.41122531890869, 0.79509860277176, 0.09513371437788, -1.80523407459259, 0.86723947525024, -2.22961378097534, -1.76603078842163, 0.96272224187851, -2.27993035316467, -1.76601755619049, 0.9920397400856, -2.28064393997192, -1.78288650512695, 1.01382899284363, -2.26206588745117, -1.80887460708618, 1.0189722776413, -2.24223399162292, -2.4670946598053, 0.85836523771286, -0.00864551216364, -2.47152733802795, 0.83897376060486, 0.07041312754154, -2.45057106018066, 0.83065724372864, 0.0818744674325, -2.42519164085388, 0.82298570871353, 0.07612603157759, -2.40525770187378, 0.81867927312851, 0.0607116445899, -1.85572099685669, 0.89522433280945, -2.22258639335632, -1.80566000938416, 0.94378525018692, -2.26479625701904, -1.80958449840546, 0.96875184774399, -2.2638144493103, -1.82460224628448, 0.98709154129028, -2.25061869621277, -1.84232640266418, 0.9947367310524, -2.23385810852051, 25.7169821591551, 154.112891375313, 170.767187515365, 162.136519499002, 151.94952457836, 4.69854518665972, 28.9778049689257, 23.8035405216692, 25.0374124876847, 23.8882468202084
-0.04346466064453, 0.03555107116699, -0.43632888793945, -0.4936398267746, 0.82980000972748, 3.58771896362305, -1.90761196613312, 0.88774025440216, -2.22840285301209, 0.91225826740265, -0.84145867824554, 1.15835225582123, -2.15308833122253, 1.29501557350159, -1.91874301433563, -0.81094288825989, -0.05906255170703, 0.35158559679985, -2.39589667320251, 0.89360654354095, -0.02848982810974, 0.39414390921593, 1.30133926868439, -2.68597292900085, -1.93541514873505, 0.92558807134628, -2.22951412200928, 1.17970216274261, 2.26225352287292, -1.29772639274597, -2.52228450775146, 0.84457302093506, 0.00340868905187, -2.48649859428406, 0.81858599185944, 0.10937874019146, -2.46526026725769, 0.80739390850067, 0.12622174620628, -2.43532252311707, 0.79567086696625, 0.11780817806721, -2.41122531890869, 0.79509860277176, 0.09513371437788, -1.80541288852692, 0.8765355348587, -2.23894619941711, -1.77126705646515, 0.9740007519722, -2.28914785385132, -1.77254247665405, 1.00329518318176, -2.28962755203247, -1.79002499580383, 1.02419209480286, -2.27059721946716, -1.81587052345276, 1.02805197238922, -2.25029349327087, -2.4670946598053, 0.85836523771286, -0.00864551216364, -2.47152733802795, 0.83897376060486, 0.07041312754154, -2.45057106018066, 0.83065724372864, 0.0818744674325, -2.42519164085388, 0.82298570871353, 0.07612603157759, -2.40525770187378, 0.81867927312851, 0.0607116445899, -1.85694324970245, 0.90223759412766, -2.23085308074951, -1.80977058410645, 0.95324236154556, -2.27350497245789, -1.81476104259491, 0.97800600528717, -2.27225875854492, -1.8303359746933, 0.99557644128799, -2.25866794586182, -1.84808778762817, 1.00231885910034, -2.24155306816101, 25.7709935875643, 154.067101787117, 170.797745781712, 162.136901989595, 151.9496885029, 4.69854518665972, 28.9778049689257, 23.8035405216692, 25.0374124876847, 23.8882468202084
-0.22364044189453, 0.09960651397705, -0.49283981323242, 0.90787851810455, 1.27339720726013, 3.34663510322571, -1.90855073928833, 0.89253705739975, -2.23586130142212, 0.94926583766937, -0.79190880060196, 1.19906783103943, -2.15324568748474, 1.29490351676941, -1.91895270347595, -0.80881369113922, -0.06560601294041, 0.35642740130425, -2.39589667320251, 0.89360654354095, -0.02848982810974, 0.39414390921593, 1.30133926868439, -2.68597292900085, -1.93719220161438, 0.92936229705811, -2.235755443573, 1.14388525485992, 2.22669219970703, -1.35432326793671, -2.52228450775146, 0.84457302093506, 0.00340868905187, -2.48649859428406, 0.81858599185944, 0.10937874019146, -2.46526026725769, 0.80739390850067, 0.12622174620628, -2.43532252311707, 0.79567086696625, 0.11780817806721, -2.41122531890869, 0.79509860277176, 0.09513371437788, -1.8054187297821, 0.88586139678955, -2.24755096435547, -1.77622509002686, 0.98489618301392, -2.2978048324585, -1.77873659133911, 1.01411294937134, -2.29811477661133, -1.79676496982574, 1.03417229652405, -2.27869629859924, -1.82241177558899, 1.03685259819031, -2.25795531272888, -2.4670946598053, 0.85836523771286, -0.00864551216364, -2.47152733802795, 0.83897376060486, 0.07041312754154, -2.45057106018066, 0.83065724372864, 0.0818744674325, -2.42519164085388, 0.82298570871353, 0.07612603157759, -2.40525770187378, 0.81867927312851, 0.0607116445899, -1.85784208774567, 0.90933811664581, -2.23848962783813, -1.81356048583984, 0.9624685049057, -2.28164339065552, -1.81956470012665, 0.98699468374252, -2.28018999099731, -1.83563733100891, 1.00383472442627, -2.26625871658325, -1.85337233543396, 1.00974941253662, -2.24882292747498, 25.8295658747917, 154.017145783527, 170.822716953317, 162.134306517711, 151.94762578577, 4.69854518665972, 28.9778049689257, 23.8035405216692, 25.0374124876847, 23.8882468202084
-0.15841770172119, 0.11401319503784, -0.43160820007324, 0.54791116714478, 1.21573269367218, 3.1408793926239, -1.9090723991394, 0.89749836921692, -2.24270701408386, 0.98177772760391, -0.73642146587372, 1.24661707878113, -2.15353488922119, 1.29469978809357, -1.91928589344025, -0.80717772245407, -0.06981874257326, 0.36023673415184, -2.39589667320251, 0.89360654354095, -0.02848982810974, 0.39414390921593, 1.30133926868439, -2.68597292900085, -1.93837714195251, 0.93185758590698, -2.24247765541077, 1.10332036018372, 2.1940746307373, -1.40768146514893, -2.52228450775146, 0.84457302093506, 0.00340868905187, -2.48649859428406, 0.81858599185944, 0.10937874019146, -2.46526026725769, 0.80739390850067, 0.12622174620628, -2.43532252311707, 0.79567086696625, 0.11780817806721, -2.41122531890869, 0.79509860277176, 0.09513371437788, -1.80493342876434, 0.89457249641418, -2.25655913352966, -1.78113985061646, 0.9951199889183, -2.30665588378906, -1.78500425815582, 1.02419018745422, -2.30675053596497, -1.80363535881042, 1.04328894615173, -2.28693652153015, -1.8290513753891, 1.0446674823761, -2.26578807830811, -2.4670946598053, 0.85836523771286, -0.00864551216364, -2.47152733802795, 0.83897376060486, 0.07041312754154, -2.45057106018066, 0.83065724372864, 0.0818744674325, -2.42519164085388, 0.82298570871353, 0.07612603157759, -2.40525770187378, 0.81867927312851, 0.0607116445899, -1.85823833942413, 0.91554635763168, -2.24655175209045, -1.8171409368515, 0.97090065479279, -2.29005885124207, -1.82424962520599, 0.99511420726776, -2.28836512565613, -1.84086406230927, 1.01111698150635, -2.27408671379089, -1.85857903957367, 1.01611053943634, -2.25634527206421, 25.8803978501423, 154.016940877852, 170.851526691236, 162.130549913667, 151.924703670916, 4.69854518665972, 28.9778049689257, 23.8035405216692, 25.0374124876847, 23.8882468202084
-0.11390590667725, 0.12344598770142, -0.39317321777344, 0.34163081645966, 1.17863965034485, 3.02466559410095, -1.90892589092255, 0.90136831998825, -2.25005292892456, 1.01610624790192, -0.67178463935852, 1.30503070354462, -2.15386033058167, 1.29449462890625, -1.91950368881226, -0.80627602338791, -0.07363905757666, 0.36367374658585, -2.39589667320251, 0.89360654354095, -0.02848982810974, 0.39414390921593, 1.30133926868439, -2.68597292900085, -1.93937981128693, 0.9347665309906, -2.24878835678101, 1.06477546691895, 2.16774153709412, -1.45479536056519, -2.52228450775146, 0.84457302093506, 0.00340868905187, -2.48649859428406, 0.81858599185944, 0.10937874019146, -2.46526026725769, 0.80739390850067, 0.12622174620628, -2.43532252311707, 0.79567086696625, 0.11780817806721, -2.41122531890869, 0.79509860277176, 0.09513371437788, -1.80465233325958, 0.90347141027451, -2.26506161689758, -1.78609669208527, 1.00515627861023, -2.31507635116577, -1.79124224185944, 1.03402733802795, -2.31498575210571, -1.81039118766785, 1.05221045017242, -2.29480719566345, -1.83551466464996, 1.05238580703735, -2.273268699646, -2.4670946598053, 0.85836523771286, -0.00864551216364, -2.47152733802795, 0.83897376060486, 0.07041312754154, -2.45057106018066, 0.83065724372864, 0.0818744674325, -2.42519164085388, 0.82298570871353, 0.07612603157759, -2.40525770187378, 0.81867927312851, 0.0607116445899, -1.8586710691452, 0.92203044891357, -2.25415277481079, -1.82073330879211, 0.97930771112442, -2.29803895950317, -1.82887732982636, 1.00317680835724, -2.29613161087036, -1.84596061706543, 1.01837658882141, -2.28153252601624, -1.86360335350037, 1.02251648902893, -2.2635018825531, 25.9339226275731, 154.01991884033, 170.876374919437, 162.124225158496, 151.897205329317, 4.69854518665972, 28.9778049689257, 23.8035405216692, 25.0374124876847, 23.8882468202084
-0.05413341522217, 0.01838064193726, -0.43383979797363, 0.4098796248436, 1.11657381057739, 3.33519911766052, -1.90873098373413, 0.90563756227493, -2.25694394111633, 1.04562628269196, -0.6011118888855, 1.36955237388611, -2.15416145324707, 1.29431223869324, -1.91953408718109, -0.80543357133865, -0.07706194370985, 0.36674642562866, -2.39589667320251, 0.89360654354095, -0.02848982810974, 0.39414390921593, 1.30133926868439, -2.68597292900085, -1.94172298908234, 0.937639772892, -2.25066328048706, 1.0088437795639, 2.16770815849304, -1.47831904888153, -2.52228450775146, 0.84457302093506, 0.00340868905187, -2.48649859428406, 0.81858599185944, 0.10937874019146, -2.46526026725769, 0.80739390850067, 0.12622174620628, -2.43532252311707, 0.79567086696625, 0.11780817806721, -2.41122531890869, 0.79509860277176, 0.09513371437788, -1.80589985847473, 0.91390115022659, -2.27026534080505, -1.79377567768097, 1.0174560546875, -2.31837964057922, -1.80043363571167, 1.04600441455841, -2.31755113601685, -1.82009160518646, 1.06271612644196, -2.29660439491272, -1.84473633766174, 1.06110334396362, -2.27457809448242, -2.4670946598053, 0.85836523771286, -0.00864551216364, -2.47152733802795, 0.83897376060486, 0.07041312754154, -2.45057106018066, 0.83065724372864, 0.0818744674325, -2.42519164085388, 0.82298570871353, 0.07612603157759, -2.40525770187378, 0.81867927312851, 0.0607116445899, -1.86058378219604, 0.92932862043381, -2.2578911781311, -1.82663941383362, 0.98945045471191, -2.30123949050903, -1.83598959445953, 1.01280748844147, -2.29864692687988, -1.85354363918304, 1.0267676115036, -2.2833833694458, -1.87100172042847, 1.02958428859711, -2.26492285728455, 25.9986472076954, 154.095938845793, 170.905758393246, 162.120249988399, 151.899390989852, 4.69854518665972, 28.9778049689257, 23.8035405216692, 25.0374124876847, 23.8882468202084
-0.03615188598633, 0.05252408981323, -0.40330123901367, 0.28923335671425, 1.1027055978775, 3.18294453620911, -1.90975666046143, 0.9103592634201, -2.26005935668945, 1.09206056594849, -0.51995182037354, 1.43903827667236, -2.15468955039978, 1.2940057516098, -1.91958773136139, -0.80499660968781, -0.08002884685993, 0.36990344524384, -2.39589667320251, 0.89360654354095, -0.02848982810974, 0.39414390921593, 1.30133926868439, -2.68597292900085, -1.94354641437531, 0.94065630435944, -2.25338530540466, 0.96053141355515, 2.16510224342346, -1.50305664539337, -2.52228450775146, 0.84457302093506, 0.00340868905187, -2.48649859428406, 0.81858599185944, 0.10937874019146, -2.46526026725769, 0.80739390850067, 0.12622174620628, -2.43532252311707, 0.79567086696625, 0.11780817806721, -2.41122531890869, 0.79509860277176, 0.09513371437788, -1.80713200569153, 0.92373889684677, -2.27575945854187, -1.80082678794861, 1.02848064899445, -2.32239675521851, -1.80881714820862, 1.05666220188141, -2.32098865509033, -1.82885849475861, 1.07209205627441, -2.29943084716797, -1.85299003124237, 1.06896579265594, -2.27700257301331, -2.4670946598053, 0.85836523771286, -0.00864551216364, -2.47152733802795, 0.83897376060486, 0.07041312754154, -2.45057106018066, 0.83065724372864, 0.0818744674325, -2.42519164085388, 0.82298570871353, 0.07612603157759, -2.40525770187378, 0.81867927312851, 0.0607116445899, -1.86225056648254, 0.93634390830994, -2.26217555999756, -1.83200263977051, 0.99867701530457, -2.30513596534729, -1.84240257740021, 1.02151799201965, -2.3020007610321, -1.86031651496887, 1.03438758850098, -2.28620624542236, -1.87754666805267, 1.03608334064484, -2.2673978805542, 26.0670754578952, 154.184977191813, 170.932628357441, 162.114594591766, 151.902191367411, 4.69854518665972, 28.9778049689257, 23.8035405216692, 25.0374124876847, 23.8882468202084
-0.12230014801025, 0.0691065788269, -0.10126304626465, 1.55021774768829, 1.45545959472656, 3.81454730033875, -1.91049826145172, 0.91508191823959, -2.2637836933136, 1.12793326377869, -0.43109399080276, 1.51811575889587, -2.15519428253174, 1.29383993148804, -1.9197461605072, -0.80483764410019, -0.0819748789072, 0.37260159850121, -2.39589667320251, 0.89360654354095, -0.02848982810974, 0.39414390921593, 1.30133926868439, -2.68597292900085, -1.94504606723785, 0.94386219978333, -2.25671172142029, 0.91737204790115, 2.16191840171814, -1.52728080749512, -2.52228450775146, 0.84457302093506, 0.00340868905187, -2.48649859428406, 0.81858599185944, 0.10937874019146, -2.46526026725769, 0.80739390850067, 0.12622174620628, -2.43532252311707, 0.79567086696625, 0.11780817806721, -2.41122531890869, 0.79509860277176, 0.09513371437788, -1.80841386318207, 0.9332127571106, -2.28148937225342, -1.80746531486511, 1.0386768579483, -2.32689905166626, -1.81665408611298, 1.06646192073822, -2.32500791549683, -1.83698904514313, 1.08074069023132, -2.30293798446655, -1.86058485507965, 1.07629251480103, -2.28016543388367, -2.4670946598053, 0.85836523771286, -0.00864551216364, -2.47152733802795, 0.83897376060486, 0.07041312754154, -2.45057106018066, 0.83065724372864, 0.0818744674325, -2.42519164085388, 0.82298570871353, 0.07612603157759, -2.40525770187378, 0.81867927312851, 0.0607116445899, -1.86379683017731, 0.94322526454926, -2.26686239242554, -1.83701848983765, 1.00733113288879, -2.30951571464539, -1.84835243225098, 1.0296550989151, -2.30592632293701, -1.86654627323151, 1.04153776168823, -2.28968477249146, -1.88351893424988, 1.04225254058838, -2.27058148384094, 26.1677848896597, 154.286555765149, 170.957066774291, 162.107313610111, 151.905620122375, 4.69854518665972, 28.9778049689257, 23.8035405216692, 25.0374124876847, 23.8882468202084
-0.08195114135742, 0.08460760116577, -0.1622200012207, 1.13583254814148, 1.29644584655762, 3.43219447135925, -1.91109013557434, 0.91988760232925, -2.26796197891235, 1.1556932926178, -0.33592465519905, 1.60475087165833, -2.15574383735657, 1.2936235666275, -1.91997504234314, -0.80416178703308, -0.08264535665512, 0.37429338693619, -2.39589667320251, 0.89360654354095, -0.02848982810974, 0.39414390921593, 1.30133926868439, -2.68597292900085, -1.9471435546875, 0.94240230321884, -2.25705862045288, 0.86971563100815, 2.14352631568909, -1.57136201858521, -2.52228450775146, 0.84457302093506, 0.00340868905187, -2.48649859428406, 0.81858599185944, 0.10937874019146, -2.46526026725769, 0.80739390850067, 0.12622174620628, -2.43532252311707, 0.79567086696625, 0.11780817806721, -2.41122531890869, 0.79509860277176, 0.09513371437788, -1.81054782867432, 0.9393475651741, -2.28403973579407, -1.81612288951874, 1.04482507705688, -2.3290843963623, -1.82679259777069, 1.07205772399902, -2.32694911956787, -1.84752452373505, 1.08513784408569, -2.30450844764709, -1.87047183513641, 1.07933831214905, -2.28138017654419, -2.4670946598053, 0.85836523771286, -0.00864551216364, -2.47152733802795, 0.83897376060486, 0.07041312754154, -2.45057106018066, 0.83065724372864, 0.0818744674325, -2.42519164085388, 0.82298570871353, 0.07612603157759, -2.40525770187378, 0.81867927312851, 0.0607116445899, -1.86615538597107, 0.94626075029373, -2.26850008964539, -1.84362685680389, 1.01185572147369, -2.31134533882141, -1.85611093044281, 1.03351294994354, -2.30749726295471, -1.87466704845428, 1.04433393478394, -2.29092693328857, -1.89134466648102, 1.04406332969666, -2.27155423164368, 26.3493705913864, 154.554135256074, 170.993567305216, 162.127722215351, 151.922627293408, 4.69854518665972, 28.9778049689257, 23.8035405216692, 25.0374124876847, 23.8882468202084
-0.05596160888672, 0.10442161560059, -0.20681762695313, 0.88141882419586, 1.17846250534058, 3.15315294265747, -1.91210675239563, 0.92036104202271, -2.26893138885498, 1.17324805259705, -0.19849316775799, 1.73694086074829, -2.15634751319885, 1.29333555698395, -1.92027592658997, -0.80320775508881, -0.08255191147327, 0.37611362338066, -2.39589667320251, 0.89360654354095, -0.02848982810974, 0.39414390921593, 1.30133926868439, -2.68597292900085, -1.94888508319855, 0.94190102815628, -2.25812911987305, 0.82646346092224, 2.13232135772705, -1.60618162155151, -2.52228450775146, 0.84457302093506, 0.00340868905187, -2.48649859428406, 0.81858599185944, 0.10937874019146, -2.46526026725769, 0.80739390850067, 0.12622174620628, -2.43532252311707, 0.79567086696625, 0.11780817806721, -2.41122531890869, 0.79509860277176, 0.09513371437788, -1.81272315979004, 0.94561636447906, -2.28714323043823, -1.82411396503448, 1.05084991455078, -2.33166027069092, -1.83606672286987, 1.07752132415771, -2.32925367355347, -1.85707318782806, 1.08949553966522, -2.30645418167114, -1.87936067581177, 1.08250224590302, -2.2830126285553, -2.4670946598053, 0.85836523771286, -0.00864551216364, -2.47152733802795, 0.83897376060486, 0.07041312754154, -2.45057106018066, 0.83065724372864, 0.0818744674325, -2.42519164085388, 0.82298570871353, 0.07612603157759, -2.40525770187378, 0.81867927312851, 0.0607116445899, -1.86836242675781, 0.94975101947784, -2.27075290679932, -1.84970700740814, 1.01651525497437, -2.31365346908569, -1.8631739616394, 1.03752338886261, -2.30953049659729, -1.8819854259491, 1.047367811203, -2.29264211654663, -1.89833736419678, 1.04621613025665, -2.27302598953247, 26.5439165770631, 155.017946081853, 171.029617043655, 162.150316481125, 151.941888426867, 4.69854518665972, 28.9778049689257, 23.8035405216692, 25.0374124876847, 23.8882468202084
-0.06337738037109, -0.29478120803833, 0.02514839172363, 0.22393916547298, 1.14957904815674, 3.95865035057068, -1.91299653053284, 0.92163890600204, -2.27061152458191, 1.18352377414703, -0.06772462278605, 1.86229658126831, -2.15708446502686, 1.29298269748688, -1.92067170143127, -0.80245125293732, -0.08237992972136, 0.37832501530647, -2.39589667320251, 0.89360654354095, -0.02848982810974, 0.39414390921593, 1.30133926868439, -2.68597292900085, -1.95184683799744, 0.94225543737411, -2.25737571716309, 0.77090632915497, 2.13003706932068, -1.64462959766388, -2.52228450775146, 0.84457302093506, 0.00340868905187, -2.48649859428406, 0.81858599185944, 0.10937874019146, -2.46526026725769, 0.80739390850067, 0.12622174620628, -2.43532252311707, 0.79567086696625, 0.11780817806721, -2.41122531890869, 0.79509860277176, 0.09513371437788, -1.81695008277893, 0.95449244976044, -2.28976130485535, -1.8358873128891, 1.05909502506256, -2.33318090438843, -1.84938430786133, 1.08496785163879, -2.33027386665344, -1.87049686908722, 1.09549331665039, -2.30686545372009, -1.89171075820923, 1.08700466156006, -2.2829270362854, -2.4670946598053, 0.85836523771286, -0.00864551216364, -2.47152733802795, 0.83897376060486, 0.07041312754154, -2.45057106018066, 0.83065724372864, 0.0818744674325, -2.42519164085388, 0.82298570871353, 0.07612603157759, -2.40525770187378, 0.81867927312851, 0.0607116445899, -1.87230277061462, 0.95510679483414, -2.27195191383362, -1.85886514186859, 1.02314710617065, -2.31479930877686, -1.87348282337189, 1.04326415061951, -2.31018161773682, -1.8924252986908, 1.05183398723602, -2.29275345802307, -1.90817153453827, 1.04956305027008, -2.27274322509766, 27.1378476291726, 156.831566212166, 171.05352270575, 162.183046747628, 151.967337711715, 4.69854518665972, 28.9778049689257, 23.8035405216692, 25.0374124876847, 23.8882468202084
-0.04030609130859, -0.19762086868286, -0.03440093994141, 0.27416118979454, 1.0741331577301, 3.51813650131226, -1.91511523723602, 0.92430889606476, -2.27090573310852, 1.1890584230423, 0.10957964509726, 2.02624988555908, -2.15785908699036, 1.29254794120789, -1.92112421989441, -0.80131828784943, -0.08139646798372, 0.38009524345398, -2.39589667320251, 0.89360654354095, -0.02848982810974, 0.39414390921593, 1.30133926868439, -2.68597292900085, -1.95456099510193, 0.94352006912231, -2.25756812095642, 0.72402232885361, 2.13000535964966, -1.67506313323975, -2.52228450775146, 0.84457302093506, 0.00340868905187, -2.48649859428406, 0.81858599185944, 0.10937874019146, -2.46526026725769, 0.80739390850067, 0.12622174620628, -2.43532252311707, 0.79567086696625, 0.11780817806721, -2.41122531890869, 0.79509860277176, 0.09513371437788, -1.82117629051209, 0.96287870407104, -2.29263138771057, -1.84637367725372, 1.06659805774689, -2.33497548103333, -1.8611216545105, 1.09172356128693, -2.33162474632263, -1.88225674629211, 1.1010183095932, -2.30772089958191, -1.90250289440155, 1.0913165807724, -2.28340816497803, -2.4670946598053, 0.85836523771286, -0.00864551216364, -2.47152733802795, 0.83897376060486, 0.07041312754154, -2.45057106018066, 0.83065724372864, 0.0818744674325, -2.42519164085388, 0.82298570871353, 0.07612603157759, -2.40525770187378, 0.81867927312851, 0.0607116445899, -1.87610471248627, 0.9605388045311, -2.27368783950806, -1.8670825958252, 1.02941286563873, -2.31635999679565, -1.88261759281158, 1.04872334003448, -2.31131339073181, -1.90160965919495, 1.05620956420898, -2.2934455871582, -1.91679847240448, 1.05302059650421, -2.27313184738159, 27.6399160520401, 158.340136433769, 171.075351990338, 162.218932561527, 151.995368808069, 4.69854518665972, 28.9778049689257, 23.8035405216692, 25.0374124876847, 23.8882468202084
-0.11210346221924, -0.16638278961182, 0.12211990356445, 0.48968428373337, 1.81892156600952, 4.41387557983398, -1.91724336147308, 0.92756688594818, -2.27196431159973, 1.18545424938202, 0.25872382521629, 2.16476583480835, -2.15843725204468, 1.29216921329498, -1.92147326469421, -0.80035370588303, -0.08012541383505, 0.38197666406631, -2.39589667320251, 0.89360654354095, -0.02848982810974, 0.39414390921593, 1.30133926868439, -2.68597292900085, -1.95698511600494, 0.94443589448929, -2.2567572593689, 0.66873919963837, 2.13693618774414, -1.70909488201141, -2.52228450775146, 0.84457302093506, 0.00340868905187, -2.48649859428406, 0.81858599185944, 0.10937874019146, -2.46526026725769, 0.80739390850067, 0.12622174620628, -2.43532252311707, 0.79567086696625, 0.11780817806721, -2.41122531890869, 0.79509860277176, 0.09513371437788, -1.82608842849731, 0.97208976745605, -2.29544854164124, -1.85873401165009, 1.07436084747314, -2.3361976146698, -1.87487256526947, 1.09852170944214, -2.33222007751465, -1.89583027362823, 1.10635924339294, -2.30764722824097, -1.91473937034607, 1.09528720378876, -2.2828483581543, -2.4670946598053, 0.85836523771286, -0.00864551216364, -2.47152733802795, 0.83897376060486, 0.07041312754154, -2.45057106018066, 0.83065724372864, 0.0818744674325, -2.42519164085388, 0.82298570871353, 0.07612603157759, -2.40525770187378, 0.81867927312851, 0.0607116445899, -1.88020277023315, 0.96629393100739, -2.27496647834778, -1.87660610675812, 1.03586578369141, -2.317307472229, -1.89312887191772, 1.05416357517242, -2.31166052818298, -1.91201364994049, 1.06036555767059, -2.2931969165802, -1.92638683319092, 1.05612742900848, -2.27248549461365, 28.1225150206784, 159.351414242281, 171.074218178935, 162.238302978013, 152.017239073791, 4.69854518665972, 28.9778049689257, 23.8035405216692, 25.0374124876847, 23.8882468202084
-0.09852504730225, -0.06501245498657, 0.03745651245117, 0.42833167314529, 1.48732471466064, 3.71370267868042, -1.91920292377472, 0.93087333440781, -2.27234292030334, 1.17184174060822, 0.43179425597191, 2.32086992263794, -2.15899395942688, 1.2917742729187, -1.92185986042023, -0.80026876926422, -0.07998543232679, 0.38486716151237, -2.39589667320251, 0.89360654354095, -0.02848982810974, 0.39414390921593, 1.30133926868439, -2.68597292900085, -1.95902919769287, 0.94590789079666, -2.25676417350769, 0.62304079532623, 2.14336514472961, -1.7364706993103, -2.52228450775146, 0.84457302093506, 0.00340868905187, -2.48649859428406, 0.81858599185944, 0.10937874019146, -2.46526026725769, 0.80739390850067, 0.12622174620628, -2.43532252311707, 0.79567086696625, 0.11780817806721, -2.41122531890869, 0.79509860277176, 0.09513371437788, -1.83061170578003, 0.98033112287521, -2.29823303222656, -1.86927843093872, 1.08105826377869, -2.33753371238709, -1.88651299476624, 1.10435354709625, -2.33302640914917, -1.90726554393768, 1.11098790168762, -2.30793070793152, -1.92501854896545, 1.09883856773376, -2.28278374671936, -2.4670946598053, 0.85836523771286, -0.00864551216364, -2.47152733802795, 0.83897376060486, 0.07041312754154, -2.45057106018066, 0.83065724372864, 0.0818744674325, -2.42519164085388, 0.82298570871353, 0.07612603157759, -2.40525770187378, 0.81867927312851, 0.0607116445899, -1.88388049602509, 0.971704185009, -2.27656555175781, -1.88475620746613, 1.04160666465759, -2.31850385665894, -1.90204167366028, 1.05901777744293, -2.31235861778259, -1.92078340053558, 1.06415736675262, -2.29342889785767, -1.93444454669952, 1.05908453464508, -2.27242517471313, 28.5516216552844, 160.321437708206, 171.068057348304, 162.257673394499, 152.040215830159, 4.69854518665972, 28.9778049689257, 23.8035405216692, 25.0374124876847, 23.8882468202084
-0.06039047241211, -0.11068296432495, 0.1281795501709, 0.5329418182373, 2.07076454162598, 4.36938142776489, -1.92098331451416, 0.93435180187225, -2.27329683303833, 1.15327143669128, 0.56377077102661, 2.43967318534851, -2.15961289405823, 1.29135036468506, -1.92233169078827, -0.80058139562607, -0.07994575053453, 0.38833007216454, -2.39589667320251, 0.89360654354095, -0.02848982810974, 0.39414390921593, 1.30133926868439, -2.68597292900085, -1.96084487438202, 0.94777637720108, -2.25736951828003, 0.58295387029648, 2.14956521987915, -1.76004076004028, -2.52228450775146, 0.84457302093506, 0.00340868905187, -2.48649859428406, 0.81858599185944, 0.10937874019146, -2.46526026725769, 0.80739390850067, 0.12622174620628, -2.43532252311707, 0.79567086696625, 0.11780817806721, -2.41122531890869, 0.79509860277176, 0.09513371437788, -1.83491230010986, 0.988057076931, -2.30112051963806, -1.87875175476074, 1.08717453479767, -2.33906054496765, -1.8969053030014, 1.10966145992279, -2.33407998085022, -1.91743242740631, 1.11524331569672, -2.30854654312134, -1.93413364887238, 1.10219252109528, -2.28313231468201, -2.4670946598053, 0.85836523771286, -0.00864551216364, -2.47152733802795, 0.83897376060486, 0.07041312754154, -2.45057106018066, 0.83065724372864, 0.0818744674325, -2.42519164085388, 0.82298570871353, 0.07612603157759, -2.40525770187378, 0.81867927312851, 0.0607116445899, -1.88731181621552, 0.97697204351425, -2.27847361564636, -1.89209628105164, 1.04698050022125, -2.31996917724609, -1.91000878810883, 1.06357836723328, -2.3133852481842, -1.92858278751373, 1.06778728961945, -2.29406428337097, -1.94159078598022, 1.06200802326202, -2.27282977104187, 28.9506686273532, 161.298113778383, 171.057019762605, 162.277043810986, 152.064340058307, 4.69854518665972, 28.9778049689257, 23.8035405216692, 25.0374124876847, 23.8882468202084
-0.04088973999023, -0.03492450714111, 0.050537109375, 0.44784048199654, 1.64934194087982, 3.6198296546936, -1.92265892028809, 0.93799895048141, -2.27470731735229, 1.13221096992493, 0.66942030191422, 2.53427195549011, -2.1602475643158, 1.29096031188965, -1.92283773422241, -0.80082911252975, -0.07900610566139, 0.39141875505447, -2.39589667320251, 0.89360654354095, -0.02848982810974, 0.39414390921593, 1.30133926868439, -2.68597292900085, -1.96230530738831, 0.94744610786438, -2.25866222381592, 0.53259915113449, 2.16112303733826, -1.79537796974182, -2.52228450775146, 0.84457302093506, 0.00340868905187, -2.48649859428406, 0.81858599185944, 0.10937874019146, -2.46526026725769, 0.80739390850067, 0.12622174620628, -2.43532252311707, 0.79567086696625, 0.11780817806721, -2.41122531890869, 0.79509860277176, 0.09513371437788, -1.84032702445984, 0.99511206150055, -2.30604314804077, -1.89101529121399, 1.09156489372253, -2.34228086471558, -1.91029298305511, 1.1129412651062, -2.33667278289795, -1.93032765388489, 1.11726355552673, -2.31051158905029, -1.94545924663544, 1.10320949554443, -2.2846531867981, -2.4670946598053, 0.85836523771286, -0.00864551216364, -2.47152733802795, 0.83897376060486, 0.07041312754154, -2.45057106018066, 0.83065724372864, 0.0818744674325, -2.42519164085388, 0.82298570871353, 0.07612603157759, -2.40525770187378, 0.81867927312851, 0.0607116445899, -1.89127826690674, 0.98093593120575, -2.28186726570129, -1.901402592659, 1.05062258243561, -2.32294297218323, -1.92004680633545, 1.06613099575043, -2.31576108932495, -1.93824076652527, 1.06920886039734, -2.29587364196777, -1.95023882389069, 1.0626380443573, -2.27427768707275, 29.4630967396443, 161.753550792239, 171.030559609761, 162.294187585802, 152.100321494855, 4.69854518665972, 28.9778049689257, 23.8035405216692, 25.0374124876847, 23.8882468202084
-0.02923393249512, 0.01518774032593, -0.00346755981445, 0.39864045381546, 1.40882849693298, 3.18199110031128, -1.92415642738342, 0.93995350599289, -2.27717924118042, 1.09516489505768, 0.79213929176331, 2.63726401329041, -2.16089129447937, 1.29048085212708, -1.92339932918549, -0.80077135562897, -0.07770219445229, 0.39351952075958, -2.39589667320251, 0.89360654354095, -0.02848982810974, 0.39414390921593, 1.30133926868439, -2.68597292900085, -1.96355712413788, 0.94781655073166, -2.26031112670898, 0.48981249332428, 2.17166948318481, -1.82425665855408, -2.52228450775146, 0.84457302093506, 0.00340868905187, -2.48649859428406, 0.81858599185944, 0.10937874019146, -2.46526026725769, 0.80739390850067, 0.12622174620628, -2.43532252311707, 0.79567086696625, 0.11780817806721, -2.41122531890869, 0.79509860277176, 0.09513371437788, -1.84529662132263, 1.00158953666687, -2.31049680709839, -1.90157663822174, 1.09550333023071, -2.3451144695282, -1.9217437505722, 1.11588358879089, -2.33895397186279, -1.94131445884705, 1.11914122104645, -2.31229209899902, -1.95508766174316, 1.10428893566132, -2.2861225605011, -2.4670946598053, 0.85836523771286, -0.00864551216364, -2.47152733802795, 0.83897376060486, 0.07041312754154, -2.45057106018066, 0.83065724372864, 0.0818744674325, -2.42519164085388, 0.82298570871353, 0.07612603157759, -2.40525770187378, 0.81867927312851, 0.0607116445899, -1.89487016201019, 0.98484420776367, -2.28512907028198, -1.90944361686707, 1.0540474653244, -2.32568120956421, -1.92864894866943, 1.06859445571899, -2.31798505783081, -1.94647526741028, 1.070716381073, -2.29764485359192, -1.95759570598602, 1.06350421905518, -2.27578544616699, 29.9374806982583, 162.293367963102, 170.998116211203, 162.311030832296, 152.138734478747, 4.69854518665972, 28.9778049689257, 23.8035405216692, 25.0374124876847, 23.8882468202084
0.02866744995117, -0.18634271621704, -0.0153636932373, 0.20007163286209, 2.17888879776001, 4.21495580673218, -1.92555403709412, 0.94227087497711, -2.27978849411011, 1.06043720245361, 0.88292664289474, 2.71229004859924, -2.16156911849976, 1.29007697105408, -1.92410850524902, -0.80150026082993, -0.07695681601763, 0.3962776362896, -2.39589667320251, 0.89360654354095, -0.02848982810974, 0.39414390921593, 1.30133926868439, -2.68597292900085, -1.9661613702774, 0.9461835026741, -2.26206827163696, 0.45113453269005, 2.19478702545166, -1.8655823469162, -2.52228450775146, 0.84457302093506, 0.00340868905187, -2.48649859428406, 0.81858599185944, 0.10937874019146, -2.46526026725769, 0.80739390850067, 0.12622174620628, -2.43532252311707, 0.79567086696625, 0.11780817806721, -2.41122531890869, 0.79509860277176, 0.09513371437788, -1.85310447216034, 1.00565016269684, -2.31754398345947, -1.91566967964172, 1.09615671634674, -2.35040378570557, -1.93661379814148, 1.11550235748291, -2.34353995323181, -1.95520329475403, 1.11796581745148, -2.31610202789307, -1.96707010269165, 1.10264575481415, -2.28927636146545, -2.4670946598053, 0.85836523771286, -0.00864551216364, -2.47152733802795, 0.83897376060486, 0.07041312754154, -2.45057106018066, 0.83065724372864, 0.0818744674325, -2.42519164085388, 0.82298570871353, 0.07612603157759, -2.40525770187378, 0.81867927312851, 0.0607116445899, -1.90062344074249, 0.98654890060425, -2.29000210762024, -1.92051517963409, 1.05452120304108, -2.33037567138672, -1.94012701511383, 1.06810629367828, -2.3219780921936, -1.95717906951904, 1.0694705247879, -2.30092167854309, -1.96698272228241, 1.0618804693222, -2.27856588363647, 30.2222142092833, 162.448372276126, 170.975057492565, 162.338706758812, 152.167148065694, 4.69854518665972, 28.9778049689257, 23.8035405216692, 25.0374124876847, 23.8882468202084
0.03428077697754, -0.1028208732605, -0.06215858459473, 0.2268251478672, 1.77638709545136, 3.56728458404541, -1.92876124382019, 0.94246989488602, -2.28308725357056, 1.01346957683563, 0.96785598993301, 2.76230835914612, -2.16215705871582, 1.28957056999207, -1.92486047744751, -0.80171716213226, -0.07516176998615, 0.39981564879417, -2.39589667320251, 0.89360654354095, -0.02848982810974, 0.39414390921593, 1.30133926868439, -2.68597292900085, -1.96826040744781, 0.94546663761139, -2.26419591903687, 0.41745743155479, 2.21348977088928, -1.89883244037628, -2.52228450775146, 0.84457302093506, 0.00340868905187, -2.48649859428406, 0.81858599185944, 0.10937874019146, -2.46526026725769, 0.80739390850067, 0.12622174620628, -2.43532252311707, 0.79567086696625, 0.11780817806721, -2.41122531890869, 0.79509860277176, 0.09513371437788, -1.85986423492432, 1.00966513156891, -2.32356333732605, -1.9274799823761, 1.0971018075943, -2.35468506813049, -1.94903957843781, 1.11552226543427, -2.34720921516418, -1.96681749820709, 1.11728894710541, -2.31918597221375, -1.97710204124451, 1.10158896446228, -2.29193019866943, -2.4670946598053, 0.85836523771286, -0.00864551216364, -2.47152733802795, 0.83897376060486, 0.07041312754154, -2.45057106018066, 0.83065724372864, 0.0818744674325, -2.42519164085388, 0.82298570871353, 0.07612603157759, -2.40525770187378, 0.81867927312851, 0.0607116445899, -1.90555202960968, 0.98859065771103, -2.29440951347351, -1.9297901391983, 1.0553936958313, -2.33435726165771, -1.94971001148224, 1.06812727451324, -2.32537126541138, -1.9661111831665, 1.06883215904236, -2.30377244949341, -1.97482967376709, 1.06092405319214, -2.28107953071594, 30.5216326270237, 162.656897951487, 170.948583679342, 162.36769408165, 152.196039765884, 4.69854518665972, 28.9778049689257, 23.8035405216692, 25.0374124876847, 23.8882468202084
-0.07934188842773, -0.27496290206909, 0.01436805725098, -0.56960725784302, 3.01283717155457, 3.80323886871338, -1.93143546581268, 0.94332855939865, -2.28641557693481, 0.97323089838028, 1.03220844268799, 2.80008149147034, -2.16269993782043, 1.28904461860657, -1.9254812002182, -0.80089938640594, -0.07264975458384, 0.40081045031548, -2.39589667320251, 0.89360654354095, -0.02848982810974, 0.39414390921593, 1.30133926868439, -2.68597292900085, -1.97002410888672, 0.94532704353333, -2.26644849777222, 0.38693851232529, 2.22976446151733, -1.92742621898651, -2.52228450775146, 0.84457302093506, 0.00340868905187, -2.48649859428406, 0.81858599185944, 0.10937874019146, -2.46526026725769, 0.80739390850067, 0.12622174620628, -2.43532252311707, 0.79567086696625, 0.11780817806721, -2.41122531890869, 0.79509860277176, 0.09513371437788, -1.865966796875, 1.01364994049072, -2.32889628410339, -1.93787360191345, 1.09820604324341, -2.35831189155579, -1.95994400978088, 1.11576795578003, -2.35028076171875, -1.97700393199921, 1.11690294742584, -2.32178258895874, -1.98589754104614, 1.10088443756104, -2.29422450065613, -2.4670946598053, 0.85836523771286, -0.00864551216364, -2.47152733802795, 0.83897376060486, 0.07041312754154, -2.45057106018066, 0.83065724372864, 0.0818744674325, -2.42519164085388, 0.82298570871353, 0.07612603157759, -2.40525770187378, 0.81867927312851, 0.0607116445899, -1.90995347499847, 0.99084460735321, -2.29845690727234, -1.93794560432434, 1.05649995803833, -2.33784937858582, -1.95810806751251, 1.06844997406006, -2.3283429145813, -1.97392618656158, 1.0685601234436, -2.30630254745483, -1.98169410228729, 1.06037616729736, -2.28336358070374, 30.8443590653068, 162.931881367471, 170.918845035696, 162.397951819673, 152.22545056045, 4.69854518665972, 28.9778049689257, 23.8035405216692, 25.0374124876847, 23.8882468202084
-0.04214286804199, -0.17500448226929, -0.05292320251465, -0.31569463014603, 2.35350918769836, 3.23946642875671, -1.93376576900482, 0.94460344314575, -2.28966856002808, 0.93697392940521, 1.08454382419586, 2.8305344581604, -2.16321635246277, 1.28862082958221, -1.92612504959106, -0.8019146323204, -0.07132783532143, 0.40164175629616, -2.39589667320251, 0.89360654354095, -0.02848982810974, 0.39414390921593, 1.30133926868439, -2.68597292900085, -1.97535419464111, 0.94463551044464, -2.26710224151611, 0.37843751907349, 2.26688504219055, -1.95579433441162, -2.52228450775146, 0.84457302093506, 0.00340868905187, -2.48649859428406, 0.81858599185944, 0.10937874019146, -2.46526026725769, 0.80739390850067, 0.12622174620628, -2.43532252311707, 0.79567086696625, 0.11780817806721, -2.41122531890869, 0.79509860277176, 0.09513371437788, -1.87601375579834, 1.01431775093079, -2.33545088768005, -1.95120179653168, 1.09674334526062, -2.36262392997742, -1.97327184677124, 1.11392271518707, -2.3538031578064, -1.98898041248322, 1.11511719226837, -2.32454085350037, -1.99617624282837, 1.09933567047119, -2.29635763168335, -2.4670946598053, 0.85836523771286, -0.00864551216364, -2.47152733802795, 0.83897376060486, 0.07041312754154, -2.45057106018066, 0.83065724372864, 0.0818744674325, -2.42519164085388, 0.82298570871353, 0.07612603157759, -2.40525770187378, 0.81867927312851, 0.0607116445899, -1.91795706748962, 0.99099898338318, -2.3026111125946, -1.9493225812912, 1.05537331104279, -2.34157395362854, -1.96928548812866, 1.06700944900513, -2.33128905296326, -1.98403680324554, 1.06710624694824, -2.30852079391479, -1.99051189422607, 1.05910933017731, -2.28511929512024, 30.9058375980261, 163.031233299138, 170.881675146233, 162.428072953913, 152.248563920601, 4.69854518665972, 28.9778049689257, 23.8035405216692, 25.0374124876847, 23.8882468202084
-0.01889991760254, -0.11264419555664, -0.08557319641113, -0.17615637183189, 1.97796261310577, 2.89649987220764, -1.94023311138153, 0.94437199831009, -2.29201793670654, 0.90950566530228, 1.12801456451416, 2.82521414756775, -2.16363143920898, 1.28821420669556, -1.92670702934265, -0.80278623104095, -0.07039670646191, 0.40310278534889, -2.39589667320251, 0.89360654354095, -0.02848982810974, 0.39414390921593, 1.30133926868439, -2.68597292900085, -1.97959351539612, 0.94433182477951, -2.26809072494507, 0.3655631840229, 2.29744172096252, -1.98289000988007, -2.52228450775146, 0.84457302093506, 0.00340868905187, -2.48649859428406, 0.81858599185944, 0.10937874019146, -2.46526026725769, 0.80739390850067, 0.12622174620628, -2.43532252311707, 0.79567086696625, 0.11780817806721, -2.41122531890869, 0.79509860277176, 0.09513371437788, -1.88496136665344, 1.01580119132996, -2.34111523628235, -1.96333515644073, 1.09593296051025, -2.36605668067932, -1.98547875881195, 1.11263048648834, -2.35652422904968, -2.00002288818359, 1.11374497413635, -2.32666277885437, -2.00565886497498, 1.09809947013855, -2.29805183410645, -2.4670946598053, 0.85836523771286, -0.00864551216364, -2.47152733802795, 0.83897376060486, 0.07041312754154, -2.45057106018066, 0.83065724372864, 0.0818744674325, -2.42519164085388, 0.82298570871353, 0.07612603157759, -2.40525770187378, 0.81867927312851, 0.0607116445899, -1.92491793632507, 0.99177014827728, -2.30636692047119, -1.959517121315, 1.05486488342285, -2.3446798324585, -1.9793506860733, 1.06609284877777, -2.33371353149414, -1.99317097663879, 1.06606197357178, -2.31036829948425, -1.99848532676697, 1.05816292762756, -2.28664326667786, 30.9724148669608, 163.135298061333, 170.840898916888, 162.459259597663, 152.271294790159, 4.69854518665972, 28.9778049689257, 23.8035405216692, 25.0374124876847, 23.8882468202084
-0.37796401977539, -0.13336372375488, 0.12920951843262, -1.09253215789795, 3.43473768234253, 1.66460382938385, -1.94550895690918, 0.94470167160034, -2.29440522193909, 0.88118654489517, 1.16962862014771, 2.8267617225647, -2.16402435302734, 1.28784537315369, -1.92728209495544, -0.80401366949081, -0.06984358280897, 0.40500241518021, -2.39589667320251, 0.89360654354095, -0.02848982810974, 0.39414390921593, 1.30133926868439, -2.68597292900085, -1.98169708251953, 0.94328391551971, -2.26871252059937, 0.35464230179787, 2.30528497695923, -2.00765466690063, -2.52228450775146, 0.84457302093506, 0.00340868905187, -2.48649859428406, 0.81858599185944, 0.10937874019146, -2.46526026725769, 0.80739390850067, 0.12622174620628, -2.43532252311707, 0.79567086696625, 0.11780817806721, -2.41122531890869, 0.79509860277176, 0.09513371437788, -1.88999772071838, 1.01621234416962, -2.34400105476379, -1.97064650058746, 1.09422135353088, -2.36841368675232, -1.99301958084106, 1.11048972606659, -2.35867667198181, -2.00709295272827, 1.11156558990479, -2.32858920097351, -2.01188540458679, 1.09608352184296, -2.29973649978638, -2.4670946598053, 0.85836523771286, -0.00864551216364, -2.47152733802795, 0.83897376060486, 0.07041312754154, -2.45057106018066, 0.83065724372864, 0.0818744674325, -2.42519164085388, 0.82298570871353, 0.07612603157759, -2.40525770187378, 0.81867927312851, 0.0607116445899, -1.92879700660706, 0.99160307645798, -2.30835747718811, -1.96550607681274, 1.05347394943237, -2.34670305252075, -1.98541676998138, 1.06434345245361, -2.3355176448822, -1.9988466501236, 1.0642249584198, -2.31194591522217, -2.00358152389526, 1.05644488334656, -2.28805947303772, 31.0255469085143, 163.216208482241, 170.809684952381, 162.490869713142, 152.300623622455, 4.69854518665972, 28.9778049689257, 23.8035405216692, 25.0374124876847, 23.8882468202084
-0.26410102844238, -0.10205268859863, 0.06914520263672, -0.77165913581848, 2.90928936004639, 1.88885474205017, -1.94806826114655, 0.94418752193451, -2.29559469223022, 0.85556703805923, 1.18598961830139, 2.82648777961731, -2.16446781158447, 1.28745341300964, -1.92792069911957, -0.80475145578384, -0.0684869736433, 0.40588968992233, -2.39589667320251, 0.89360654354095, -0.02848982810974, 0.39414390921593, 1.30133926868439, -2.68597292900085, -1.98359799385071, 0.94254493713379, -2.26943182945251, 0.34153893589973, 2.31554007530212, -2.03202366828918, -2.52228450775146, 0.84457302093506, 0.00340868905187, -2.48649859428406, 0.81858599185944, 0.10937874019146, -2.46526026725769, 0.80739390850067, 0.12622174620628, -2.43532252311707, 0.79567086696625, 0.11780817806721, -2.41122531890869, 0.79509860277176, 0.09513371437788, -1.89517045021057, 1.01711750030518, -2.34698963165283, -1.97819566726685, 1.09287667274475, -2.37050485610962, -2.00078773498535, 1.10866022109985, -2.36048007011414, -2.01432585716248, 1.10963368415833, -2.33014440536499, -2.01819348335266, 1.09427726268768, -2.30108666419983, -2.4670946598053, 0.85836523771286, -0.00864551216364, -2.47152733802795, 0.83897376060486, 0.07041312754154, -2.45057106018066, 0.83065724372864, 0.0818744674325, -2.42519164085388, 0.82298570871353, 0.07612603157759, -2.40525770187378, 0.81867927312851, 0.0607116445899, -1.93267285823822, 0.99184191226959, -2.31043577194214, -1.97163045406342, 1.05245292186737, -2.34857439994812, -1.99159872531891, 1.06291306018829, -2.33710503578186, -2.00458383560181, 1.06265461444855, -2.31328630447388, -2.00867938995361, 1.05495738983154, -2.28925538063049, 31.080956818156, 163.297733620174, 170.776886383986, 162.523408734348, 152.330553511398, 4.69854518665972, 28.9778049689257, 23.8035405216692, 25.0374124876847, 23.8882468202084
-0.07649230957031, -0.14568042755127, 0.03620338439941, -0.71809673309326, 1.19299626350403, 1.69892847537994, -1.95050466060638, 0.94406652450562, -2.29694318771362, 0.82922923564911, 1.20641922950745, 2.82898235321045, -2.16495275497437, 1.2871241569519, -1.92865192890167, -0.80508852005005, -0.0664007216692, 0.40690499544144, -2.39589667320251, 0.89360654354095, -0.02848982810974, 0.39414390921593, 1.30133926868439, -2.68597292900085, -1.9854336977005, 0.94198423624039, -2.27026009559631, 0.32667002081871, 2.32789325714111, -2.05726742744446, -2.52228450775146, 0.84457302093506, 0.00340868905187, -2.48649859428406, 0.81858599185944, 0.10937874019146, -2.46526026725769, 0.80739390850067, 0.12622174620628, -2.43532252311707, 0.79567086696625, 0.11780817806721, -2.41122531890869, 0.79509860277176, 0.09513371437788, -1.90067887306213, 1.01833319664001, -2.35015463829041, -1.98619997501373, 1.09163784980774, -2.37247443199158, -2.00900268554688, 1.10687971115112, -2.36209440231323, -2.02193665504456, 1.10771608352661, -2.33149218559265, -2.02478766441345, 1.09248089790344, -2.30225372314453, -2.4670946598053, 0.85836523771286, -0.00864551216364, -2.47152733802795, 0.83897376060486, 0.07041312754154, -2.45057106018066, 0.83065724372864, 0.0818744674325, -2.42519164085388, 0.82298570871353, 0.07612603157759, -2.40525770187378, 0.81867927312851, 0.0607116445899, -1.93672132492065, 0.99232947826385, -2.312655210495, -1.97808837890625, 1.05157375335693, -2.35040211677551, -1.99809432029724, 1.06157612800598, -2.33859467506409, -2.01057600975037, 1.06114673614502, -2.31451106071472, -2.01396632194519, 1.05352354049683, -2.29034686088562, 31.138545558143, 163.379846154376, 170.742585173975, 162.556767378254, 152.361057136231, 4.69854518665972, 28.9778049689257, 23.8035405216692, 25.0374124876847, 23.8882468202084
-0.05541229248047, -0.12125730514526, 0.02475357055664, -0.58270448446274, 1.33694195747375, 1.80883347988129, -1.95296573638916, 0.94419252872467, -2.29846143722534, 0.80124092102051, 1.22974216938019, 2.832679271698, -2.16538739204407, 1.28678274154663, -1.92940545082092, -0.80530768632889, -0.0644396841526, 0.40803483128548, -2.39589667320251, 0.89360654354095, -0.02848982810974, 0.39414390921593, 1.30133926868439, -2.68597292900085, -1.9885356426239, 0.94194108247757, -2.26886296272278, 0.33765631914139, 2.3475182056427, -2.06377387046814, -2.52228450775146, 0.84457302093506, 0.00340868905187, -2.48649859428406, 0.81858599185944, 0.10937874019146, -2.46526026725769, 0.80739390850067, 0.12622174620628, -2.43532252311707, 0.79567086696625, 0.11780817806721, -2.41122531890869, 0.79509860277176, 0.09513371437788, -1.9052722454071, 1.01700460910797, -2.35149693489075, -1.99100112915039, 1.09035801887512, -2.37283849716187, -2.01351881027222, 1.10580933094025, -2.3621506690979, -2.02578067779541, 1.10706198215485, -2.33128714561462, -2.02804803848267, 1.09219002723694, -2.3018114566803, -2.4670946598053, 0.85836523771286, -0.00864551216364, -2.47152733802795, 0.83897376060486, 0.07041312754154, -2.45057106018066, 0.83065724372864, 0.0818744674325, -2.42519164085388, 0.82298570871353, 0.07612603157759, -2.40525770187378, 0.81867927312851, 0.0607116445899, -1.94058108329773, 0.99158930778503, -2.31291174888611, -1.98255181312561, 1.05053150653839, -2.35046482086182, -2.00226068496704, 1.06075048446655, -2.33834743499756, -2.01421666145325, 1.06065738201141, -2.31399488449097, -2.0171070098877, 1.053337931633, -2.28967237472534, 31.1971827321676, 163.445798461001, 170.709690982932, 162.5916150034, 152.415398121268, 4.69854518665972, 28.9778049689257, 23.8035405216692, 25.0374124876847, 23.8882468202084
-0.04159355163574, -0.10876035690308, 0.01666831970215, -0.52477389574051, 1.48515498638153, 1.95385611057281, -1.95668160915375, 0.94368797540665, -2.2977876663208, 0.80069714784622, 1.23851156234741, 2.8146059513092, -2.16568827629089, 1.28643918037415, -1.93008756637573, -0.8054358959198, -0.06254968047142, 0.40891116857529, -2.39589667320251, 0.89360654354095, -0.02848982810974, 0.39414390921593, 1.30133926868439, -2.68597292900085, -1.99146151542664, 0.94190746545792, -2.2678062915802, 0.34382209181786, 2.36734986305237, -2.07396149635315, -2.52228450775146, 0.84457302093506, 0.00340868905187, -2.48649859428406, 0.81858599185944, 0.10937874019146, -2.46526026725769, 0.80739390850067, 0.12622174620628, -2.43532252311707, 0.79567086696625, 0.11780817806721, -2.41122531890869, 0.79509860277176, 0.09513371437788, -1.91033267974854, 1.0162353515625, -2.35318303108215, -1.99672245979309, 1.08914721012115, -2.37333989143372, -2.01902556419373, 1.10466492176056, -2.36230397224426, -2.03057074546814, 1.10623395442963, -2.33117961883545, -2.0321147441864, 1.09168696403503, -2.30149555206299, -2.4670946598053, 0.85836523771286, -0.00864551216364, -2.47152733802795, 0.83897376060486, 0.07041312754154, -2.45057106018066, 0.83065724372864, 0.0818744674325, -2.42519164085388, 0.82298570871353, 0.07612603157759, -2.40525770187378, 0.81867927312851, 0.0607116445899, -1.94467055797577, 0.99117124080658, -2.31350708007813, -1.98765337467194, 1.04959285259247, -2.35072731971741, -2.0071017742157, 1.05990099906921, -2.33826947212219, -2.01848888397217, 1.06005239486694, -2.31364607810974, -2.02079486846924, 1.05299854278564, -2.28918290138245, 31.2577152836868, 163.510275446766, 170.675744942757, 162.627323232381, 152.473085898998, 4.69854518665972, 28.9778049689257, 23.8035405216692, 25.0374124876847, 23.8882468202084
-0.26976585388184, -0.0121021270752, 0.20046615600586, -0.86769866943359, 1.56571912765503, -0.26169329881668, -1.96029233932495, 0.94340473413467, -2.29748106002808, 0.79481559991837, 1.25172424316406, 2.80060267448425, -2.16589903831482, 1.28608655929565, -1.93073010444641, -0.80559903383255, -0.06070947647095, 0.40963146090508, -2.39589667320251, 0.89360654354095, -0.02848982810974, 0.39414390921593, 1.30133926868439, -2.68597292900085, -1.99212026596069, 0.9419412612915, -2.26773738861084, 0.34409999847412, 2.36745476722717, -2.0723729133606, -2.52228450775146, 0.84457302093506, 0.00340868905187, -2.48649859428406, 0.81858599185944, 0.10937874019146, -2.46526026725769, 0.80739390850067, 0.12622174620628, -2.43532252311707, 0.79567086696625, 0.11780817806721, -2.41122531890869, 0.79509860277176, 0.09513371437788, -1.91086077690125, 1.01623892784119, -2.35301613807678, -1.99714970588684, 1.0892767906189, -2.3731484413147, -2.01943802833557, 1.10481333732605, -2.36210894584656, -2.0309944152832, 1.10637056827545, -2.33098816871643, -2.03256964683533, 1.09180057048798, -2.30131721496582, -2.4670946598053, 0.85836523771286, -0.00864551216364, -2.47152733802795, 0.83897376060486, 0.07041312754154, -2.45057106018066, 0.83065724372864, 0.0818744674325, -2.42519164085388, 0.82298570871353, 0.07612603157759, -2.40525770187378, 0.81867927312851, 0.0607116445899, -1.94524741172791, 0.99118453264236, -2.31337642669678, -1.98814034461975, 1.04969191551209, -2.3505654335022, -2.00758123397827, 1.060014128685, -2.3381073474884, -2.01897859573364, 1.0601589679718, -2.31348848342896, -2.0213041305542, 1.05308735370636, -2.28903269767761, 31.358662064525, 163.532924354054, 170.638807279725, 162.647977724431, 152.535582129903, 4.69854518665972, 28.9778049689257, 23.8035405216692, 25.0374124876847, 23.8882468202084
-0.22944259643555, -0.02193403244019, 0.17595291137695, -0.80219340324402, 1.67218434810638, 0.17574663460255, -1.96093642711639, 0.94342428445816, -2.29739761352539, 0.79628103971481, 1.25170969963074, 2.80118536949158, -2.16607522964478, 1.28572309017181, -1.93139398097992, -0.80612218379974, -0.05920404568315, 0.41044282913208, -2.39589667320251, 0.89360654354095, -0.02848982810974, 0.39414390921593, 1.30133926868439, -2.68597292900085, -1.99279320240021, 0.94201296567917, -2.2677960395813, 0.34373405575752, 2.36817717552185, -2.07245397567749, -2.52228450775146, 0.84457302093506, 0.00340868905187, -2.48649859428406, 0.81858599185944, 0.10937874019146, -2.46526026725769, 0.80739390850067, 0.12622174620628, -2.43532252311707, 0.79567086696625, 0.11780817806721, -2.41122531890869, 0.79509860277176, 0.09513371437788, -1.91162073612213, 1.01635360717773, -2.35312008857727, -1.99794733524323, 1.08936882019043, -2.37317252159119, -2.02023220062256, 1.10489618778229, -2.36211323738098, -2.03176593780518, 1.10644340515137, -2.33098340034485, -2.03331422805786, 1.09186661243439, -2.30131435394287, -2.4670946598053, 0.85836523771286, -0.00864551216364, -2.47152733802795, 0.83897376060486, 0.07041312754154, -2.45057106018066, 0.83065724372864, 0.0818744674325, -2.42519164085388, 0.82298570871353, 0.07612603157759, -2.40525770187378, 0.81867927312851, 0.0607116445899, -1.94596982002258, 0.99128025770187, -2.31345987319946, -1.9889087677002, 1.04978203773499, -2.35060453414917, -2.00834345817566, 1.06009566783905, -2.33812975883484, -2.01972246170044, 1.06023192405701, -2.31350231170654, -2.02202749252319, 1.05315434932709, -2.28904628753662, 31.4936334327136, 163.548866015577, 170.600640182643, 162.667375461673, 152.601384172367, 4.69854518665972, 28.9778049689257, 23.8035405216692, 25.0374124876847, 23.8882468202084
-0.05259704589844, 0.00619268417358, 0.00020599365234, 0.05310310050845, -0.02620814740658, -0.07988861948252, -1.96163201332092, 0.94351184368134, -2.29747939109802, 0.79605174064636, 1.25276076793671, 2.80160713195801, -2.16615867614746, 1.28531932830811, -1.93214321136475, -0.80702388286591, -0.05713676288724, 0.41088384389877, -2.39589667320251, 0.89360654354095, -0.02848982810974, 0.39414390921593, 1.30133926868439, -2.68597292900085, -1.99363076686859, 0.94146347045898, -2.2675199508667, 0.34380546212196, 2.36831164360046, -2.07196664810181, -2.52228450775146, 0.84457302093506, 0.00340868905187, -2.48649859428406, 0.81858599185944, 0.10937874019146, -2.46526026725769, 0.80739390850067, 0.12622174620628, -2.43532252311707, 0.79567086696625, 0.11780817806721, -2.41122531890869, 0.79509860277176, 0.09513371437788, -1.9124276638031, 1.01579630374908, -2.35282158851624, -1.99872601032257, 1.08884966373444, -2.37285709381104, -2.02100539207459, 1.10438251495361, -2.36179399490356, -2.03253936767578, 1.10592567920685, -2.33066415786743, -2.0340940952301, 1.09134149551392, -2.3009991645813, -2.4670946598053, 0.85836523771286, -0.00864551216364, -2.47152733802795, 0.83897376060486, 0.07041312754154, -2.45057106018066, 0.83065724372864, 0.0818744674325, -2.42519164085388, 0.82298570871353, 0.07612603157759, -2.40525770187378, 0.81867927312851, 0.0607116445899, -1.94678747653961, 0.99072533845901, -2.31316924095154, -1.98970317840576, 1.04925346374512, -2.35029935836792, -2.00913429260254, 1.05957090854645, -2.3378221988678, -2.02051401138306, 1.0597048997879, -2.31319522857666, -2.02282238006592, 1.05262160301209, -2.28874111175537, 31.8203145505262, 163.535451524047, 170.539264102762, 162.690338557663, 152.675437083348, 4.69854518665972, 28.9778049689257, 23.8035405216692, 25.0374124876847, 23.8882468202084
-0.0479793548584, 0.0047550201416, -0.00355339050293, 0, 0, 0, -1.96246814727783, 0.94295853376389, -2.29720187187195, 0.79649531841278, 1.25287175178528, 2.80180382728577, -2.16620898246765, 1.28490376472473, -1.93294012546539, -0.80805766582489, -0.05373020842671, 0.41064503788948, -2.39589667320251, 0.89360654354095, -0.02848982810974, 0.39414390921593, 1.30133926868439, -2.68597292900085, -1.99470567703247, 0.9409431219101, -2.26735877990723, 0.3437243103981, 2.36867642402649, -2.07170510292053, -2.52228450775146, 0.84457302093506, 0.00340868905187, -2.48649859428406, 0.81858599185944, 0.10937874019146, -2.46526026725769, 0.80739390850067, 0.12622174620628, -2.43532252311707, 0.79567086696625, 0.11780817806721, -2.41122531890869, 0.79509860277176, 0.09513371437788, -1.91351735591888, 1.01528584957123, -2.35266590118408, -1.99981248378754, 1.08835422992706, -2.37266039848328, -2.02208685874939, 1.10388708114624, -2.36158776283264, -2.03361201286316, 1.10542440414429, -2.33045434951782, -2.03516030311584, 1.09083366394043, -2.30079221725464, -2.4670946598053, 0.85836523771286, -0.00864551216364, -2.47152733802795, 0.83897376060486, 0.07041312754154, -2.45057106018066, 0.83065724372864, 0.0818744674325, -2.42519164085388, 0.82298570871353, 0.07612603157759, -2.40525770187378, 0.81867927312851, 0.0607116445899, -1.94786906242371, 0.99020993709564, -2.31300950050354, -1.99078810214996, 1.04875159263611, -2.35011458396912, -2.01021456718445, 1.05906856060028, -2.33762955665588, -2.02158737182617, 1.05919826030731, -2.31299948692322, -2.02388978004456, 1.05210971832275, -2.28854608535767, 32.1275706103392, 163.512488428057, 170.42785005702, 162.712837200789, 152.753342221022, 4.69854518665972, 28.9778049689257, 23.8035405216692, 25.0374124876847, 23.8882468202084
-0.06196975708008, -0.03841781616211, 0.01860809326172, 0, 0, 0, -1.9635511636734, 0.94244128465652, -2.29704880714417, 0.79668074846268, 1.25333368778229, 2.80206322669983, -2.16618728637695, 1.28446936607361, -1.93381798267365, -0.80939346551895, -0.04950764402747, 0.40894091129303, -2.39589667320251, 0.89360654354095, -0.02848982810974, 0.39414390921593, 1.30133926868439, -2.68597292900085, -1.99594950675964, 0.94049537181854, -2.26733136177063, 0.34349459409714, 2.36926317214966, -2.07166171073914, -2.52228450775146, 0.84457302093506, 0.00340868905187, -2.48649859428406, 0.81858599185944, 0.10937874019146, -2.46526026725769, 0.80739390850067, 0.12622174620628, -2.43532252311707, 0.79567086696625, 0.11780817806721, -2.41122531890869, 0.79509860277176, 0.09513371437788, -1.91481971740723, 1.01486527919769, -2.35267043113709, -2.00113582611084, 1.08792614936829, -2.37260174751282, -2.02340602874756, 1.10345387458801, -2.36151313781738, -2.03491353988647, 1.10498380661011, -2.33037304878235, -2.03644299507141, 1.09038710594177, -2.3007128238678, -2.4670946598053, 0.85836523771286, -0.00864551216364, -2.47152733802795, 0.83897376060486, 0.07041312754154, -2.45057106018066, 0.83065724372864, 0.0818744674325, -2.42519164085388, 0.82298570871353, 0.07612603157759, -2.40525770187378, 0.81867927312851, 0.0607116445899, -1.94914555549622, 0.98977708816528, -2.31299948692322, -1.99209344387054, 1.0483204126358, -2.35006856918335, -2.01151394844055, 1.05863237380981, -2.33757066726685, -2.02287268638611, 1.0587557554245, -2.31293392181396, -2.02516031265259, 1.05166220664978, -2.28848052024841, 32.407820102174, 163.480331897445, 170.295412689014, 162.734857730673, 152.847967661783, 4.69854518665972, 28.9778049689257, 23.8035405216692, 25.0374124876847, 23.8882468202084
-0.07829475402832, -0.03692436218262, 0.01115798950195, 0.04408526793122, 0.05155159533024, -0.01851402781904, -1.96481215953827, 0.94200336933136, -2.29703903198242, 0.79661613702774, 1.25413537025452, 2.80238389968872, -2.16610193252563, 1.28403759002686, -1.93469858169556, -0.81104654073715, -0.04551637917757, 0.40622782707214, -2.39589667320251, 0.89360654354095, -0.02848982810974, 0.39414390921593, 1.30133926868439, -2.68597292900085, -1.99742126464844, 0.94002783298492, -2.26756572723389, 0.3450134396553, 2.36949348449707, -2.0703501701355, -2.52228450775146, 0.84457302093506, 0.00340868905187, -2.48649859428406, 0.81858599185944, 0.10937874019146, -2.46526026725769, 0.80739390850067, 0.12622174620628, -2.43532252311707, 0.79567086696625, 0.11780817806721, -2.41122531890869, 0.79509860277176, 0.09513371437788, -1.91612899303436, 1.01422047615051, -2.35290455818176, -2.00229859352112, 1.08744442462921, -2.37287044525146, -2.02454090118408, 1.10301804542542, -2.36179041862488, -2.03605198860168, 1.10457742214203, -2.33065295219421, -2.03761601448059, 1.08999037742615, -2.30098962783813, -2.4670946598053, 0.85836523771286, -0.00864551216364, -2.47152733802795, 0.83897376060486, 0.07041312754154, -2.45057106018066, 0.83065724372864, 0.0818744674325, -2.42519164085388, 0.82298570871353, 0.07612603157759, -2.40525770187378, 0.81867927312851, 0.0607116445899, -1.95051181316376, 0.98920810222626, -2.31323504447937, -1.99333798885345, 1.0478264093399, -2.35032653808594, -2.01274108886719, 1.05817890167236, -2.33783507347107, -2.02410483360291, 1.05832993984222, -2.31320071220398, -2.02641129493713, 1.05124640464783, -2.28874635696411, 32.466156747875, 163.423204195227, 170.218627702364, 162.760061128711, 152.938044196557, 4.69854518665972, 28.9778049689257, 23.8035405216692, 25.0374124876847, 23.8882468202084
-0.08965873718262, -0.03228092193604, 0.00233459472656, 0.02168338187039, 0.0446532741189, 0.00270399847068, -1.96627461910248, 0.94146853685379, -2.29726719856262, 0.79839271306992, 1.25308108329773, 2.80120754241943, -2.16581916809082, 1.28368306159973, -1.93550801277161, -0.81335401535034, -0.04209977015853, 0.40335035324097, -2.39589667320251, 0.89360654354095, -0.02848982810974, 0.39414390921593, 1.30133926868439, -2.68597292900085, -1.99906611442566, 0.93975239992142, -2.26789903640747, 0.34860435128212, 2.37042498588562, -2.06754899024963, -2.52228450775146, 0.84457302093506, 0.00340868905187, -2.48649859428406, 0.81858599185944, 0.10937874019146, -2.46526026725769, 0.80739390850067, 0.12622174620628, -2.43532252311707, 0.79567086696625, 0.11780817806721, -2.41122531890869, 0.79509860277176, 0.09513371437788, -1.91744709014893, 1.01352441310883, -2.35329055786133, -2.00329399108887, 1.08711135387421, -2.37331247329712, -2.02546763420105, 1.10279071331024, -2.36224436759949, -2.0369725227356, 1.10442352294922, -2.3311083316803, -2.03860139846802, 1.0898654460907, -2.30143427848816, -2.4670946598053, 0.85836523771286, -0.00864551216364, -2.47152733802795, 0.83897376060486, 0.07041312754154, -2.45057106018066, 0.83065724372864, 0.0818744674325, -2.42519164085388, 0.82298570871353, 0.07612603157759, -2.40525770187378, 0.81867927312851, 0.0607116445899, -1.95194029808044, 0.98869252204895, -2.31360340118408, -1.99450778961182, 1.04747092723846, -2.35073900222778, -2.01386570930481, 1.05791783332825, -2.3382556438446, -2.02522897720337, 1.05813694000244, -2.31362175941467, -2.02756714820862, 1.05108165740967, -2.28916215896606, 32.5265151295705, 163.355435058282, 170.128892677049, 162.785305507883, 153.037464430116, 4.69854518665972, 28.9778049689257, 23.8035405216692, 25.0374124876847, 23.8882468202084
-0.11446380615234, -0.0297532081604, -0.01630783081055, -0.00865217298269, -0.00187610415742, -0.12145433574915, -1.96791291236877, 0.94103443622589, -2.29760074615479, 0.80233281850815, 1.25092077255249, 2.79822611808777, -2.16542387008667, 1.28342843055725, -1.93621182441711, -0.81617021560669, -0.04059128090739, 0.4016045331955, -2.39589667320251, 0.89360654354095, -0.02848982810974, 0.39414390921593, 1.30133926868439, -2.68597292900085, -2.0001072883606, 0.9391730427742, -2.26859974861145, 0.35143330693245, 2.37095308303833, -2.06423330307007, -2.52228450775146, 0.84457302093506, 0.00340868905187, -2.48649859428406, 0.81858599185944, 0.10937874019146, -2.46526026725769, 0.80739390850067, 0.12622174620628, -2.43532252311707, 0.79567086696625, 0.11780817806721, -2.41122531890869, 0.79509860277176, 0.09513371437788, -1.91812670230865, 1.01261305809021, -2.35393118858337, -2.00365114212036, 1.08656322956085, -2.37399482727051, -2.02576565742493, 1.10233414173126, -2.36293792724609, -2.03728246688843, 1.10401093959808, -2.33180856704712, -2.03899049758911, 1.08945560455322, -2.30213785171509, -2.4670946598053, 0.85836523771286, -0.00864551216364, -2.47152733802795, 0.83897376060486, 0.07041312754154, -2.45057106018066, 0.83065724372864, 0.0818744674325, -2.42519164085388, 0.82298570871353, 0.07612603157759, -2.40525770187378, 0.81867927312851, 0.0607116445899, -1.95274817943573, 0.98792093992233, -2.31426858901978, -1.99504554271698, 1.04688310623169, -2.35142159461975, -2.01436686515808, 1.0574095249176, -2.33894848823547, -2.02574419975281, 1.05767297744751, -2.31432151794434, -2.02812695503235, 1.05062413215637, -2.2898645401001, 32.5741454537475, 163.282283732271, 170.045837576741, 162.797955018226, 153.12803273851, 4.69854518665972, 28.9778049689257, 23.8035405216692, 25.0374124876847, 23.8882468202084
-0.13818740844727, -0.01120519638062, -0.02071952819824, -0.05412982776761, -0.00176626525354, -0.33283406496048, -1.96893095970154, 0.94032818078995, -2.29828214645386, 0.80636793375015, 1.2490736246109, 2.79650712013245, -2.16492462158203, 1.28327608108521, -1.93691802024841, -0.81853103637695, -0.039715629071, 0.40049010515213, -2.39589667320251, 0.89360654354095, -0.02848982810974, 0.39414390921593, 1.30133926868439, -2.68597292900085, -2.00120544433594, 0.93867617845535, -2.26933455467224, 0.35402089357376, 2.3717474937439, -2.06132197380066, -2.52228450775146, 0.84457302093506, 0.00340868905187, -2.48649859428406, 0.81858599185944, 0.10937874019146, -2.46526026725769, 0.80739390850067, 0.12622174620628, -2.43532252311707, 0.79567086696625, 0.11780817806721, -2.41122531890869, 0.79509860277176, 0.09513371437788, -1.91893112659454, 1.01181101799011, -2.35464525222778, -2.00417256355286, 1.08608341217041, -2.37472367286682, -2.02622961997986, 1.10193681716919, -2.36367058753967, -2.03774666786194, 1.10365557670593, -2.33254384994507, -2.03951573371887, 1.0891056060791, -2.30287384986877, -2.4670946598053, 0.85836523771286, -0.00864551216364, -2.47152733802795, 0.83897376060486, 0.07041312754154, -2.45057106018066, 0.83065724372864, 0.0818744674325, -2.42519164085388, 0.82298570871353, 0.07612603157759, -2.40525770187378, 0.81867927312851, 0.0607116445899, -1.95365369319916, 0.98724758625031, -2.31499123573303, -1.99572098255157, 1.04637014865875, -2.35215044021606, -2.01500511169434, 1.05696868896484, -2.33968091011047, -2.02638673782349, 1.0572737455368, -2.31505632400513, -2.02880096435547, 1.05023288726807, -2.29060006141663, 32.62160843829, 163.199884330124, 169.949217720743, 162.808910641654, 153.226933877692, 4.69854518665972, 28.9778049689257, 23.8035405216692, 25.0374124876847, 23.8882468202084
-0.09312629699707, -0.03233671188354, -0.05240821838379, 0.00993605237454, -0.04373832419515, -0.3031844496727, -1.9700186252594, 0.93971532583237, -2.29901051521301, 0.80995094776154, 1.24765968322754, 2.79484343528748, -2.16438364982605, 1.28319525718689, -1.93760633468628, -0.82045370340347, -0.03818127512932, 0.39915293455124, -2.39589667320251, 0.89360654354095, -0.02848982810974, 0.39414390921593, 1.30133926868439, -2.68597292900085, -2.00235676765442, 0.93822717666626, -2.27010679244995, 0.35624939203262, 2.37270832061768, -2.05892205238342, -2.52228450775146, 0.84457302093506, 0.00340868905187, -2.48649859428406, 0.81858599185944, 0.10937874019146, -2.46526026725769, 0.80739390850067, 0.12622174620628, -2.43532252311707, 0.79567086696625, 0.11780817806721, -2.41122531890869, 0.79509860277176, 0.09513371437788, -1.91986203193665, 1.0110981464386, -2.35543060302734, -2.00487017631531, 1.08563935756683, -2.37550067901611, -2.02687573432922, 1.10156297683716, -2.36444544792175, -2.03838348388672, 1.10331928730011, -2.33331727981567, -2.04019474983215, 1.0887758731842, -2.30364680290222, -2.4670946598053, 0.85836523771286, -0.00864551216364, -2.47152733802795, 0.83897376060486, 0.07041312754154, -2.45057106018066, 0.83065724372864, 0.0818744674325, -2.42519164085388, 0.82298570871353, 0.07612603157759, -2.40525770187378, 0.81867927312851, 0.0607116445899, -1.9546571969986, 0.98664617538452, -2.31577110290527, -1.99654173851013, 1.04590022563934, -2.35292720794678, -2.01579070091248, 1.05656027793884, -2.34045577049255, -2.0271680355072, 1.05690228939056, -2.31582975387573, -2.02960157394409, 1.04986989498138, -2.29137277603149, 32.6689382341436, 163.108537380165, 169.840740656344, 162.818186038547, 153.34520543336, 4.69854518665972, 28.9778049689257, 23.8035405216692, 25.0374124876847, 23.8882468202084
-0.09566688537598, -0.02741432189941, -0.05359268188477, 0.00317628751509, -0.01479639578611, -0.26265260577202, -1.97117066383362, 0.93916654586792, -2.29978680610657, 0.81294202804565, 1.24668943881989, 2.79333186149597, -2.16381478309631, 1.28329920768738, -1.93837225437164, -0.82307106256485, -0.03720086440444, 0.39782485365868, -2.39589667320251, 0.89360654354095, -0.02848982810974, 0.39414390921593, 1.30133926868439, -2.68597292900085, -2.00297212600708, 0.9383590221405, -2.27097654342651, 0.35622921586037, 2.37336659431458, -2.05751061439514, -2.52228450775146, 0.84457302093506, 0.00340868905187, -2.48649859428406, 0.81858599185944, 0.10937874019146, -2.46526026725769, 0.80739390850067, 0.12622174620628, -2.43532252311707, 0.79567086696625, 0.11780817806721, -2.41122531890869, 0.79509860277176, 0.09513371437788, -1.92042326927185, 1.01123237609863, -2.35624575614929, -2.00536489486694, 1.08587181568146, -2.37623238563538, -2.02735376358032, 1.10180568695068, -2.36515855789185, -2.03885459899902, 1.10354375839233, -2.33402681350708, -2.04067444801331, 1.08897435665131, -2.30436944961548, -2.4670946598053, 0.85836523771286, -0.00864551216364, -2.47152733802795, 0.83897376060486, 0.07041312754154, -2.45057106018066, 0.83065724372864, 0.0818744674325, -2.42519164085388, 0.82298570871353, 0.07612603157759, -2.40525770187378, 0.81867927312851, 0.0607116445899, -1.95523476600647, 0.98677587509155, -2.3166036605835, -1.99706995487213, 1.04610395431519, -2.35369729995728, -2.01630687713623, 1.05677032470703, -2.3412127494812, -2.02767992019653, 1.05710005760193, -2.31658434867859, -2.03011584281921, 1.05004703998566, -2.29213380813599, 32.7006883685004, 163.012887411028, 169.763354613048, 162.830944831917, 153.454857290295, 4.69854518665972, 28.9778049689257, 23.8035405216692, 25.0374124876847, 23.8882468202084
-0.09724617004395, -0.02533292770386, -0.05517196655273, -0.00240296381526, 0.00843885540962, -0.23303686082363, -1.97178995609283, 0.93929690122604, -2.30066061019897, 0.81412756443024, 1.24747705459595, 2.79418706893921, -2.16299724578857, 1.28347277641296, -1.93906950950623, -0.82398170232773, -0.03494571521878, 0.39525106549263, -2.39589667320251, 0.89360654354095, -0.02848982810974, 0.39414390921593, 1.30133926868439, -2.68597292900085, -2.00364327430725, 0.93847566843033, -2.27186727523804, 0.35612043738365, 2.37392473220825, -2.05657482147217, -2.52228450775146, 0.84457302093506, 0.00340868905187, -2.48649859428406, 0.81858599185944, 0.10937874019146, -2.46526026725769, 0.80739390850067, 0.12622174620628, -2.43532252311707, 0.79567086696625, 0.11780817806721, -2.41122531890869, 0.79509860277176, 0.09513371437788, -1.92107367515564, 1.0113617181778, -2.35710573196411, -2.00597858428955, 1.08606219291687, -2.37702107429504, -2.02795577049255, 1.1020005941391, -2.36593127250671, -2.03944849967957, 1.10372364521027, -2.33479571342468, -2.04126977920532, 1.08913493156433, -2.30514788627625, -2.4670946598053, 0.85836523771286, -0.00864551216364, -2.47152733802795, 0.83897376060486, 0.07041312754154, -2.45057106018066, 0.83065724372864, 0.0818744674325, -2.42519164085388, 0.82298570871353, 0.07612603157759, -2.40525770187378, 0.81867927312851, 0.0607116445899, -1.95588958263397, 0.98689740896225, -2.31747198104858, -1.99770045280457, 1.04627418518066, -2.35451531410217, -2.01692843437195, 1.05694258213043, -2.34201884269714, -2.02829551696777, 1.05726170539856, -2.31738781929016, -2.0307297706604, 1.05019330978394, -2.2929413318634, 32.7304270121466, 162.909410045102, 169.678031889936, 162.842747398803, 153.573962129042, 4.69854518665972, 28.9778049689257, 23.8035405216692, 25.0374124876847, 23.8882468202084
-0.0487003326416, 0.01274156570435, -0.06639862060547, 0.0676299482584, 0.01216721627861, -0.07188285887241, -1.97246754169464, 0.9394166469574, -2.30155801773071, 0.81487244367599, 1.24821305274963, 2.79488039016724, -2.16210389137268, 1.28372263908386, -1.93981146812439, -0.82484763860703, -0.03201280534267, 0.39221695065498, -2.39589667320251, 0.89360654354095, -0.02848982810974, 0.39414390921593, 1.30133926868439, -2.68597292900085, -2.00450372695923, 0.93882012367249, -2.27235078811646, 0.35630312561989, 2.37637138366699, -2.05226564407349, -2.52228450775146, 0.84457302093506, 0.00340868905187, -2.48649859428406, 0.81858599185944, 0.10937874019146, -2.46526026725769, 0.80739390850067, 0.12622174620628, -2.43532252311707, 0.79567086696625, 0.11780817806721, -2.41122531890869, 0.79509860277176, 0.09513371437788, -1.92179334163666, 1.01168274879456, -2.35747265815735, -2.00648951530457, 1.08669340610504, -2.377108335495, -2.02840805053711, 1.10266876220703, -2.36595511436462, -2.03986597061157, 1.10434353351593, -2.33480405807495, -2.04170370101929, 1.08968114852905, -2.30519366264343, -2.4670946598053, 0.85836523771286, -0.00864551216364, -2.47152733802795, 0.83897376060486, 0.07041312754154, -2.45057106018066, 0.83065724372864, 0.0818744674325, -2.42519164085388, 0.82298570871353, 0.07612603157759, -2.40525770187378, 0.81867927312851, 0.0607116445899, -1.95664608478546, 0.98721837997437, -2.31787157058716, -1.99831116199493, 1.04682040214539, -2.35471653938293, -2.01749491691589, 1.05751383304596, -2.3421733379364, -2.02883791923523, 1.05780160427094, -2.31753087043762, -2.03127074241638, 1.05067527294159, -2.2931010723114, 32.7598173161452, 162.793351470725, 169.514066368721, 162.845520455606, 153.652645908281, 4.69854518665972, 28.9778049689257, 23.8035405216692, 25.0374124876847, 23.8882468202084
-0.05108642578125, 0.01049280166626, -0.06670761108398, 0, 0, 0, -1.973353266716, 0.9397457242012, -2.30206871032715, 0.81859588623047, 1.25083327293396, 2.79717969894409, -2.16115427017212, 1.28406071662903, -1.94054889678955, -0.82526755332947, -0.02949910983443, 0.38774985074997, -2.39589667320251, 0.89360654354095, -0.02848982810974, 0.39414390921593, 1.30133926868439, -2.68597292900085, -2.00471162796021, 0.93910384178162, -2.27259516716003, 0.35763880610466, 2.37594366073608, -2.04728841781616, -2.52228450775146, 0.84457302093506, 0.00340868905187, -2.48649859428406, 0.81858599185944, 0.10937874019146, -2.46526026725769, 0.80739390850067, 0.12622174620628, -2.43532252311707, 0.79567086696625, 0.11780817806721, -2.41122531890869, 0.79509860277176, 0.09513371437788, -1.92150497436523, 1.01180326938629, -2.35737228393555, -2.00583624839783, 1.0872209072113, -2.37702035903931, -2.02771019935608, 1.10326492786407, -2.36587834358215, -2.03922843933105, 1.10491824150085, -2.33474850654602, -2.04119324684143, 1.09019708633423, -2.30517554283142, -2.4670946598053, 0.85836523771286, -0.00864551216364, -2.47152733802795, 0.83897376060486, 0.07041312754154, -2.45057106018066, 0.83065724372864, 0.0818744674325, -2.42519164085388, 0.82298570871353, 0.07612603157759, -2.40525770187378, 0.81867927312851, 0.0607116445899, -1.95654821395874, 0.98739916086197, -2.31790208816528, -1.99787735939026, 1.04726266860962, -2.35470175743103, -2.01704239845276, 1.05800986289978, -2.34217572212219, -2.02843737602234, 1.05829048156738, -2.31755709648132, -2.03095388412476, 1.05111944675446, -2.2931489944458, 32.7646530900775, 162.524146394778, 169.371356396203, 162.839960681621, 153.710046818065, 4.69854518665972, 28.9778049689257, 23.8035405216692, 25.0374124876847, 23.8882468202084
-0.07669830322266, 0.03493738174438, -0.04461479187012, 0.24036850035191, 0.08425904810429, -0.25715705752373, -1.97349309921265, 0.9399631023407, -2.30224347114563, 0.8233802318573, 1.24952626228333, 2.79835510253906, -2.16015553474426, 1.28449368476868, -1.94125533103943, -0.82602578401566, -0.0281403567642, 0.38303774595261, -2.39589667320251, 0.89360654354095, -0.02848982810974, 0.39414390921593, 1.30133926868439, -2.68597292900085, -2.00489544868469, 0.93941468000412, -2.27286076545715, 0.35911166667938, 2.37528896331787, -2.04184746742249, -2.52228450775146, 0.84457302093506, 0.00340868905187, -2.48649859428406, 0.81858599185944, 0.10937874019146, -2.46526026725769, 0.80739390850067, 0.12622174620628, -2.43532252311707, 0.79567086696625, 0.11780817806721, -2.41122531890869, 0.79509860277176, 0.09513371437788, -1.92113125324249, 1.01193130016327, -2.35724449157715, -2.00505709648132, 1.08779239654541, -2.37692141532898, -2.02688407897949, 1.10391139984131, -2.36579561233521, -2.03847455978394, 1.10554218292236, -2.33469128608704, -2.04058432579041, 1.09075736999512, -2.30516004562378, -2.4670946598053, 0.85836523771286, -0.00864551216364, -2.47152733802795, 0.83897376060486, 0.07041312754154, -2.45057106018066, 0.83065724372864, 0.0818744674325, -2.42519164085388, 0.82298570871353, 0.07612603157759, -2.40525770187378, 0.81867927312851, 0.0607116445899, -1.95638978481293, 0.98759484291077, -2.3179247379303, -1.99734318256378, 1.04774236679077, -2.35468149185181, -2.0164897441864, 1.05854845046997, -2.34217810630798, -2.02794647216797, 1.0588219165802, -2.31758809089661, -2.03055906295776, 1.05160272121429, -2.29320430755615, 32.76368661831, 162.220599127685, 169.232758197565, 162.831354643267, 153.763431576618, 4.69854518665972, 28.9778049689257, 23.8035405216692, 25.0374124876847, 23.8882468202084
-0.03132820129395, 0.0329761505127, -0.0325984954834, 0.16209310293198, -0.15369698405266, -0.30574399232864, -1.97359704971313, 0.94020038843155, -2.30242681503296, 0.82861435413361, 1.24789392948151, 2.79962110519409, -2.15903115272522, 1.28502750396729, -1.94191706180573, -0.82715147733688, -0.02809575386345, 0.37931534647942, -2.39589667320251, 0.89360654354095, -0.02848982810974, 0.39414390921593, 1.30133926868439, -2.68597292900085, -2.00509738922119, 0.93972879648209, -2.27315449714661, 0.36059531569481, 2.37445735931396, -2.03641724586487, -2.52228450775146, 0.84457302093506, 0.00340868905187, -2.48649859428406, 0.81858599185944, 0.10937874019146, -2.46526026725769, 0.80739390850067, 0.12622174620628, -2.43532252311707, 0.79567086696625, 0.11780817806721, -2.41122531890869, 0.79509860277176, 0.09513371437788, -1.9207626581192, 1.01205813884735, -2.35712957382202, -2.00427746772766, 1.08836019039154, -2.37684917449951, -2.0260591506958, 1.10455417633057, -2.36574363708496, -2.03772735595703, 1.10616302490234, -2.33466720581055, -2.03998756408691, 1.09131610393524, -2.30517840385437, -2.4670946598053, 0.85836523771286, -0.00864551216364, -2.47152733802795, 0.83897376060486, 0.07041312754154, -2.45057106018066, 0.83065724372864, 0.0818744674325, -2.42519164085388, 0.82298570871353, 0.07612603157759, -2.40525770187378, 0.81867927312851, 0.0607116445899, -1.95624279975891, 0.98779106140137, -2.31796669960022, -1.99681258201599, 1.048220038414, -2.35468697547913, -2.01594257354736, 1.05908513069153, -2.34220933914185, -2.02746558189392, 1.05935215950012, -2.31765031814575, -2.03017902374268, 1.05208551883698, -2.2932915687561, 32.7527685609217, 161.749275093819, 169.056539316979, 162.817298113955, 153.811379504592, 4.69854518665972, 28.9778049689257, 23.8035405216692, 25.0374124876847, 23.8882468202084
-0.03079605102539, 0.03621625900269, -0.03591156005859, 0.17943719029427, -0.18596276640892, -0.34079697728157, -1.97371459007263, 0.94043999910355, -2.30263257026672, 0.83384239673615, 1.24606823921204, 2.80086374282837, -2.15776586532593, 1.28555488586426, -1.94252753257751, -0.82766598463058, -0.02699657715857, 0.37537798285484, -2.39589667320251, 0.89360654354095, -0.02848982810974, 0.39414390921593, 1.30133926868439, -2.68597292900085, -2.00531411170959, 0.94003254175186, -2.27346515655518, 0.36202499270439, 2.3735020160675, -2.03123593330383, -2.52228450775146, 0.84457302093506, 0.00340868905187, -2.48649859428406, 0.81858599185944, 0.10937874019146, -2.46526026725769, 0.80739390850067, 0.12622174620628, -2.43532252311707, 0.79567086696625, 0.11780817806721, -2.41122531890869, 0.79509860277176, 0.09513371437788, -1.92042219638824, 1.0121785402298, -2.35703539848328, -2.00353932380676, 1.08890008926392, -2.37680864334106, -2.02527928352356, 1.10516560077667, -2.36572575569153, -2.03702688217163, 1.10675430297852, -2.33467817306519, -2.03943586349487, 1.09184896945953, -2.30523061752319, -2.4670946598053, 0.85836523771286, -0.00864551216364, -2.47152733802795, 0.83897376060486, 0.07041312754154, -2.45057106018066, 0.83065724372864, 0.0818744674325, -2.42519164085388, 0.82298570871353, 0.07612603157759, -2.40525770187378, 0.81867927312851, 0.0607116445899, -1.95611989498138, 0.98797959089279, -2.31802845001221, -1.99631607532501, 1.04867517948151, -2.35471987724304, -2.01543188095093, 1.05959701538086, -2.34227013587952, -2.02702212333679, 1.05985844135284, -2.31774258613586, -2.02983617782593, 1.05254721641541, -2.29340863227844, 32.736628823913, 161.260807285136, 168.89186345609, 162.800454867462, 153.855652790792, 4.69854518665972, 28.9778049689257, 23.8035405216692, 25.0374124876847, 23.8882468202084
-0.03175735473633, 0.0365424156189, -0.03831481933594, 0.17626351118088, -0.19674032926559, -0.33637309074402, -1.97384607791901, 0.94067174196243, -2.30285429954529, 0.83883517980576, 1.24414539337158, 2.80202841758728, -2.15643453598022, 1.28609132766724, -1.94319450855255, -0.82792580127716, -0.02511196583509, 0.36989974975586, -2.39589667320251, 0.89360654354095, -0.02848982810974, 0.39414390921593, 1.30133926868439, -2.68597292900085, -2.00532388687134, 0.94147288799286, -2.27441954612732, 0.38334143161774, 2.35772180557251, -2.00548768043518, -2.52228450775146, 0.84457302093506, 0.00340868905187, -2.48649859428406, 0.81858599185944, 0.10937874019146, -2.46526026725769, 0.80739390850067, 0.12622174620628, -2.43532252311707, 0.79567086696625, 0.11780817806721, -2.41122531890869, 0.79509860277176, 0.09513371437788, -1.91608881950378, 1.0109589099884, -2.35568737983704, -1.99618268013, 1.09032881259918, -2.37738990783691, -2.01766276359558, 1.10726988315582, -2.36682438850403, -2.03013134002686, 1.10919773578644, -2.33607864379883, -2.03375673294067, 1.09434247016907, -2.30673050880432, -2.4670946598053, 0.85836523771286, -0.00864551216364, -2.47152733802795, 0.83897376060486, 0.07041312754154, -2.45057106018066, 0.83065724372864, 0.0818744674325, -2.42519164085388, 0.82298570871353, 0.07612603157759, -2.40525770187378, 0.81867927312851, 0.0607116445899, -1.95351362228394, 0.98787081241608, -2.31763768196106, -1.9908093214035, 1.04986715316772, -2.35520672798157, -2.00987315177917, 1.06138134002686, -2.3432195186615, -2.0220627784729, 1.06198525428772, -2.3189902305603, -2.02572107315063, 1.05473935604095, -2.29474925994873, 32.7133173882757, 160.646281505132, 168.829804357291, 162.777519092229, 153.900609095909, 4.69854518665972, 28.9778049689257, 23.8035405216692, 25.0374124876847, 23.8882468202084
-0.03170585632324, 0.03528499603271, -0.03913879394531, 0.16846546530724, -0.2008296251297, -0.322982609272, -1.97312164306641, 0.94113767147064, -2.30300736427307, 0.86953222751617, 1.20827174186707, 2.78781676292419, -2.15496635437012, 1.28657960891724, -1.94401955604553, -0.82761365175247, -0.02309028618038, 0.36335054039955, -2.39589667320251, 0.89360654354095, -0.02848982810974, 0.39414390921593, 1.30133926868439, -2.68597292900085, -2.00348138809204, 0.94247132539749, -2.27525448799133, 0.42007219791412, 2.32887172698975, -1.96251654624939, -2.52228450775146, 0.84457302093506, 0.00340868905187, -2.48649859428406, 0.81858599185944, 0.10937874019146, -2.46526026725769, 0.80739390850067, 0.12622174620628, -2.43532252311707, 0.79567086696625, 0.11780817806721, -2.41122531890869, 0.79509860277176, 0.09513371437788, -1.90701794624329, 1.00716292858124, -2.35210156440735, -1.98165035247803, 1.09076821804047, -2.37711715698242, -2.0026478767395, 1.10882747173309, -2.36747431755066, -2.01638603210449, 1.11137998104095, -2.33732080459595, -2.02214241027832, 1.09669888019562, -2.30822682380676, -2.4670946598053, 0.85836523771286, -0.00864551216364, -2.47152733802795, 0.83897376060486, 0.07041312754154, -2.45057106018066, 0.83065724372864, 0.0818744674325, -2.42519164085388, 0.82298570871353, 0.07612603157759, -2.40525770187378, 0.81867927312851, 0.0607116445899, -1.94732964038849, 0.98607093095779, -2.31588625907898, -1.9794807434082, 1.0500431060791, -2.35487103462219, -1.99842488765717, 1.06255114078522, -2.3437192440033, -2.01165843009949, 1.06377613544464, -2.32006812095642, -2.01680493354797, 1.05670249462128, -2.29604744911194, 32.6869391977011, 159.992782665723, 168.756926238847, 162.739515919687, 153.924487437247, 4.69854518665972, 28.9778049689257, 23.8035405216692, 25.0374124876847, 23.8882468202084
-0.10665321350098, 0.18184947967529, -0.13526916503906, 0.11502917855978, -1.81199216842651, -2.30884552001953, -1.97007167339325, 0.94044190645218, -2.30234742164612, 0.92029571533203, 1.13972890377045, 2.7584912776947, -2.15338706970215, 1.28708100318909, -1.9448709487915, -0.82744741439819, -0.02136535011232, 0.35730683803558, -2.39589667320251, 0.89360654354095, -0.02848982810974, 0.39414390921593, 1.30133926868439, -2.68597292900085, -2.00085711479187, 0.94218909740448, -2.27508115768433, 0.44966280460358, 2.30674886703491, -1.92956233024597, -2.52228450775146, 0.84457302093506, 0.00340868905187, -2.48649859428406, 0.81858599185944, 0.10937874019146, -2.46526026725769, 0.80739390850067, 0.12622174620628, -2.43532252311707, 0.79567086696625, 0.11780817806721, -2.41122531890869, 0.79509860277176, 0.09513371437788, -1.89905822277069, 1.00285124778748, -2.34824395179749, -1.96916687488556, 1.08954620361328, -2.37571001052856, -1.98972177505493, 1.10846173763275, -2.36678171157837, -2.00441813468933, 1.11155712604523, -2.33713507652283, -2.01182985305786, 1.09709990024567, -2.30830478668213, -2.4670946598053, 0.85836523771286, -0.00864551216364, -2.47152733802795, 0.83897376060486, 0.07041312754154, -2.45057106018066, 0.83065724372864, 0.0818744674325, -2.42519164085388, 0.82298570871353, 0.07612603157759, -2.40525770187378, 0.81867927312851, 0.0607116445899, -1.94149804115295, 0.98343354463577, -2.31355547904968, -1.9695109128952, 1.04874217510223, -2.35350561141968, -1.9883029460907, 1.06202340126038, -2.34300971031189, -2.00231695175171, 1.06377816200256, -2.31984639167786, -2.00861740112305, 1.05690145492554, -2.29604458808899, 32.6558823275451, 159.378762319717, 168.681479969275, 162.696963841158, 153.942860646114, 4.69854518665972, 28.9778049689257, 23.8035405216692, 25.0374124876847, 23.8882468202084
-0.03088188171387, 0.21095895767212, -0.1860466003418, 0.19405706226826, -3.28667068481445, -3.88182783126831, -1.96660768985748, 0.93878614902496, -2.30096077919006, 0.95874643325806, 1.08040082454681, 2.72961091995239, -2.15187001228333, 1.28753662109375, -1.94563853740692, -0.82741343975067, -0.02058727480471, 0.3521888256073, -2.39589667320251, 0.89360654354095, -0.02848982810974, 0.39414390921593, 1.30133926868439, -2.68597292900085, -1.99838209152222, 0.94157725572586, -2.2746889591217, 0.47301205992699, 2.28987312316895, -1.90455567836761, -2.52228450775146, 0.84457302093506, 0.00340868905187, -2.48649859428406, 0.81858599185944, 0.10937874019146, -2.46526026725769, 0.80739390850067, 0.12622174620628, -2.43532252311707, 0.79567086696625, 0.11780817806721, -2.41122531890869, 0.79509860277176, 0.09513371437788, -1.89266693592072, 0.99897032976151, -2.34487462043762, -1.95914137363434, 1.08790731430054, -2.37414860725403, -1.97931671142578, 1.10747098922729, -2.36576771736145, -1.99473011493683, 1.11101794242859, -2.33653879165649, -2.00340986251831, 1.09678649902344, -2.30795097351074, -2.4670946598053, 0.85836523771286, -0.00864551216364, -2.47152733802795, 0.83897376060486, 0.07041312754154, -2.45057106018066, 0.83065724372864, 0.0818744674325, -2.42519164085388, 0.82298570871353, 0.07612603157759, -2.40525770187378, 0.81867927312851, 0.0607116445899, -1.93666708469391, 0.98090928792953, -2.31141948699951, -1.96142530441284, 1.04711925983429, -2.35202980041504, -1.98006534576416, 1.06099343299866, -2.34204196929932, -1.99465870857239, 1.06318318843842, -2.31927704811096, -2.0018424987793, 1.05649614334106, -2.29567217826843, 32.6203824193339, 158.792376919093, 168.603615812737, 162.650026781182, 153.955974609321, 4.69854518665972, 28.9778049689257, 23.8035405216692, 25.0374124876847, 23.8882468202084
0.07156562805176, 0.0937614440918, -0.09037971496582, 0.13146755099297, -2.59210872650146, -3.02517819404602, -1.9635488986969, 0.93708789348602, -2.29960584640503, 0.98746830224991, 1.03051555156708, 2.70314955711365, -2.15020251274109, 1.28796982765198, -1.9463427066803, -0.82760667800903, -0.02007745951414, 0.34771314263344, -2.39589667320251, 0.89360654354095, -0.02848982810974, 0.39414390921593, 1.30133926868439, -2.68597292900085, -1.99624252319336, 0.94101715087891, -2.27437353134155, 0.4927197098732, 2.2759895324707, -1.88408374786377, -2.52228450775146, 0.84457302093506, 0.00340868905187, -2.48649859428406, 0.81858599185944, 0.10937874019146, -2.46526026725769, 0.80739390850067, 0.12622174620628, -2.43532252311707, 0.79567086696625, 0.11780817806721, -2.41122531890869, 0.79509860277176, 0.09513371437788, -1.88741683959961, 0.99559706449509, -2.34200263023376, -1.95078539848328, 1.08629739284515, -2.37271904945374, -1.97062063217163, 1.10638976097107, -2.36478924751282, -1.98661327362061, 1.11033236980438, -2.33592462539673, -1.99633705615997, 1.09632313251495, -2.30756378173828, -2.4670946598053, 0.85836523771286, -0.00864551216364, -2.47152733802795, 0.83897376060486, 0.07041312754154, -2.45057106018066, 0.83065724372864, 0.0818744674325, -2.42519164085388, 0.82298570871353, 0.07612603157759, -2.40525770187378, 0.81867927312851, 0.0607116445899, -1.93265497684479, 0.97870254516602, -2.30960583686829, -1.95467638969421, 1.0455733537674, -2.35070705413818, -1.97316718101501, 1.05993616580963, -2.34114146232605, -1.98822522163391, 1.06250369548798, -2.31872129440308, -1.99613571166992, 1.05599868297577, -2.29529857635498, 32.5804667938244, 158.223941255608, 168.523251806962, 162.59869107938, 153.963979591028, 4.69854518665972, 28.9778049689257, 23.8035405216692, 25.0374124876847, 23.8882468202084
0.09427642822266, 0.04676485061646, -0.05352401733398, 0.0861921608448, -2.0165274143219, -2.32781481742859, -1.96096849441528, 0.93561017513275, -2.29847478866577, 1.01056337356567, 0.98605561256409, 2.67809557914734, -2.14837598800659, 1.28831565380096, -1.94697701931, -0.82696843147278, -0.02012471109629, 0.34466379880905, -2.39589667320251, 0.89360654354095, -0.02848982810974, 0.39414390921593, 1.30133926868439, -2.68597292900085, -1.98929131031036, 0.93448662757874, -2.27190208435059, 0.53950244188309, 2.25392985343933, -1.83475601673126, -2.52228450775146, 0.84457302093506, 0.00340868905187, -2.48649859428406, 0.81858599185944, 0.10937874019146, -2.46526026725769, 0.80739390850067, 0.12622174620628, -2.43532252311707, 0.79567086696625, 0.11780817806721, -2.41122531890869, 0.79509860277176, 0.09513371437788, -1.8742071390152, 0.98216319084167, -2.33417773246765, -1.93021512031555, 1.07674753665924, -2.36738181114197, -1.9490864276886, 1.09804463386536, -2.36028718948364, -1.96612095832825, 1.10294771194458, -2.33217549324036, -1.97801828384399, 1.08953833580017, -2.30435872077942, -2.4670946598053, 0.85836523771286, -0.00864551216364, -2.47152733802795, 0.83897376060486, 0.07041312754154, -2.45057106018066, 0.83065724372864, 0.0818744674325, -2.42519164085388, 0.82298570871353, 0.07612603157759, -2.40525770187378, 0.81867927312851, 0.0607116445899, -1.92187929153442, 0.96811991930008, -2.30398488044739, -1.93769311904907, 1.03631734848022, -2.34575772285461, -1.95566236972809, 1.05180859565735, -2.3369927406311, -1.97155296802521, 1.05529034137726, -2.31528186798096, -1.98093843460083, 1.04926300048828, -2.2922797203064, 32.5545462259242, 158.01597565576, 168.445865763666, 162.543434848994, 153.979579743092, 4.69854518665972, 28.9778049689257, 23.8035405216692, 25.0374124876847, 23.8882468202084
0.08890342712402, 0.03667116165161, -0.04665756225586, 0.06103574112058, -1.68424487113953, -1.92751657962799, -1.95334875583649, 0.92689204216003, -2.29436993598938, 1.06334412097931, 0.87990099191666, 2.60872983932495, -2.14639902114868, 1.28841686248779, -1.94768047332764, -0.82598859071732, -0.01969633623958, 0.34291198849678, -2.39589667320251, 0.89360654354095, -0.02848982810974, 0.39414390921593, 1.30133926868439, -2.68597292900085, -1.98103189468384, 0.92363899946213, -2.26509857177734, 0.60653394460678, 2.23539447784424, -1.78519177436829, -2.52228450775146, 0.84457302093506, 0.00340868905187, -2.48649859428406, 0.81858599185944, 0.10937874019146, -2.46526026725769, 0.80739390850067, 0.12622174620628, -2.43532252311707, 0.79567086696625, 0.11780817806721, -2.41122531890869, 0.79509860277176, 0.09513371437788, -1.85987734794617, 0.96149790287018, -2.32240438461304, -1.90674042701721, 1.05979287624359, -2.3588399887085, -1.92418241500854, 1.08257472515106, -2.35277485847473, -1.94202661514282, 1.08910226821899, -2.32550859451294, -1.95617854595184, 1.07697033882141, -2.29816484451294, -2.4670946598053, 0.85836523771286, -0.00864551216364, -2.47152733802795, 0.83897376060486, 0.07041312754154, -2.45057106018066, 0.83065724372864, 0.0818744674325, -2.42519164085388, 0.82298570871353, 0.07612603157759, -2.40525770187378, 0.81867927312851, 0.0607116445899, -1.9098140001297, 0.95155221223831, -2.29431748390198, -1.91833281517029, 1.02031075954437, -2.33727836608887, -1.93540704250336, 1.03725290298462, -2.32946014404297, -1.95193588733673, 1.04220366477966, -2.30852460861206, -1.96279036998749, 1.03718137741089, -2.28593111038208, 32.526255582382, 157.729517521969, 168.353835794789, 162.481976806843, 153.995931215965, 4.69854518665972, 28.9778049689257, 23.8035405216692, 25.0374124876847, 23.8882468202084
0.34411239624023, -0.27854633331299, 0.03019523620605, 0.21992549300194, -3.34038996696472, -4.56467294692993, -1.9448219537735, 0.91301482915878, -2.28584289550781, 1.11311316490173, 0.71731054782867, 2.47654438018799, -2.1444947719574, 1.28791892528534, -1.94880533218384, -0.82401359081268, -0.01497448794544, 0.33841878175735, -2.39589667320251, 0.89360654354095, -0.02848982810974, 0.39414390921593, 1.30133926868439, -2.68597292900085, -1.974329829216, 0.91502380371094, -2.25980949401855, 0.65482544898987, 2.22291135787964, -1.74839687347412, -2.52228450775146, 0.84457302093506, 0.00340868905187, -2.48649859428406, 0.81858599185944, 0.10937874019146, -2.46526026725769, 0.80739390850067, 0.12622174620628, -2.43532252311707, 0.79567086696625, 0.11780817806721, -2.41122531890869, 0.79509860277176, 0.09513371437788, -1.84935414791107, 0.94560807943344, -2.31311392784119, -1.88932943344116, 1.04612565040588, -2.35163450241089, -1.90565371513367, 1.06989419460297, -2.34628677368164, -1.92401742935181, 1.07760536670685, -2.31968259811401, -1.93975257873535, 1.06647992134094, -2.29277968406677, -2.4670946598053, 0.85836523771286, -0.00864551216364, -2.47152733802795, 0.83897376060486, 0.07041312754154, -2.45057106018066, 0.83065724372864, 0.0818744674325, -2.42519164085388, 0.82298570871353, 0.07612603157759, -2.40525770187378, 0.81867927312851, 0.0607116445899, -1.90069818496704, 0.93868297338486, -2.28670763969421, -1.90385770797729, 1.00750958919525, -2.33028364181519, -1.92020440101624, 1.02543938159943, -2.3231418132782, -1.93712937831879, 1.03145802021027, -2.30281138420105, -1.94901156425476, 1.02721226215363, -2.28057861328125, 32.4958509952917, 157.381068591272, 168.258404391706, 162.416420651189, 154.009495971657, 4.69854518665972, 28.9778049689257, 23.8035405216692, 25.0374124876847, 23.8882468202084
0.40155029296875, -0.55559492111206, 0.38208389282227, -0.66743725538254, -3.26909470558167, -5.64243316650391, -1.9380931854248, 0.9022353887558, -2.27924466133118, 1.14242339134216, 0.5807056427002, 2.36321878433228, -2.14273452758789, 1.28741312026978, -1.95005702972412, -0.82406598329544, -0.01176749169827, 0.33114182949066, -2.39589667320251, 0.89360654354095, -0.02848982810974, 0.39414390921593, 1.30133926868439, -2.68597292900085, -1.9686336517334, 0.90785336494446, -2.25547742843628, 0.69286686182022, 2.21359062194824, -1.71859264373779, -2.52228450775146, 0.84457302093506, 0.00340868905187, -2.48649859428406, 0.81858599185944, 0.10937874019146, -2.46526026725769, 0.80739390850067, 0.12622174620628, -2.43532252311707, 0.79567086696625, 0.11780817806721, -2.41122531890869, 0.79509860277176, 0.09513371437788, -1.84098863601685, 0.93260413408279, -2.30537557601929, -1.87537169456482, 1.03460097312927, -2.34537649154663, -1.89076626300812, 1.05909585952759, -2.34057712554932, -1.90950202941895, 1.0677455663681, -2.31452655792236, -1.92645800113678, 1.05746245384216, -2.2880334854126, -2.4670946598053, 0.85836523771286, -0.00864551216364, -2.47152733802795, 0.83897376060486, 0.07041312754154, -2.45057106018066, 0.83065724372864, 0.0818744674325, -2.42519164085388, 0.82298570871353, 0.07612603157759, -2.40525770187378, 0.81867927312851, 0.0607116445899, -1.89330410957336, 0.92809247970581, -2.28039169311523, -1.89218950271606, 0.99677348136902, -2.32429647445679, -1.90791571140289, 1.01544535160065, -2.31768226623535, -1.92511534690857, 1.0223091840744, -2.29785633087158, -1.93778812885284, 1.01870501041412, -2.27594923973084, 32.4634280873016, 156.993523657766, 168.159653516686, 162.336985551142, 154.020396953572, 4.69854518665972, 28.9778049689257, 23.8035405216692, 25.0374124876847, 23.8882468202084
0.36122703552246, -0.44864559173584, 0.28973007202148, -0.43447488546371, -2.4610071182251, -4.05939102172852, -1.93247473239899, 0.89337521791458, -2.27384233474731, 1.1607563495636, 0.46146979928017, 2.26326727867126, -2.14074516296387, 1.28672289848328, -1.951092004776, -0.82544881105423, -0.01143472921103, 0.3223335146904, -2.39589667320251, 0.89360654354095, -0.02848982810974, 0.39414390921593, 1.30133926868439, -2.68597292900085, -1.96340048313141, 0.89710074663162, -2.24873065948486, 0.77814638614655, 2.23144054412842, -1.62937450408936, -2.52228450775146, 0.84457302093506, 0.00340868905187, -2.48649859428406, 0.81858599185944, 0.10937874019146, -2.46526026725769, 0.80739390850067, 0.12622174620628, -2.43532252311707, 0.79567086696625, 0.11780817806721, -2.41122531890869, 0.79509860277176, 0.09513371437788, -1.83185040950775, 0.90789753198624, -2.29315710067749, -1.85334575176239, 1.01294922828674, -2.3342387676239, -1.86620247364044, 1.0389655828476, -2.33001065254211, -1.88497602939606, 1.04961740970612, -2.30474090576172, -1.9040379524231, 1.04125535488129, -2.27901434898376, -2.4670946598053, 0.85836523771286, -0.00864551216364, -2.47152733802795, 0.83897376060486, 0.07041312754154, -2.45057106018066, 0.83065724372864, 0.0818744674325, -2.42519164085388, 0.82298570871353, 0.07612603157759, -2.40525770187378, 0.81867927312851, 0.0607116445899, -1.88535058498383, 0.90907824039459, -2.27040195465088, -1.87500751018524, 0.9771808385849, -2.3140025138855, -1.8888965845108, 0.99744617938995, -2.30799388885498, -1.90607511997223, 1.00614869594574, -2.28888440132141, -1.91997110843658, 1.00395929813385, -2.26753902435303, 32.4106273099228, 156.468090865295, 168.056490339462, 162.270910301111, 154.028770765495, 4.69854518665972, 28.9778049689257, 23.8035405216692, 25.0374124876847, 23.8882468202084
0.32598495483398, -0.37616157531738, 0.23205184936523, -0.31433859467506, -2.01002550125122, -3.19590902328491, -1.92827045917511, 0.87878894805908, -2.2656102180481, 1.19550943374634, 0.17167523503304, 1.99543023109436, -2.13857746124268, 1.28587782382965, -1.95188355445862, -0.82842326164246, -0.01401756796986, 0.31847098469734, -2.39589667320251, 0.89360654354095, -0.02848982810974, 0.39414390921593, 1.30133926868439, -2.68597292900085, -1.95848798751831, 0.88738393783569, -2.24287581443787, 0.83385097980499, 2.24731850624084, -1.56612145900726, -2.52228450775146, 0.84457302093506, 0.00340868905187, -2.48649859428406, 0.81858599185944, 0.10937874019146, -2.46526026725769, 0.80739390850067, 0.12622174620628, -2.43532252311707, 0.79567086696625, 0.11780817806721, -2.41122531890869, 0.79509860277176, 0.09513371437788, -1.82524085044861, 0.88879007101059, -2.28335928916931, -1.83801567554474, 0.99505031108856, -2.32496690750122, -1.8491188287735, 1.02191638946533, -2.32109975814819, -1.86783456802368, 1.03390049934387, -2.29638981819153, -1.88819718360901, 1.02693939208984, -2.27124929428101, -2.4670946598053, 0.85836523771286, -0.00864551216364, -2.47152733802795, 0.83897376060486, 0.07041312754154, -2.45057106018066, 0.83065724372864, 0.0818744674325, -2.42519164085388, 0.82298570871353, 0.07612603157759, -2.40525770187378, 0.81867927312851, 0.0607116445899, -1.87917625904083, 0.89378154277802, -2.26220464706421, -1.86274695396423, 0.96092891693115, -2.30541658401489, -1.87533950805664, 0.98213368654251, -2.29980540275574, -1.8924195766449, 0.99205303192139, -2.28120756149292, -1.90706431865692, 0.99087828397751, -2.2602870464325, 32.3536396265828, 155.949816111074, 167.943450708698, 162.201939050872, 154.034658388559, 4.69854518665972, 28.9778049689257, 23.8035405216692, 25.0374124876847, 23.8882468202084
0.14967155456543, -0.39160680770874, 0.3347225189209, 0.06615561246872, -3.02750706672668, -7.76787233352661, -1.92425572872162, 0.86661159992218, -2.25871920585632, 1.20007586479187, -0.03909188136458, 1.80116605758667, -2.13643407821655, 1.28499054908752, -1.95248436927795, -0.83390259742737, -0.01772909238935, 0.31608417630196, -2.39589667320251, 0.89360654354095, -0.02848982810974, 0.39414390921593, 1.30133926868439, -2.68597292900085, -1.9538825750351, 0.87848097085953, -2.23762083053589, 0.87420725822449, 2.2609760761261, -1.51741683483124, -2.52228450775146, 0.84457302093506, 0.00340868905187, -2.48649859428406, 0.81858599185944, 0.10937874019146, -2.46526026725769, 0.80739390850067, 0.12622174620628, -2.43532252311707, 0.79567086696625, 0.11780817806721, -2.41122531890869, 0.79509860277176, 0.09513371437788, -1.8198424577713, 0.87297809123993, -2.27501916885376, -1.82616901397705, 0.97970253229141, -2.31691765785217, -1.83596086502075, 1.00710916519165, -2.31330966949463, -1.85459923744202, 1.02007150650024, -2.28903889656067, -1.87586688995361, 1.0141988992691, -2.26437449455261, -2.4670946598053, 0.85836523771286, -0.00864551216364, -2.47152733802795, 0.83897376060486, 0.07041312754154, -2.45057106018066, 0.83065724372864, 0.0818744674325, -2.42519164085388, 0.82298570871353, 0.07612603157759, -2.40525770187378, 0.81867927312851, 0.0607116445899, -1.87392246723175, 0.88076484203339, -2.25511503219604, -1.85306763648987, 0.94692355394363, -2.29794073104858, -1.86467790603638, 0.9687551856041, -2.2926230430603, -1.88164877891541, 0.97956359386444, -2.27442502975464, -1.89681267738342, 0.97917020320892, -2.25384783744812, 32.2926665278621, 155.446212603191, 167.823744813305, 162.130208404209, 154.038114464279, 4.69854518665972, 28.9778049689257, 23.8035405216692, 25.0374124876847, 23.8882468202084
0.23627471923828, -0.43804979324341, 0.31189155578613, -0.01060632802546, -2.14354705810547, -5.10060930252075, -1.9204089641571, 0.8559547662735, -2.25266885757446, 1.19345676898956, -0.19239477813244, 1.66129505634308, -2.13433527946472, 1.28384613990784, -1.95302772521973, -0.83909010887146, -0.02008273079991, 0.31507030129433, -2.39589667320251, 0.89360654354095, -0.02848982810974, 0.39414390921593, 1.30133926868439, -2.68597292900085, -1.94931614398956, 0.86999034881592, -2.23412847518921, 0.98122990131378, 2.29022359848022, -1.38393473625183, -2.52228450775146, 0.84457302093506, 0.00340868905187, -2.48649859428406, 0.81858599185944, 0.10937874019146, -2.46526026725769, 0.80739390850067, 0.12622174620628, -2.43532252311707, 0.79567086696625, 0.11780817806721, -2.41122531890869, 0.79509860277176, 0.09513371437788, -1.81472671031952, 0.84628868103027, -2.26095390319824, -1.80356073379517, 0.95234161615372, -2.30354166030884, -1.80986702442169, 0.9808492064476, -2.30079054832459, -1.8284238576889, 0.99648839235306, -2.27808499336243, -1.85211491584778, 0.99381363391876, -2.25513482093811, -2.4670946598053, 0.85836523771286, -0.00864551216364, -2.47152733802795, 0.83897376060486, 0.07041312754154, -2.45057106018066, 0.83065724372864, 0.0818744674325, -2.42519164085388, 0.82298570871353, 0.07612603157759, -2.40525770187378, 0.81867927312851, 0.0607116445899, -1.86865770816803, 0.86143273115158, -2.24534702301025, -1.83595871925354, 0.92366933822632, -2.28661847114563, -1.84493505954742, 0.94691514968872, -2.28228783607483, -1.86166417598724, 0.96011769771576, -2.26549983024597, -1.87828099727631, 0.96201062202454, -2.24616575241089, 32.0328256412673, 154.404431169845, 167.770592281184, 162.103638968337, 154.07077642889, 4.69854518665972, 28.9778049689257, 23.8035405216692, 25.0374124876847, 23.8882468202084
0.2636547088623, -0.44758129119873, 0.29256248474121, -0.04764888435602, -1.66083157062531, -3.70715880393982, -1.91808104515076, 0.8430312871933, -2.24645447731018, 1.13662266731262, -0.5533641576767, 1.35358202457428, -2.13232183456421, 1.2828164100647, -1.95374226570129, -0.84448134899139, -0.02176487632096, 0.31374704837799, -2.39589667320251, 0.89360654354095, -0.02848982810974, 0.39414390921593, 1.30133926868439, -2.68597292900085, -1.94029796123505, 0.86443436145782, -2.22552108764648, 1.1586092710495, 2.48784923553467, -1.06743621826172, -2.52228450775146, 0.84457302093506, 0.00340868905187, -2.48649859428406, 0.81858599185944, 0.10937874019146, -2.46526026725769, 0.80739390850067, 0.12622174620628, -2.43532252311707, 0.79567086696625, 0.11780817806721, -2.41122531890869, 0.79509860277176, 0.09513371437788, -1.81306350231171, 0.80987548828125, -2.24070072174072, -1.77460598945618, 0.90913110971451, -2.2837700843811, -1.77440178394318, 0.93840146064758, -2.28197383880615, -1.79058361053467, 0.95859867334366, -2.2611243724823, -1.81596517562866, 0.96214723587036, -2.24018836021423, -2.4670946598053, 0.85836523771286, -0.00864551216364, -2.47152733802795, 0.83897376060486, 0.07041312754154, -2.45057106018066, 0.83065724372864, 0.0818744674325, -2.42519164085388, 0.82298570871353, 0.07612603157759, -2.40525770187378, 0.81867927312851, 0.0607116445899, -1.86312973499298, 0.83739537000656, -2.22986102104187, -1.81392860412598, 0.88915580511093, -2.2691810131073, -1.8176441192627, 0.91396480798721, -2.26595544815063, -1.83215188980103, 0.93117755651474, -2.25081443786621, -1.84934151172638, 0.93744271993637, -2.23296022415161, 31.6173179132988, 154.191957645145, 167.749664581567, 162.139647725642, 154.15142730261, 4.69854518665972, 28.9778049689257, 23.8035405216692, 25.0374124876847, 23.8882468202084
0.25774955749512, -0.11837768554688, -0.03146553039551, -0.59266847372055, -5.59208393096924, -9.59477138519287, -1.91521632671356, 0.8306844830513, -2.23480653762817, 0.96270841360092, -0.90790593624115, 1.04068326950073, -2.13033032417297, 1.28187251091003, -1.95458841323853, -0.84957271814346, -0.02434651553631, 0.3115653693676, -2.39589667320251, 0.89360654354095, -0.02848982810974, 0.39414390921593, 1.30133926868439, -2.68597292900085, -1.93404793739319, 0.85611426830292, -2.21700239181519, 1.22322857379913, 2.65308403968811, -0.85024565458298, -2.52228450775146, 0.84457302093506, 0.00340868905187, -2.48649859428406, 0.81858599185944, 0.10937874019146, -2.46526026725769, 0.80739390850067, 0.12622174620628, -2.43532252311707, 0.79567086696625, 0.11780817806721, -2.41122531890869, 0.79509860277176, 0.09513371437788, -1.81260395050049, 0.7886780500412, -2.22697353363037, -1.76265943050385, 0.88294994831085, -2.269446849823, -1.75952446460724, 0.91206687688828, -2.26789855957031, -1.774294257164, 0.93406713008881, -2.24784064292908, -1.79991710186005, 0.94044613838196, -2.22789287567139, -2.4670946598053, 0.85836523771286, -0.00864551216364, -2.47152733802795, 0.83897376060486, 0.07041312754154, -2.45057106018066, 0.83065724372864, 0.0818744674325, -2.42519164085388, 0.82298570871353, 0.07612603157759, -2.40525770187378, 0.81867927312851, 0.0607116445899, -1.85994744300842, 0.82129365205765, -2.21823954582214, -1.80432069301605, 0.86727261543274, -2.25615453720093, -1.80559051036835, 0.892369389534, -2.25328469276428, -1.81879591941834, 0.91115915775299, -2.23884296417236, -1.83588600158691, 0.91936653852463, -2.22169423103333, 31.2335705649708, 153.99169649868, 167.735922240957, 162.186803351671, 154.240028516523, 4.69854518665972, 28.9778049689257, 23.8035405216692, 25.0374124876847, 23.8882468202084
0.56059455871582, 0.44017839431763, 0.33307456970215, -1.7499977350235, -5.84978246688843, -16.6049747467041, -1.91223526000977, 0.81986927986145, -2.22505640983582, 0.87274205684662, -1.01018881797791, 0.95819169282913, -2.12834215164185, 1.28090107440948, -1.95542669296265, -0.85301285982132, -0.02808873541653, 0.31040325760841, -2.39589667320251, 0.89360654354095, -0.02848982810974, 0.39414390921593, 1.30133926868439, -2.68597292900085, -1.92901563644409, 0.84731251001358, -2.2090311050415, 1.25290310382843, 2.77916574478149, -0.69428694248199, -2.52228450775146, 0.84457302093506, 0.00340868905187, -2.48649859428406, 0.81858599185944, 0.10937874019146, -2.46526026725769, 0.80739390850067, 0.12622174620628, -2.43532252311707, 0.79567086696625, 0.11780817806721, -2.41122531890869, 0.79509860277176, 0.09513371437788, -1.81154799461365, 0.77282691001892, -2.21602749824524, -1.75527703762054, 0.86373645067215, -2.25791597366333, -1.75047469139099, 0.89262980222702, -2.25645542144775, -1.76435148715973, 0.91558712720871, -2.23683714866638, -1.78997313976288, 0.92358422279358, -2.21747994422913, -2.4670946598053, 0.85836523771286, -0.00864551216364, -2.47152733802795, 0.83897376060486, 0.07041312754154, -2.45057106018066, 0.83065724372864, 0.0818744674325, -2.42519164085388, 0.82298570871353, 0.07612603157759, -2.40525770187378, 0.81867927312851, 0.0607116445899, -1.85707330703735, 0.80821144580841, -2.20848774909973, -1.79805755615234, 0.85060942173004, -2.24544048309326, -1.79791498184204, 0.8757558465004, -2.24273204803467, -1.81029963493347, 0.89537996053696, -2.22867798805237, -1.82723867893219, 0.90468490123749, -2.2119448184967, 30.879339879141, 153.740222593818, 167.729092051787, 162.244709695455, 154.336211240415, 4.69854518665972, 28.9778049689257, 23.8035405216692, 25.0374124876847, 23.8882468202084
0.48243713378906, -0.22628402709961, 0.47654914855957, -0.76242345571518, -2.63898873329163, -7.37205028533936, -1.90919864177704, 0.80980211496353, -2.21642112731934, 0.81934100389481, -1.05957365036011, 0.92078876495361, -2.12631487846375, 1.27992105484009, -1.95616769790649, -0.85533219575882, -0.03279766812921, 0.30970403552055, -2.39589667320251, 0.89360654354095, -0.02848982810974, 0.39414390921593, 1.30133926868439, -2.68597292900085, -1.92443430423737, 0.83850544691086, -2.2015323638916, 1.27029061317444, 2.88904142379761, -0.5620374083519, -2.52228450775146, 0.84457302093506, 0.00340868905187, -2.48649859428406, 0.81858599185944, 0.10937874019146, -2.46526026725769, 0.80739390850067, 0.12622174620628, -2.43532252311707, 0.79567086696625, 0.11780817806721, -2.41122531890869, 0.79509860277176, 0.09513371437788, -1.81022918224335, 0.75894474983215, -2.20632457733154, -1.74938404560089, 0.8471200466156, -2.24765992164612, -1.74335050582886, 0.87578356266022, -2.24623775482178, -1.75652551651001, 0.89941543340683, -2.22693920135498, -1.78208100795746, 0.90861147642136, -2.20803189277649, -2.4670946598053, 0.85836523771286, -0.00864551216364, -2.47152733802795, 0.83897376060486, 0.07041312754154, -2.45057106018066, 0.83065724372864, 0.0818744674325, -2.42519164085388, 0.82298570871353, 0.07612603157759, -2.40525770187378, 0.81867927312851, 0.0607116445899, -1.85428321361542, 0.79631268978119, -2.19966602325439, -1.79289054870605, 0.83592677116394, -2.23582696914673, -1.79169511795044, 0.86105561256409, -2.23321747779846, -1.80343580245972, 0.88126629590988, -2.2194447517395, -1.82021903991699, 0.8913785815239, -2.20302605628967, 30.5420412322637, 153.448272987935, 167.728969108381, 162.312997926777, 154.447570644643, 4.69854518665972, 28.9778049689257, 23.8035405216692, 25.0374124876847, 23.8882468202084
0.4015417098999, -0.42300796508789, 0.49309730529785, -0.42786872386932, -1.53836059570313, -4.21735191345215, -1.90615582466125, 0.80013346672058, -2.20844960212708, 0.7789061665535, -1.09301149845123, 0.89663779735565, -2.12438726425171, 1.27893495559692, -1.95687651634216, -0.85611134767532, -0.03721036016941, 0.30909889936447, -2.39589667320251, 0.89360654354095, -0.02848982810974, 0.39414390921593, 1.30133926868439, -2.68597292900085, -1.91858863830566, 0.83264219760895, -2.19335889816284, 1.285569190979, -2.96758127212524, -0.04558656737208, -2.52228450775146, 0.84457302093506, 0.00340868905187, -2.48649859428406, 0.81858599185944, 0.10937874019146, -2.46526026725769, 0.80739390850067, 0.12622174620628, -2.43532252311707, 0.79567086696625, 0.11780817806721, -2.41122531890869, 0.79509860277176, 0.09513371437788, -1.8173303604126, 0.73708695173264, -2.18994617462158, -1.7414687871933, 0.81476378440857, -2.22732210159302, -1.73137736320496, 0.84224492311478, -2.2255973815918, -1.7421932220459, 0.86782598495483, -2.20734643936157, -1.76733088493347, 0.88094556331635, -2.19028449058533, -2.4670946598053, 0.85836523771286, -0.00864551216364, -2.47152733802795, 0.83897376060486, 0.07041312754154, -2.45057106018066, 0.83065724372864, 0.0818744674325, -2.42519164085388, 0.82298570871353, 0.07612603157759, -2.40525770187378, 0.81867927312851, 0.0607116445899, -1.85572957992554, 0.78061884641647, -2.18649005889893, -1.78685188293457, 0.81025952100754, -2.21847820281982, -1.78213679790497, 0.83497315645218, -2.21588969230652, -1.79166853427887, 0.8568822145462, -2.20303893089294, -1.80784678459167, 0.86958265304565, -2.18785738945007, 30.4145591665, 153.698749685178, 167.770278092482, 162.413155820766, 154.543521142104, 4.69854518665972, 28.9778049689257, 23.8035405216692, 25.0374124876847, 23.8882468202084
0.36888313293457, -0.47917556762695, 0.47869491577148, -0.31417971849442, -1.16043448448181, -3.13718891143799, -1.90575325489044, 0.79190564155579, -2.19884896278381, 0.64004224538803, -1.20681440830231, 0.82776540517807, -2.122633934021, 1.27798986434937, -1.95760583877563, -0.85668981075287, -0.04079910367727, 0.30915629863739, -2.39589667320251, 0.89360654354095, -0.02848982810974, 0.39414390921593, 1.30133926868439, -2.68597292900085, -1.91107249259949, 0.82154321670532, -2.18651700019836, 1.2002317905426, -2.33673572540283, 0.71184182167053, -2.52228450775146, 0.84457302093506, 0.00340868905187, -2.48649859428406, 0.81858599185944, 0.10937874019146, -2.46526026725769, 0.80739390850067, 0.12622174620628, -2.43532252311707, 0.79567086696625, 0.11780817806721, -2.41122531890869, 0.79509860277176, 0.09513371437788, -1.83721959590912, 0.70453518629074, -2.17068767547607, -1.74166548252106, 0.75933372974396, -2.20312452316284, -1.72527647018433, 0.78358429670334, -2.20129942893982, -1.73092138767242, 0.81195372343063, -2.18493509292603, -1.75337243080139, 0.83167690038681, -2.17071962356567, -2.4670946598053, 0.85836523771286, -0.00864551216364, -2.47152733802795, 0.83897376060486, 0.07041312754154, -2.45057106018066, 0.83065724372864, 0.0818744674325, -2.42519164085388, 0.82298570871353, 0.07612603157759, -2.40525770187378, 0.81867927312851, 0.0607116445899, -1.86382031440735, 0.75622296333313, -2.17218613624573, -1.78732931613922, 0.76648193597794, -2.19845080375671, -1.77688658237457, 0.78940618038177, -2.19618678092957, -1.78174805641174, 0.8136220574379, -2.18496370315552, -1.79549622535706, 0.83065974712372, -2.1717643737793, 30.2882757989356, 157.880833532842, 167.810603529341, 162.515963828153, 154.581783861834, 4.69854518665972, 28.9778049689257, 23.8035405216692, 25.0374124876847, 23.8882468202084
0.66201210021973, 0.10278654098511, 0.33034515380859, -0.64675760269165, -4.94610166549683, -10.662296295166, -1.90828967094421, 0.7786768078804, -2.18952989578247, 0.3908383846283, -1.31722295284271, 0.78732007741928, -2.12110042572021, 1.27713346481323, -1.9582188129425, -0.85679489374161, -0.04399630427361, 0.30868768692017, -2.39589667320251, 0.89360654354095, -0.02848982810974, 0.39414390921593, 1.30133926868439, -2.68597292900085, -1.90764832496643, 0.81033879518509, -2.17893886566162, 1.12966883182526, -2.18626546859741, 0.91708523035049, -2.52228450775146, 0.84457302093506, 0.00340868905187, -2.48649859428406, 0.81858599185944, 0.10937874019146, -2.46526026725769, 0.80739390850067, 0.12622174620628, -2.43532252311707, 0.79567086696625, 0.11780817806721, -2.41122531890869, 0.79509860277176, 0.09513371437788, -1.84722983837128, 0.68654930591583, -2.15840935707092, -1.74527251720428, 0.73035264015198, -2.18793225288391, -1.72648942470551, 0.75277727842331, -2.18584561347961, -1.72970747947693, 0.78189867734909, -2.17015886306763, -1.75046014785767, 0.80414772033691, -2.157142162323, -2.4670946598053, 0.85836523771286, -0.00864551216364, -2.47152733802795, 0.83897376060486, 0.07041312754154, -2.45057106018066, 0.83065724372864, 0.0818744674325, -2.42519164085388, 0.82298570871353, 0.07612603157759, -2.40525770187378, 0.81867927312851, 0.0607116445899, -1.86813867092133, 0.74070745706558, -2.1617534160614, -1.79006624221802, 0.74235165119171, -2.18516135215759, -1.77734851837158, 0.76409113407135, -2.18284797668457, -1.78003585338593, 0.78889954090118, -2.17220258712769, -1.79238677024841, 0.80754375457764, -2.15981864929199, 30.1231286549939, 160.85432906725, 167.859029570557, 162.629044440051, 154.616535864331, 4.69854518665972, 28.9778049689257, 23.8035405216692, 25.0374124876847, 23.8882468202084
1.03482627868652, -0.1159143447876, 0.16153335571289, -3.03275656700134, -6.46827554702759, -17.8694438934326, -1.90930569171906, 0.7673664689064, -2.18117189407349, 0.28394490480423, -1.35808765888214, 0.77964663505554, -2.11960101127625, 1.27634811401367, -1.95873928070068, -0.8579705953598, -0.04785322397947, 0.30810454487801, -2.39589667320251, 0.89360654354095, -0.02848982810974, 0.39414390921593, 1.30133926868439, -2.68597292900085, -1.9109160900116, 0.80222404003143, -2.17296886444092, 1.04554533958435, -2.16849684715271, 1.00313258171082, -2.52228450775146, 0.84457302093506, 0.00340868905187, -2.48649859428406, 0.81858599185944, 0.10937874019146, -2.46526026725769, 0.80739390850067, 0.12622174620628, -2.43532252311707, 0.79567086696625, 0.11780817806721, -2.41122531890869, 0.79509860277176, 0.09513371437788, -1.86336135864258, 0.67315125465393, -2.15118718147278, -1.75626862049103, 0.70773786306381, -2.17400169372559, -1.73567402362823, 0.72830939292908, -2.17043852806091, -1.73714208602905, 0.75740730762482, -2.15444993972778, -1.75651049613953, 0.78131091594696, -2.14225888252258, -2.4670946598053, 0.85836523771286, -0.00864551216364, -2.47152733802795, 0.83897376060486, 0.07041312754154, -2.45057106018066, 0.83065724372864, 0.0818744674325, -2.42519164085388, 0.82298570871353, 0.07612603157759, -2.40525770187378, 0.81867927312851, 0.0607116445899, -1.8790078163147, 0.72904229164124, -2.15477061271667, -1.79986584186554, 0.72377681732178, -2.1736056804657, -1.78537666797638, 0.74422216415405, -2.17017793655396, -1.78641307353973, 0.76903921365738, -2.15926718711853, -1.79772090911865, 0.78858745098114, -2.14728760719299, 29.7930768388259, 162.214424636675, 167.923178707242, 162.700501879148, 154.601004014158, 4.69854518665972, 28.9778049689257, 23.8035405216692, 25.0374124876847, 23.8882468202084
0.51391124725342, -0.56049156188965, 0.41178131103516, -1.27070116996765, -2.75647902488709, -7.60908031463623, -1.91635239124298, 0.75961798429489, -2.17605519294739, 0.19625926017761, -1.42424559593201, 0.74749982357025, -2.11812686920166, 1.27560436725616, -1.95912110805511, -0.8593242764473, -0.05241760984063, 0.30855444073677, -2.39589667320251, 0.89360654354095, -0.02848982810974, 0.39414390921593, 1.30133926868439, -2.68597292900085, -1.91382503509521, 0.7933087348938, -2.16665863990784, 0.99567168951035, -2.16001081466675, 1.05195951461792, -2.52228450775146, 0.84457302093506, 0.00340868905187, -2.48649859428406, 0.81858599185944, 0.10937874019146, -2.46526026725769, 0.80739390850067, 0.12622174620628, -2.43532252311707, 0.79567086696625, 0.11780817806721, -2.41122531890869, 0.79509860277176, 0.09513371437788, -1.87425422668457, 0.66166400909424, -2.1443088054657, -1.76470768451691, 0.69036495685577, -2.16331958770752, -1.74313390254974, 0.709736764431, -2.15892314910889, -1.74351763725281, 0.73877817392349, -2.1427698135376, -1.76192557811737, 0.76365220546722, -2.13104104995728, -2.4670946598053, 0.85836523771286, -0.00864551216364, -2.47152733802795, 0.83897376060486, 0.07041312754154, -2.45057106018066, 0.83065724372864, 0.0818744674325, -2.42519164085388, 0.82298570871353, 0.07612603157759, -2.40525770187378, 0.81867927312851, 0.0607116445899, -1.88664865493774, 0.71835947036743, -2.14797878265381, -1.80733716487885, 0.70880430936813, -2.1642370223999, -1.79185855388641, 0.72839087247849, -2.16017818450928, -1.79187965393066, 0.75316345691681, -2.14911818504334, -1.80247867107391, 0.77324134111404, -2.13736867904663, 29.4644764378566, 163.644078852607, 167.996029504929, 162.800208980652, 154.575131257582, 4.69854518665972, 28.9778049689257, 23.8035405216692, 25.0374124876847, 23.8882468202084
0.13250541687012, -0.2743706703186, 0.29292297363281, 1.08493626117706, -4.20928859710693, -6.61395263671875, -1.92151021957397, 0.7510901093483, -2.17024731636047, 0.14197015762329, -1.45975410938263, 0.73349583148956, -2.11679935455322, 1.27497029304504, -1.95946717262268, -0.86100071668625, -0.05743722245097, 0.309480458498, -2.39589667320251, 0.89360654354095, -0.02848982810974, 0.39414390921593, 1.30133926868439, -2.68597292900085, -1.91600680351257, 0.78412353992462, -2.16017055511475, 0.95845007896423, -2.15388154983521, 1.08806622028351, -2.52228450775146, 0.84457302093506, 0.00340868905187, -2.48649859428406, 0.81858599185944, 0.10937874019146, -2.46526026725769, 0.80739390850067, 0.12622174620628, -2.43532252311707, 0.79567086696625, 0.11780817806721, -2.41122531890869, 0.79509860277176, 0.09513371437788, -1.88256049156189, 0.65085393190384, -2.13744950294495, -1.77147972583771, 0.67496734857559, -2.15373492240906, -1.74922037124634, 0.69339692592621, -2.1487455368042, -1.74876594543457, 0.72237592935562, -2.13248252868652, -1.76638472080231, 0.7479664683342, -2.12108778953552, -2.4670946598053, 0.85836523771286, -0.00864551216364, -2.47152733802795, 0.83897376060486, 0.07041312754154, -2.45057106018066, 0.83065724372864, 0.0818744674325, -2.42519164085388, 0.82298570871353, 0.07612603157759, -2.40525770187378, 0.81867927312851, 0.0607116445899, -1.89246487617493, 0.70803362131119, -2.14117097854614, -1.81326067447662, 0.69519239664078, -2.15558433532715, -1.79707217216492, 0.71409487724304, -2.15107607841492, -1.79631400108337, 0.73881018161774, -2.13991451263428, -1.80633533000946, 0.75927919149399, -2.12833404541016, 29.1495330001327, 165.203370058986, 168.077377057944, 162.961278501659, 154.539313745575, 4.69854518665972, 28.9778049689257, 23.8035405216692, 25.0374124876847, 23.8882468202084
0.02017879486084, -0.48038578033447, 0.38584327697754, 0.48379117250443, -2.3862636089325, -4.00428104400635, -1.92537558078766, 0.7422788143158, -2.16412043571472, 0.10036712884903, -1.48451972007751, 0.72554433345795, -2.11569905281067, 1.27446985244751, -1.95970487594604, -0.86246997117996, -0.06194065138698, 0.3099684715271, -2.39589667320251, 0.89360654354095, -0.02848982810974, 0.39414390921593, 1.30133926868439, -2.68597292900085, -1.92128705978394, 0.78082466125488, -2.15629434585571, 0.96118247509003, -2.11511325836182, 1.15766835212708, -2.52228450775146, 0.84457302093506, 0.00340868905187, -2.48649859428406, 0.81858599185944, 0.10937874019146, -2.46526026725769, 0.80739390850067, 0.12622174620628, -2.43532252311707, 0.79567086696625, 0.11780817806721, -2.41122531890869, 0.79509860277176, 0.09513371437788, -1.89083647727966, 0.64784002304077, -2.12830257415771, -1.77903640270233, 0.66928136348724, -2.14335632324219, -1.7565176486969, 0.68745642900467, -2.13860273361206, -1.75579428672791, 0.71697896718979, -2.12335896492004, -1.77311599254608, 0.74328142404556, -2.11319661140442, -2.4670946598053, 0.85836523771286, -0.00864551216364, -2.47152733802795, 0.83897376060486, 0.07041312754154, -2.45057106018066, 0.83065724372864, 0.0818744674325, -2.42519164085388, 0.82298570871353, 0.07612603157759, -2.40525770187378, 0.81867927312851, 0.0607116445899, -1.89956498146057, 0.70502752065659, -2.13420748710632, -1.8203786611557, 0.69020593166351, -2.14668869972229, -1.80391085147858, 0.70895010232925, -2.14254522323608, -1.80287480354309, 0.73402619361877, -2.13224387168884, -1.812704205513, 0.75507575273514, -2.12157559394836, 28.0808645271196, 165.801776592549, 168.16101955452, 162.981973974844, 154.519260310172, 4.69854518665972, 28.9778049689257, 23.8035405216692, 25.0374124876847, 23.8882468202084
0.01835918426514, -0.55291271209717, 0.42158317565918, 0.27048546075821, -1.7132465839386, -3.03617334365845, -1.93139100074768, 0.73904883861542, -2.15894961357117, 0.0786340534687, -1.49975335597992, 0.75928062200546, -2.1147768497467, 1.27414035797119, -1.9598114490509, -0.86341506242752, -0.06464569270611, 0.30947631597519, -2.39589667320251, 0.89360654354095, -0.02848982810974, 0.39414390921593, 1.30133926868439, -2.68597292900085, -1.92513108253479, 0.77594196796417, -2.15159225463867, 0.95442491769791, -2.08442115783691, 1.21779763698578, -2.52228450775146, 0.84457302093506, 0.00340868905187, -2.48649859428406, 0.81858599185944, 0.10937874019146, -2.46526026725769, 0.80739390850067, 0.12622174620628, -2.43532252311707, 0.79567086696625, 0.11780817806721, -2.41122531890869, 0.79509860277176, 0.09513371437788, -1.89833152294159, 0.64308476448059, -2.11955428123474, -1.78580260276794, 0.66153585910797, -2.133061170578, -1.76295280456543, 0.67930769920349, -2.12836360931396, -1.76181221008301, 0.70920163393021, -2.11388850212097, -1.7786922454834, 0.73615771532059, -2.10474729537964, -2.4670946598053, 0.85836523771286, -0.00864551216364, -2.47152733802795, 0.83897376060486, 0.07041312754154, -2.45057106018066, 0.83065724372864, 0.0818744674325, -2.42519164085388, 0.82298570871353, 0.07612603157759, -2.40525770187378, 0.81867927312851, 0.0607116445899, -1.90560340881348, 0.70028036832809, -2.12712025642395, -1.82657372951508, 0.68331104516983, -2.13771796226501, -1.80974769592285, 0.70177465677261, -2.13375878334045, -1.80830943584442, 0.72708594799042, -2.12410116195679, -1.81783318519592, 0.74863332509995, -2.11417531967163, 27.2652972515378, 166.618107141771, 168.251765447833, 162.997533145774, 154.493264610191, 4.69854518665972, 28.9778049689257, 23.8035405216692, 25.0374124876847, 23.8882468202084
-0.26722526550293, -0.35395288467407, 0.18173789978027, -2.53488826751709, -1.31431102752686, -1.37056040763855, -1.93616509437561, 0.73435407876968, -2.15334010124207, 0.05373565480113, -1.51659440994263, 0.78427916765213, -2.11404919624329, 1.27386462688446, -1.95993483066559, -0.86426514387131, -0.06605932116508, 0.30854704976082, -2.39589667320251, 0.89360654354095, -0.02848982810974, 0.39414390921593, 1.30133926868439, -2.68597292900085, -1.93041563034058, 0.77937787771225, -2.14867401123047, 0.95600694417953, -2.08390164375305, 1.20975685119629, -2.52228450775146, 0.84457302093506, 0.00340868905187, -2.48649859428406, 0.81858599185944, 0.10937874019146, -2.46526026725769, 0.80739390850067, 0.12622174620628, -2.43532252311707, 0.79567086696625, 0.11780817806721, -2.41122531890869, 0.79509860277176, 0.09513371437788, -1.90290522575378, 0.6465163230896, -2.11726260185242, -1.79054307937622, 0.66542416810989, -2.13150501251221, -1.7677253484726, 0.68326431512833, -2.12691116333008, -1.76659119129181, 0.71311497688293, -2.11234641075134, -1.78350424766541, 0.73997902870178, -2.10299730300903, -2.4670946598053, 0.85836523771286, -0.00864551216364, -2.47152733802795, 0.83897376060486, 0.07041312754154, -2.45057106018066, 0.83065724372864, 0.0818744674325, -2.42519164085388, 0.82298570871353, 0.07612603157759, -2.40525770187378, 0.81867927312851, 0.0607116445899, -1.9104391336441, 0.70370918512344, -2.12458920478821, -1.83142530918121, 0.68706458806992, -2.1358015537262, -1.81463897228241, 0.70557683706284, -2.13190102577209, -1.81322455406189, 0.73086166381836, -2.12217092514038, -1.82275629043579, 0.75234150886536, -2.1121072769165, 26.2919628514124, 167.809305793399, 168.349286888802, 163.00332514619, 154.466394645996, 4.69854518665972, 28.9778049689257, 23.8035405216692, 25.0374124876847, 23.8882468202084
-0.15605735778809, -0.42573308944702, 0.26034164428711, -1.90380120277405, -1.33089053630829, -1.67595446109772, -1.94131004810333, 0.73775571584702, -2.15048003196716, 0.05757616460323, -1.50968015193939, 0.78122305870056, -2.11356735229492, 1.27373099327087, -1.95997452735901, -0.86491644382477, -0.06566318869591, 0.30690732598305, -2.39589667320251, 0.89360654354095, -0.02848982810974, 0.39414390921593, 1.30133926868439, -2.68597292900085, -1.93614935874939, 0.78075790405273, -2.14503383636475, 0.95852756500244, -2.08059620857239, 1.1854932308197, -2.52228450775146, 0.84457302093506, 0.00340868905187, -2.48649859428406, 0.81858599185944, 0.10937874019146, -2.46526026725769, 0.80739390850067, 0.12622174620628, -2.43532252311707, 0.79567086696625, 0.11780817806721, -2.41122531890869, 0.79509860277176, 0.09513371437788, -1.90673553943634, 0.64782118797302, -2.11573624610901, -1.79490673542023, 0.66791087388992, -2.13235974311829, -1.77214848995209, 0.68590849637985, -2.12809705734253, -1.77094280719757, 0.71560859680176, -2.11323356628418, -1.78787314891815, 0.74221366643906, -2.10320019721985, -2.4670946598053, 0.85836523771286, -0.00864551216364, -2.47152733802795, 0.83897376060486, 0.07041312754154, -2.45057106018066, 0.83065724372864, 0.0818744674325, -2.42519164085388, 0.82298570871353, 0.07612603157759, -2.40525770187378, 0.81867927312851, 0.0607116445899, -1.91494643688202, 0.70501869916916, -2.12225461006165, -1.8360687494278, 0.68922120332718, -2.13547158241272, -1.81936204433441, 0.70784306526184, -2.13175559043884, -1.81794774532318, 0.73303282260895, -2.12178158760071, -1.82743442058563, 0.75431406497955, -2.11126399040222, 25.4948268413059, 169.101891773067, 168.498185012708, 163.00365299527, 154.434606945599, 4.69854518665972, 28.9778049689257, 23.8035405216692, 25.0374124876847, 23.8882468202084
-0.41833019256592, 0.25529479980469, 0.22860145568848, 0.23435345292091, 0.50921547412872, 0.26254785060883, -1.94671154022217, 0.73905974626541, -2.14704775810242, 0.06737953424454, -1.4871780872345, 0.77093654870987, -2.11320686340332, 1.27366805076599, -1.95992231369019, -0.86567479372025, -0.06524127721786, 0.30539804697037, -2.39589667320251, 0.89360654354095, -0.02848982810974, 0.39414390921593, 1.30133926868439, -2.68597292900085, -1.94159579277039, 0.78057193756104, -2.14086294174194, 0.95822376012802, -2.07501578330994, 1.16156756877899, -2.52228450775146, 0.84457302093506, 0.00340868905187, -2.48649859428406, 0.81858599185944, 0.10937874019146, -2.46526026725769, 0.80739390850067, 0.12622174620628, -2.43532252311707, 0.79567086696625, 0.11780817806721, -2.41122531890869, 0.79509860277176, 0.09513371437788, -1.9106217622757, 0.64748674631119, -2.1139440536499, -1.79937517642975, 0.66850966215134, -2.13312363624573, -1.77662980556488, 0.68660342693329, -2.12921357154846, -1.77523601055145, 0.71612894535065, -2.11402225494385, -1.7920743227005, 0.74249905347824, -2.10324168205261, -2.4670946598053, 0.85836523771286, -0.00864551216364, -2.47152733802795, 0.83897376060486, 0.07041312754154, -2.45057106018066, 0.83065724372864, 0.0818744674325, -2.42519164085388, 0.82298570871353, 0.07612603157759, -2.40525770187378, 0.81867927312851, 0.0607116445899, -1.91935217380524, 0.70470374822617, -2.11955285072327, -1.84073507785797, 0.68958532810211, -2.13493943214417, -1.82405698299408, 0.7082701921463, -2.1314160823822, -1.82254946231842, 0.73334628343582, -2.12117314338684, -1.8319011926651, 0.75443607568741, -2.11016058921814, 24.78974982838, 170.386062959678, 168.690099668007, 162.998694277932, 154.398174716566, 4.69854518665972, 28.9778049689257, 23.8035405216692, 25.0374124876847, 23.8882468202084
-0.53109455108643, 0.13077163696289, 0.32495498657227, 0.78806746006012, 1.6658661365509, 0.65041971206665, -1.95194411277771, 0.73883265256882, -2.14312171936035, 0.07492686808109, -1.46283972263336, 0.75940573215485, -2.11302328109741, 1.27375340461731, -1.95973002910614, -0.86632025241852, -0.06432486325502, 0.30410179495811, -2.39589667320251, 0.89360654354095, -0.02848982810974, 0.39414390921593, 1.30133926868439, -2.68597292900085, -1.9464864730835, 0.78796249628067, -2.14198327064514, 0.9735894203186, -2.05721974372864, 1.1138219833374, -2.52228450775146, 0.84457302093506, 0.00340868905187, -2.48649859428406, 0.81858599185944, 0.10937874019146, -2.46526026725769, 0.80739390850067, 0.12622174620628, -2.43532252311707, 0.79567086696625, 0.11780817806721, -2.41122531890869, 0.79509860277176, 0.09513371437788, -1.91058146953583, 0.65534865856171, -2.11917781829834, -1.80119788646698, 0.67965495586395, -2.14427900314331, -1.77874290943146, 0.69828939437866, -2.14135456085205, -1.7772479057312, 0.72759771347046, -2.12575769424438, -1.79411959648132, 0.75333178043365, -2.11358237266541, -2.4670946598053, 0.85836523771286, -0.00864551216364, -2.47152733802795, 0.83897376060486, 0.07041312754154, -2.45057106018066, 0.83065724372864, 0.0818744674325, -2.42519164085388, 0.82298570871353, 0.07612603157759, -2.40525770187378, 0.81867927312851, 0.0607116445899, -1.92109942436218, 0.71239191293716, -2.12328934669495, -1.84312653541565, 0.6996374130249, -2.14337682723999, -1.82676422595978, 0.71870571374893, -2.14048361778259, -1.82532358169556, 0.74364805221558, -2.12990951538086, -1.83457326889038, 0.76430201530457, -2.11801958084106, 24.4276712551939, 170.752092797299, 168.939715761415, 162.994910353132, 154.338383240571, 4.69854518665972, 28.9778049689257, 23.8035405216692, 25.0374124876847, 23.8882468202084
-0.51377391815186, 0.02704524993896, 0.37250518798828, 0.87651097774506, 1.81177031993866, 0.46192306280136, -1.95586121082306, 0.74600112438202, -2.14437365531921, 0.10335133224726, -1.4069150686264, 0.74650251865387, -2.11295342445374, 1.27396750450134, -1.95943522453308, -0.86635714769363, -0.0634549036622, 0.30367958545685, -2.39589667320251, 0.89360654354095, -0.02848982810974, 0.39414390921593, 1.30133926868439, -2.68597292900085, -1.95087325572968, 0.79302966594696, -2.14162111282349, 0.98279333114624, -2.04181146621704, 1.08019649982452, -2.52228450775146, 0.84457302093506, 0.00340868905187, -2.48649859428406, 0.81858599185944, 0.10937874019146, -2.46526026725769, 0.80739390850067, 0.12622174620628, -2.43532252311707, 0.79567086696625, 0.11780817806721, -2.41122531890869, 0.79509860277176, 0.09513371437788, -1.91182339191437, 0.66078317165375, -2.12208533287048, -1.80404913425446, 0.68725544214249, -2.15157318115234, -1.78179967403412, 0.70623415708542, -2.14938282966614, -1.78011441230774, 0.73537343740463, -2.13349151611328, -1.79686546325684, 0.760666847229, -2.12027096748352, -2.4670946598053, 0.85836523771286, -0.00864551216364, -2.47152733802795, 0.83897376060486, 0.07041312754154, -2.45057106018066, 0.83065724372864, 0.0818744674325, -2.42519164085388, 0.82298570871353, 0.07612603157759, -2.40525770187378, 0.81867927312851, 0.0607116445899, -1.92345213890076, 0.71768379211426, -2.12500882148743, -1.84622395038605, 0.70650637149811, -2.14860582351685, -1.83006930351257, 0.72581517696381, -2.14617800712585, -1.82858407497406, 0.7506490945816, -2.13535809516907, -1.83764958381653, 0.77099710702896, -2.12281680107117, 24.0077853759674, 171.056118177635, 169.204317289861, 162.987000994073, 154.271829877299, 4.69854518665972, 28.9778049689257, 23.8035405216692, 25.0374124876847, 23.8882468202084
-0.64166164398193, 0.54312801361084, 0.07729911804199, 1.19440829753876, 4.10905694961548, 1.90248358249664, -1.95964741706848, 0.75094616413116, -2.14414095878601, 0.12217014282942, -1.36464715003967, 0.73732084035873, -2.11308526992798, 1.27424764633179, -1.95918595790863, -0.8664328455925, -0.06272915750742, 0.30359783768654, -2.39589667320251, 0.89360654354095, -0.02848982810974, 0.39414390921593, 1.30133926868439, -2.68597292900085, -1.94897389411926, 0.80038332939148, -2.14493727684021, 0.97568148374557, -2.0566873550415, 1.02122640609741, -2.52228450775146, 0.84457302093506, 0.00340868905187, -2.48649859428406, 0.81858599185944, 0.10937874019146, -2.46526026725769, 0.80739390850067, 0.12622174620628, -2.43532252311707, 0.79567086696625, 0.11780817806721, -2.41122531890869, 0.79509860277176, 0.09513371437788, -1.9081859588623, 0.66794681549072, -2.13105916976929, -1.80170607566834, 0.69636738300323, -2.16330695152283, -1.77955257892609, 0.71547329425812, -2.1612548828125, -1.77756595611572, 0.74409854412079, -2.14448833465576, -1.79406356811523, 0.76879352331161, -2.12988972663879, -2.4670946598053, 0.85836523771286, -0.00864551216364, -2.47152733802795, 0.83897376060486, 0.07041312754154, -2.45057106018066, 0.83065724372864, 0.0818744674325, -2.42519164085388, 0.82298570871353, 0.07612603157759, -2.40525770187378, 0.81867927312851, 0.0607116445899, -1.92037832736969, 0.72480070590973, -2.1317298412323, -1.84391260147095, 0.71511608362198, -2.15828466415405, -1.82784461975098, 0.73448699712753, -2.15577816963196, -1.82619571685791, 0.75897133350372, -2.14421081542969, -1.83499491214752, 0.77881771326065, -2.13071250915527, 23.9720788545338, 171.258223475175, 169.486609008258, 163.015851713128, 154.225767081536, 4.69854518665972, 28.9778049689257, 23.8035405216692, 25.0374124876847, 23.8882468202084
-0.5240650177002, 0.37391710281372, 0.15657234191895, 0.89491969347, 3.11723566055298, 1.21096622943878, -1.95748066902161, 0.75832277536392, -2.14852857589722, 0.13790798187256, -1.33445751667023, 0.70733404159546, -2.11339426040649, 1.27463603019714, -1.95885813236237, -0.86549067497253, -0.06196684017777, 0.30362462997437, -2.39589667320251, 0.89360654354095, -0.02848982810974, 0.39414390921593, 1.30133926868439, -2.68597292900085, -1.94805383682251, 0.80554801225662, -2.14655566215515, 0.96881651878357, -2.06491112709045, 0.97787415981293, -2.52228450775146, 0.84457302093506, 0.00340868905187, -2.48649859428406, 0.81858599185944, 0.10937874019146, -2.46526026725769, 0.80739390850067, 0.12622174620628, -2.43532252311707, 0.79567086696625, 0.11780817806721, -2.41122531890869, 0.79509860277176, 0.09513371437788, -1.90622329711914, 0.67304706573486, -2.13710069656372, -1.80082213878632, 0.70287054777145, -2.17155027389526, -1.77871799468994, 0.7220476269722, -2.16963458061218, -1.77641439437866, 0.75026100873947, -2.15222263336182, -1.7926276922226, 0.77449208498001, -2.13656640052795, -2.4670946598053, 0.85836523771286, -0.00864551216364, -2.47152733802795, 0.83897376060486, 0.07041312754154, -2.45057106018066, 0.83065724372864, 0.0818744674325, -2.42519164085388, 0.82298570871353, 0.07612603157759, -2.40525770187378, 0.81867927312851, 0.0607116445899, -1.91871905326843, 0.7298287153244, -2.13602256774902, -1.84296870231628, 0.72124516963959, -2.16490411758423, -1.82693636417389, 0.74064081907272, -2.16235995292664, -1.82509303092957, 0.76484107971191, -2.15023756027222, -1.83361673355103, 0.78429675102234, -2.13601303100586, 23.9304727572047, 171.451217300363, 169.77017114184, 163.046478281366, 154.177095153511, 4.69854518665972, 28.9778049689257, 23.8035405216692, 25.0374124876847, 23.8882468202084
-0.01548385620117, 0.6360011100769, -0.09013938903809, 2.33753657341003, 2.45399379730225, 0.63590061664581, -1.95644211769104, 0.76354050636292, -2.15095567703247, 0.14927561581135, -1.31014323234558, 0.68441593647003, -2.11378955841064, 1.2751681804657, -1.95845770835876, -0.86461585760117, -0.06185573711991, 0.30409958958626, -2.39589667320251, 0.89360654354095, -0.02848982810974, 0.39414390921593, 1.30133926868439, -2.68597292900085, -1.94314193725586, 0.81043219566345, -2.15288782119751, 0.96668469905853, -2.07112669944763, 0.97242301702499, -2.52228450775146, 0.84457302093506, 0.00340868905187, -2.48649859428406, 0.81858599185944, 0.10937874019146, -2.46526026725769, 0.80739390850067, 0.12622174620628, -2.43532252311707, 0.79567086696625, 0.11780817806721, -2.41122531890869, 0.79509860277176, 0.09513371437788, -1.90138030052185, 0.67788004875183, -2.14385557174683, -1.79590797424316, 0.70778954029083, -2.1780116558075, -1.77379965782166, 0.72695046663284, -2.17598628997803, -1.77151477336884, 0.75509774684906, -2.15846514701843, -1.78774559497833, 0.77927666902542, -2.14274644851685, -2.4670946598053, 0.85836523771286, -0.00864551216364, -2.47152733802795, 0.83897376060486, 0.07041312754154, -2.45057106018066, 0.83065724372864, 0.0818744674325, -2.42519164085388, 0.82298570871353, 0.07612603157759, -2.40525770187378, 0.81867927312851, 0.0607116445899, -1.91385543346405, 0.73466229438782, -2.14258694648743, -1.83805859088898, 0.72615617513657, -2.1713695526123, -1.82202315330505, 0.74553573131561, -2.16872549057007, -1.82019114494324, 0.76968985795975, -2.15650963783264, -1.82873153686523, 0.78909569978714, -2.14222717285156, 23.9426475694002, 171.561961987566, 170.016112593474, 163.084672699205, 154.124147527065, 4.69854518665972, 28.9778049689257, 23.8035405216692, 25.0374124876847, 23.8882468202084
-0.05081176757813, 0.45259809494019, 0.00724411010742, 1.78412258625031, 1.98645770549774, 0.39159813523293, -1.9515392780304, 0.76844477653503, -2.1574592590332, 0.14984820783138, -1.31242847442627, 0.68066251277924, -2.11429452896118, 1.27579689025879, -1.95791780948639, -0.86276817321777, -0.06215993314981, 0.30579823255539, -2.39589667320251, 0.89360654354095, -0.02848982810974, 0.39414390921593, 1.30133926868439, -2.68597292900085, -1.9397519826889, 0.81393522024155, -2.15712904930115, 0.96497392654419, -2.07445669174194, 0.96831661462784, -2.52228450775146, 0.84457302093506, 0.00340868905187, -2.48649859428406, 0.81858599185944, 0.10937874019146, -2.46526026725769, 0.80739390850067, 0.12622174620628, -2.43532252311707, 0.79567086696625, 0.11780817806721, -2.41122531890869, 0.79509860277176, 0.09513371437788, -1.89803969860077, 0.68134200572968, -2.14847922325134, -1.79255771636963, 0.71130979061127, -2.1825544834137, -1.77044212818146, 0.73045647144318, -2.18047499656677, -1.76814591884613, 0.75855249166489, -2.16287350654602, -1.78436684608459, 0.78269231319427, -2.14708471298218, -2.4670946598053, 0.85836523771286, -0.00864551216364, -2.47152733802795, 0.83897376060486, 0.07041312754154, -2.45057106018066, 0.83065724372864, 0.0818744674325, -2.42519164085388, 0.82298570871353, 0.07612603157759, -2.40525770187378, 0.81867927312851, 0.0607116445899, -1.91049349308014, 0.73812508583069, -2.14704728126526, -1.83470118045807, 0.72967308759689, -2.17585778236389, -1.8186582326889, 0.74903893470764, -2.17315864562988, -1.81681656837463, 0.77315717935562, -2.16087365150452, -1.82534909248352, 0.79252517223358, -2.14653515815735, 23.9582391837281, 171.680848260259, 170.264950045315, 163.125380626658, 154.030300727869, 4.69854518665972, 28.9778049689257, 23.8035405216692, 25.0374124876847, 23.8882468202084
0.36099529266357, 0.36708068847656, -0.45394134521484, 0.26206880807877, -0.12076315283775, -0.02791447006166, -1.94816529750824, 0.77196425199509, -2.16182065010071, 0.15021762251854, -1.31281507015228, 0.67775863409042, -2.11496520042419, 1.27644813060761, -1.95730948448181, -0.86063230037689, -0.062405962497, 0.30844759941101, -2.39589667320251, 0.89360654354095, -0.02848982810974, 0.39414390921593, 1.30133926868439, -2.68597292900085, -1.93730306625366, 0.81658273935318, -2.16003680229187, 0.96329033374786, -2.07697057723999, 0.96440482139587, -2.52228450775146, 0.84457302093506, 0.00340868905187, -2.48649859428406, 0.81858599185944, 0.10937874019146, -2.46526026725769, 0.80739390850067, 0.12622174620628, -2.43532252311707, 0.79567086696625, 0.11780817806721, -2.41122531890869, 0.79509860277176, 0.09513371437788, -1.89563727378845, 0.6839497089386, -2.15178298950195, -1.79016733169556, 0.71397012472153, -2.18584895133972, -1.76804268360138, 0.73310226202011, -2.18373227119446, -1.76572299003601, 0.76114857196808, -2.16605448722839, -1.78192329406738, 0.78525096178055, -2.15018773078918, -2.4670946598053, 0.85836523771286, -0.00864551216364, -2.47152733802795, 0.83897376060486, 0.07041312754154, -2.45057106018066, 0.83065724372864, 0.0818744674325, -2.42519164085388, 0.82298570871353, 0.07612603157759, -2.40525770187378, 0.81867927312851, 0.0607116445899, -1.90806746482849, 0.74073350429535, -2.15018510818481, -1.83229875564575, 0.73233139514923, -2.17907214164734, -1.81624627113342, 0.75168341398239, -2.17633080482483, -1.81438648700714, 0.77576684951782, -2.16398024559021, -1.82290136814117, 0.79509848356247, -2.14958238601685, 23.9771792982965, 171.805553854125, 170.518336403145, 163.168520101456, 153.900991586502, 4.69854518665972, 28.9778049689257, 23.8035405216692, 25.0374124876847, 23.8882468202084
0.24460887908936, 0.26426410675049, -0.29984092712402, 0.20917236804962, 0.00017273868434, -0.02723075635731, -1.94573628902435, 0.77462822198868, -2.1648383140564, 0.15054209530354, -1.31253552436829, 0.67495137453079, -2.11577916145325, 1.27714121341705, -1.95666205883026, -0.85850381851196, -0.0620106048882, 0.31083181500435, -2.39589667320251, 0.89360654354095, -0.02848982810974, 0.39414390921593, 1.30133926868439, -2.68597292900085, -1.93536245822906, 0.82112240791321, -2.16464614868164, 0.96154338121414, -2.08154630661011, 0.96130591630936, -2.52228450775146, 0.84457302093506, 0.00340868905187, -2.48649859428406, 0.81858599185944, 0.10937874019146, -2.46526026725769, 0.80739390850067, 0.12622174620628, -2.43532252311707, 0.79567086696625, 0.11780817806721, -2.41122531890869, 0.79509860277176, 0.09513371437788, -1.89380121231079, 0.68844223022461, -2.15662598609924, -1.78824245929718, 0.7184739112854, -2.19040536880493, -1.76610946655273, 0.73758625984192, -2.18819785118103, -1.76380717754364, 0.7655885219574, -2.17044806480408, -1.78002381324768, 0.78966361284256, -2.15455651283264, -2.4670946598053, 0.85836523771286, -0.00864551216364, -2.47152733802795, 0.83897376060486, 0.07041312754154, -2.45057106018066, 0.83065724372864, 0.0818744674325, -2.42519164085388, 0.82298570871353, 0.07612603157759, -2.40525770187378, 0.81867927312851, 0.0607116445899, -1.90619719028473, 0.74523031711578, -2.15491700172424, -1.83037543296814, 0.73684704303741, -2.18367004394531, -1.81431579589844, 0.75618171691895, -2.18084955215454, -1.81246519088745, 0.78023421764374, -2.16843771934509, -1.82099652290344, 0.79953694343567, -2.15401077270508, 24.0209249523832, 171.895807973818, 170.668245395048, 163.210853613931, 153.747599198122, 4.69854518665972, 28.9778049689257, 23.8035405216692, 25.0374124876847, 23.8882468202084
0.17439937591553, 0.20230293273926, -0.20206260681152, 0.19711770117283, 0.04878581315279, -0.02808463200927, -1.94381368160248, 0.77918517589569, -2.16956543922424, 0.15050975978374, -1.31494569778442, 0.67243546247482, -2.1167893409729, 1.27783918380737, -1.95600259304047, -0.85613399744034, -0.06108191981912, 0.31281298398972, -2.39589667320251, 0.89360654354095, -0.02848982810974, 0.39414390921593, 1.30133926868439, -2.68597292900085, -1.93371522426605, 0.82477158308029, -2.16806483268738, 0.95892798900604, -2.08770275115967, 0.95668751001358, -2.52228450775146, 0.84457302093506, 0.00340868905187, -2.48649859428406, 0.81858599185944, 0.10937874019146, -2.46526026725769, 0.80739390850067, 0.12622174620628, -2.43532252311707, 0.79567086696625, 0.11780817806721, -2.41122531890869, 0.79509860277176, 0.09513371437788, -1.89230215549469, 0.69202280044556, -2.16042280197144, -1.78663420677185, 0.72207206487656, -2.19384384155273, -1.76448798179626, 0.74115455150604, -2.19151520729065, -1.76220071315765, 0.76909065246582, -2.17365956306458, -1.77843153476715, 0.7931244969368, -2.15772008895874, -2.4670946598053, 0.85836523771286, -0.00864551216364, -2.47152733802795, 0.83897376060486, 0.07041312754154, -2.45057106018066, 0.83065724372864, 0.0818744674325, -2.42519164085388, 0.82298570871353, 0.07612603157759, -2.40525770187378, 0.81867927312851, 0.0607116445899, -1.90464687347412, 0.74881649017334, -2.15853929519653, -1.82876527309418, 0.74046212434769, -2.18714237213135, -1.81269359588623, 0.7597708106041, -2.18421459197998, -1.81084907054901, 0.78377676010132, -2.17171192169189, -1.81939578056335, 0.80303591489792, -2.15723609924316, 24.0706367767098, 171.987564735128, 170.830872199186, 163.255072258618, 153.582240318316, 4.69854518665972, 28.9778049689257, 23.8035405216692, 25.0374124876847, 23.8882468202084
0.14872741699219, 0.33790683746338, -0.33317756652832, 0.1814834177494, -0.14657478034496, -0.04931652545929, -1.94219541549683, 0.78286057710648, -2.17315483093262, 0.1504687666893, -1.31788265705109, 0.66867136955261, -2.11786127090454, 1.27858638763428, -1.95529079437256, -0.85404342412949, -0.05954126641154, 0.31427910923958, -2.39589667320251, 0.89360654354095, -0.02848982810974, 0.39414390921593, 1.30133926868439, -2.68597292900085, -1.93186795711517, 0.83325904607773, -2.1717791557312, 0.96235448122025, -2.09154081344604, 0.95039480924606, -2.52228450775146, 0.84457302093506, 0.00340868905187, -2.48649859428406, 0.81858599185944, 0.10937874019146, -2.46526026725769, 0.80739390850067, 0.12622174620628, -2.43532252311707, 0.79567086696625, 0.11780817806721, -2.41122531890869, 0.79509860277176, 0.09513371437788, -1.88981306552887, 0.70069825649261, -2.16438221931458, -1.7843337059021, 0.73129838705063, -2.19789910316467, -1.76227557659149, 0.75048285722733, -2.19557213783264, -1.76009774208069, 0.77840399742126, -2.17767953872681, -1.77642178535461, 0.8023374080658, -2.16168403625488, -2.4670946598053, 0.85836523771286, -0.00864551216364, -2.47152733802795, 0.83897376060486, 0.07041312754154, -2.45057106018066, 0.83065724372864, 0.0818744674325, -2.42519164085388, 0.82298570871353, 0.07612603157759, -2.40525770187378, 0.81867927312851, 0.0607116445899, -1.90242564678192, 0.7574297785759, -2.16240096092224, -1.82654297351837, 0.74947792291641, -2.19111561775208, -1.81055951118469, 0.76885879039764, -2.18818140029907, -1.80881285667419, 0.79285538196564, -2.17564678192139, -1.81743216514587, 0.8120528459549, -2.16113209724426, 24.1258417806765, 172.096615535416, 171.045189874963, 163.313688942075, 153.535617447042, 4.69854518665972, 28.9778049689257, 23.8035405216692, 25.0374124876847, 23.8882468202084
0.12950992584229, 0.2792329788208, -0.2461109161377, 0.24952821433544, -0.1645260155201, -0.06781920790672, -1.94015526771545, 0.79131537675858, -2.17691826820374, 0.15543930232525, -1.31659293174744, 0.66847777366638, -2.11909627914429, 1.27923917770386, -1.95442247390747, -0.85135024785995, -0.05763049051166, 0.31539931893349, -2.39589667320251, 0.89360654354095, -0.02848982810974, 0.39414390921593, 1.30133926868439, -2.68597292900085, -1.93046438694, 0.84010821580887, -2.17481136322021, 0.96825259923935, -2.09785032272339, 0.9392614364624, -2.52228450775146, 0.84457302093506, 0.00340868905187, -2.48649859428406, 0.81858599185944, 0.10937874019146, -2.46526026725769, 0.80739390850067, 0.12622174620628, -2.43532252311707, 0.79567086696625, 0.11780817806721, -2.41122531890869, 0.79509860277176, 0.09513371437788, -1.88729321956635, 0.70788198709488, -2.16787147521973, -1.78216695785522, 0.73943895101547, -2.20160889625549, -1.76026165485382, 0.75879949331284, -2.19929575920105, -1.75826382637024, 0.78669250011444, -2.1813383102417, -1.77473950386047, 0.81044942140579, -2.16523575782776, -2.4670946598053, 0.85836523771286, -0.00864551216364, -2.47152733802795, 0.83897376060486, 0.07041312754154, -2.45057106018066, 0.83065724372864, 0.0818744674325, -2.42519164085388, 0.82298570871353, 0.07612603157759, -2.40525770187378, 0.81867927312851, 0.0607116445899, -1.90036904811859, 0.76450192928314, -2.16570997238159, -1.82450544834137, 0.75725120306015, -2.19465970993042, -1.80867469310761, 0.77675622701645, -2.19172120094299, -1.80709075927734, 0.80073475837708, -2.17913055419922, -1.81582713127136, 0.81982350349426, -2.16454267501831, 24.1865638699452, 172.204696448842, 171.26707540034, 163.394175891255, 153.487669519068, 4.69854518665972, 28.9778049689257, 23.8035405216692, 25.0374124876847, 23.8882468202084
0.11880683898926, 0.60278463363647, -0.26087379455566, 0.10865298658609, 0.0894565358758, 0.33715042471886, -1.93841898441315, 0.79811054468155, -2.18003368377686, 0.16408848762512, -1.31380641460419, 0.66811168193817, -2.12040162086487, 1.27975416183472, -1.95352435112, -0.84878706932068, -0.05522282794118, 0.31676435470581, -2.39589667320251, 0.89360654354095, -0.02848982810974, 0.39414390921593, 1.30133926868439, -2.68597292900085, -1.92936754226685, 0.84594655036926, -2.17741656303406, 0.97576516866684, -2.10570979118347, 0.92461836338043, -2.52228450775146, 0.84457302093506, 0.00340868905187, -2.48649859428406, 0.81858599185944, 0.10937874019146, -2.46526026725769, 0.80739390850067, 0.12622174620628, -2.43532252311707, 0.79567086696625, 0.11780817806721, -2.41122531890869, 0.79509860277176, 0.09513371437788, -1.88476145267487, 0.71416610479355, -2.17109990119934, -1.78012156486511, 0.74695318937302, -2.20517516136169, -1.75841414928436, 0.76653850078583, -2.20288968086243, -1.75663709640503, 0.79439198970795, -2.18484783172607, -1.77329635620117, 0.81791877746582, -2.16859698295593, -2.4670946598053, 0.85836523771286, -0.00864551216364, -2.47152733802795, 0.83897376060486, 0.07041312754154, -2.45057106018066, 0.83065724372864, 0.0818744674325, -2.42519164085388, 0.82298570871353, 0.07612603157759, -2.40525770187378, 0.81867927312851, 0.0607116445899, -1.89843022823334, 0.77063596248627, -2.16869425773621, -1.82261753082275, 0.76428991556168, -2.19798803329468, -1.80698299407959, 0.78395295143127, -2.1950511932373, -1.80560111999512, 0.80790543556213, -2.18238759040833, -1.81447803974152, 0.8268518447876, -2.16769933700562, 24.2526493652596, 172.311930418812, 171.488551114367, 163.488896954664, 153.438410194774, 4.69854518665972, 28.9778049689257, 23.8035405216692, 25.0374124876847, 23.8882468202084
0.07443237304688, 0.47869491577148, -0.20516967773438, 0.18367516994476, 0.20563821494579, 0.59919738769531, -1.93689656257629, 0.80388385057449, -2.18274521827698, 0.17523893713951, -1.30965125560761, 0.6676327586174, -2.12174987792969, 1.28014087677002, -1.95264005661011, -0.84685832262039, -0.05206897854805, 0.31770274043083, -2.39589667320251, 0.89360654354095, -0.02848982810974, 0.39414390921593, 1.30133926868439, -2.68597292900085, -1.92715561389923, 0.85267996788025, -2.18208885192871, 0.99279850721359, -2.12051129341125, 0.89133268594742, -2.52228450775146, 0.84457302093506, 0.00340868905187, -2.48649859428406, 0.81858599185944, 0.10937874019146, -2.46526026725769, 0.80739390850067, 0.12622174620628, -2.43532252311707, 0.79567086696625, 0.11780817806721, -2.41122531890869, 0.79509860277176, 0.09513371437788, -1.87931513786316, 0.72197449207306, -2.17728662490845, -1.77594602108002, 0.75750982761383, -2.21246743202209, -1.75468790531158, 0.77759736776352, -2.21032094955444, -1.75334668159485, 0.80536168813705, -2.19210481643677, -1.77035403251648, 0.8283679485321, -2.17547369003296, -2.4670946598053, 0.85836523771286, -0.00864551216364, -2.47152733802795, 0.83897376060486, 0.07041312754154, -2.45057106018066, 0.83065724372864, 0.0818744674325, -2.42519164085388, 0.82298570871353, 0.07612603157759, -2.40525770187378, 0.81867927312851, 0.0607116445899, -1.89430546760559, 0.77808022499084, -2.17430257797241, -1.8187495470047, 0.77376627922058, -2.20461177825928, -1.80355548858643, 0.79378044605255, -2.201735496521, -1.80258524417877, 0.81767219305038, -2.18891978263855, -1.81172358989716, 0.83629804849625, -2.17398381233215, 24.4723167867037, 172.408099482325, 171.74025724566, 163.535915976911, 153.39737441824, 4.69854518665972, 28.9778049689257, 23.8035405216692, 25.0374124876847, 23.8882468202084
0.04275226593018, 0.4015417098999, -0.1688289642334, 0.23818109929562, 0.30451971292496, 0.76626968383789, -1.93373966217041, 0.81048512458801, -2.1876208782196, 0.20032465457916, -1.29679834842682, 0.6672568321228, -2.12316942214966, 1.28040778636932, -1.95170736312866, -0.84649872779846, -0.048917401582, 0.31844729185104, -2.39589667320251, 0.89360654354095, -0.02848982810974, 0.39414390921593, 1.30133926868439, -2.68597292900085, -1.92554235458374, 0.85862290859222, -2.18596959114075, 1.00925660133362, -2.13591551780701, 0.85721063613892, -2.52228450775146, 0.84457302093506, 0.00340868905187, -2.48649859428406, 0.81858599185944, 0.10937874019146, -2.46526026725769, 0.80739390850067, 0.12622174620628, -2.43532252311707, 0.79567086696625, 0.11780817806721, -2.41122531890869, 0.79509860277176, 0.09513371437788, -1.87456369400024, 0.72906082868576, -2.18272590637207, -1.77254498004913, 0.76727747917175, -2.2190203666687, -1.75174105167389, 0.78784918785095, -2.2170135974884, -1.75081276893616, 0.81551378965378, -2.19862127304077, -1.76813507080078, 0.83799684047699, -2.18160390853882, -2.4670946598053, 0.85836523771286, -0.00864551216364, -2.47152733802795, 0.83897376060486, 0.07041312754154, -2.45057106018066, 0.83065724372864, 0.0818744674325, -2.42519164085388, 0.82298570871353, 0.07612603157759, -2.40525770187378, 0.81867927312851, 0.0607116445899, -1.89083540439606, 0.78477334976196, -2.17914700508118, -1.81561183929443, 0.78245955705643, -2.21048378944397, -1.80085813999176, 0.80280894041061, -2.20766758918762, -1.80028164386749, 0.82662987709045, -2.19469714164734, -1.80965685844421, 0.84493213891983, -2.17951011657715, 24.7309162864168, 172.502151187196, 171.985215150053, 163.584082470938, 153.356284000194, 4.69854518665972, 28.9778049689257, 23.8035405216692, 25.0374124876847, 23.8882468202084
0.06595230102539, 0.43855619430542, -0.2845630645752, 0.5036815404892, 0.93100982904434, 1.73641562461853, -1.93120014667511, 0.81632196903229, -2.19171214103699, 0.22501435875893, -1.28348612785339, 0.66717571020126, -2.12465810775757, 1.28057813644409, -1.95076584815979, -0.84685105085373, -0.04635786637664, 0.31980875134468, -2.39589667320251, 0.89360654354095, -0.02848982810974, 0.39414390921593, 1.30133926868439, -2.68597292900085, -1.92741632461548, 0.86639273166656, -2.18922090530396, 1.07433998584747, -2.20801496505737, 0.72244292497635, -2.52228450775146, 0.84457302093506, 0.00340868905187, -2.48649859428406, 0.81858599185944, 0.10937874019146, -2.46526026725769, 0.80739390850067, 0.12622174620628, -2.43532252311707, 0.79567086696625, 0.11780817806721, -2.41122531890869, 0.79509860277176, 0.09513371437788, -1.86471116542816, 0.74205148220062, -2.19095540046692, -1.7683562040329, 0.7901406288147, -2.23081493377686, -1.74945104122162, 0.81250661611557, -2.22927355766296, -1.75022685527802, 0.83981728553772, -2.21035242080688, -1.76874649524689, 0.86030864715576, -2.19212436676025, -2.4670946598053, 0.85836523771286, -0.00864551216364, -2.47152733802795, 0.83897376060486, 0.07041312754154, -2.45057106018066, 0.83065724372864, 0.0818744674325, -2.42519164085388, 0.82298570871353, 0.07612603157759, -2.40525770187378, 0.81867927312851, 0.0607116445899, -1.88583040237427, 0.79595446586609, -2.18548655509949, -1.81220149993896, 0.80113381147385, -2.2200973033905, -1.79925811290741, 0.82270622253418, -2.21748971939087, -1.80027723312378, 0.846251308918, -2.20405125617981, -1.81059145927429, 0.86334538459778, -2.18808507919312, 24.960297944408, 172.598129005414, 172.146298331439, 163.646455758438, 153.333088677772, 4.69854518665972, 28.9778049689257, 23.8035405216692, 25.0374124876847, 23.8882468202084
0.02388668060303, 0.37998533248901, -0.22554588317871, 0.49802002310753, 0.95995330810547, 1.70709073543549, -1.92943620681763, 0.82385563850403, -2.19561409950256, 0.31853318214417, -1.23641669750214, 0.67728179693222, -2.12614941596985, 1.28064656257629, -1.94980883598328, -0.84761333465576, -0.04386866465211, 0.32169955968857, -2.39589667320251, 0.89360654354095, -0.02848982810974, 0.39414390921593, 1.30133926868439, -2.68597292900085, -1.9284633398056, 0.87296152114868, -2.19211959838867, 1.11961328983307, -2.28092217445374, 0.60209769010544, -2.52228450775146, 0.84457302093506, 0.00340868905187, -2.48649859428406, 0.81858599185944, 0.10937874019146, -2.46526026725769, 0.80739390850067, 0.12622174620628, -2.43532252311707, 0.79567086696625, 0.11780817806721, -2.41122531890869, 0.79509860277176, 0.09513371437788, -1.85739648342133, 0.75333154201508, -2.1979386806488, -1.76604390144348, 0.80855792760849, -2.2402515411377, -1.74869084358215, 0.83216524124146, -2.23899269104004, -1.75069904327393, 0.85909736156464, -2.2196249961853, -1.76994955539703, 0.87799924612045, -2.20046067237854, -2.4670946598053, 0.85836523771286, -0.00864551216364, -2.47152733802795, 0.83897376060486, 0.07041312754154, -2.45057106018066, 0.83065724372864, 0.0818744674325, -2.42519164085388, 0.82298570871353, 0.07612603157759, -2.40525770187378, 0.81867927312851, 0.0607116445899, -1.88199520111084, 0.80555146932602, -2.1909065246582, -1.81014680862427, 0.81632047891617, -2.22789025306702, -1.79864573478699, 0.83870601654053, -2.22537803649902, -1.80082595348358, 0.86193907260895, -2.21154069900513, -1.81173896789551, 0.87805509567261, -2.1949667930603, 25.1992025936494, 172.69263150277, 172.309594494115, 163.719525122179, 153.312379544209, 4.69854518665972, 28.9778049689257, 23.8035405216692, 25.0374124876847, 23.8882468202084
-0.44783020019531, 0.32462024688721, -0.05527496337891, 1.39188969135284, 3.19084811210632, 6.62516212463379, -1.92775344848633, 0.83047735691071, -2.19911575317383, 0.38889041543007, -1.19838428497314, 0.68824034929276, -2.12769961357117, 1.28062498569489, -1.94888865947723, -0.84834069013596, -0.04161129891872, 0.32385298609734, -2.39589667320251, 0.89360654354095, -0.02848982810974, 0.39414390921593, 1.30133926868439, -2.68597292900085, -1.92971682548523, 0.87976664304733, -2.19756412506104, 1.17017269134521, -2.35757422447205, 0.47311609983444, -2.52228450775146, 0.84457302093506, 0.00340868905187, -2.48649859428406, 0.81858599185944, 0.10937874019146, -2.46526026725769, 0.80739390850067, 0.12622174620628, -2.43532252311707, 0.79567086696625, 0.11780817806721, -2.41122531890869, 0.79509860277176, 0.09513371437788, -1.8503999710083, 0.76568162441254, -2.20700526237488, -1.76513612270355, 0.82758462429047, -2.25265312194824, -1.74951684474945, 0.8523952960968, -2.25195455551147, -1.75269150733948, 0.87904608249664, -2.23235535621643, -1.77246975898743, 0.89642614126205, -2.21230816841125, -2.4670946598053, 0.85836523771286, -0.00864551216364, -2.47152733802795, 0.83897376060486, 0.07041312754154, -2.45057106018066, 0.83065724372864, 0.0818744674325, -2.42519164085388, 0.82298570871353, 0.07612603157759, -2.40525770187378, 0.81867927312851, 0.0607116445899, -1.87843835353851, 0.81593716144562, -2.19865679740906, -1.80914461612701, 0.83205699920654, -2.23846220970154, -1.7992160320282, 0.85521656274796, -2.23628115653992, -1.80251860618591, 0.87818330526352, -2.22222328186035, -1.81389129161835, 0.89340388774872, -2.2051203250885, 25.5960861032986, 172.779019735392, 172.407880916272, 163.875922793794, 153.305440072012, 4.69854518665972, 28.9778049689257, 23.8035405216692, 25.0374124876847, 23.8882468202084
-0.29383277893066, 0.27495002746582, -0.06514549255371, 1.05859112739563, 2.46376061439514, 5.00893402099609, -1.92619287967682, 0.83747100830078, -2.20484566688538, 0.45820263028145, -1.14665353298187, 0.71464318037033, -2.12939667701721, 1.28057932853699, -1.94801807403564, -0.84937387704849, -0.04015583172441, 0.32681810855865, -2.39589667320251, 0.89360654354095, -0.02848982810974, 0.39414390921593, 1.30133926868439, -2.68597292900085, -1.93004584312439, 0.88598740100861, -2.20228219032288, 1.20336675643921, -2.43229293823242, 0.36037138104439, -2.52228450775146, 0.84457302093506, 0.00340868905187, -2.48649859428406, 0.81858599185944, 0.10937874019146, -2.46526026725769, 0.80739390850067, 0.12622174620628, -2.43532252311707, 0.79567086696625, 0.11780817806721, -2.41122531890869, 0.79509860277176, 0.09513371437788, -1.84506773948669, 0.77634644508362, -2.21466207504272, -1.76463615894318, 0.84288686513901, -2.26250314712524, -1.7503502368927, 0.8684955239296, -2.26214098930359, -1.75435566902161, 0.89486837387085, -2.24231910705566, -1.77442479133606, 0.9110934138298, -2.22160410881042, -2.4670946598053, 0.85836523771286, -0.00864551216364, -2.47152733802795, 0.83897376060486, 0.07041312754154, -2.45057106018066, 0.83065724372864, 0.0818744674325, -2.42519164085388, 0.82298570871353, 0.07612603157759, -2.40525770187378, 0.81867927312851, 0.0607116445899, -1.87548744678497, 0.82499891519547, -2.20522594451904, -1.80837607383728, 0.84494650363922, -2.24698853492737, -1.79963779449463, 0.8685964345932, -2.24498414993286, -1.80373978614807, 0.89130342006683, -2.23071622848511, -1.8153920173645, 0.90583246946335, -2.21320509910584, 25.9715894132984, 172.863072043318, 172.515811565537, 164.031022729467, 153.302544071804, 4.69854518665972, 28.9778049689257, 23.8035405216692, 25.0374124876847, 23.8882468202084
-0.31361675262451, 0.22781610488892, -0.2314338684082, 0.33772286772728, 2.94157004356384, 5.27240180969238, -1.92448770999908, 0.84396725893021, -2.20988273620605, 0.50838649272919, -1.10680651664734, 0.7361615896225, -2.1311571598053, 1.2804901599884, -1.94719767570496, -0.84973526000977, -0.03922850266099, 0.3307381272316, -2.39589667320251, 0.89360654354095, -0.02848982810974, 0.39414390921593, 1.30133926868439, -2.68597292900085, -1.92993128299713, 0.89183676242828, -2.20654535293579, 1.2273166179657, -2.50684905052185, 0.25491037964821, -2.52228450775146, 0.84457302093506, 0.00340868905187, -2.48649859428406, 0.81858599185944, 0.10937874019146, -2.46526026725769, 0.80739390850067, 0.12622174620628, -2.43532252311707, 0.79567086696625, 0.11780817806721, -2.41122531890869, 0.79509860277176, 0.09513371437788, -1.84058809280396, 0.78605335950851, -2.22149038314819, -1.76432120800018, 0.85621136426926, -2.27095580101013, -1.7511590719223, 0.88241755962372, -2.27082085609436, -1.75582373142242, 0.9085191488266, -2.25078511238098, -1.77606868743896, 0.9237784743309, -2.22951483726501, -2.4670946598053, 0.85836523771286, -0.00864551216364, -2.47152733802795, 0.83897376060486, 0.07041312754154, -2.45057106018066, 0.83065724372864, 0.0818744674325, -2.42519164085388, 0.82298570871353, 0.07612603157759, -2.40525770187378, 0.81867927312851, 0.0607116445899, -1.87285768985748, 0.83329790830612, -2.21109366416931, -1.8077175617218, 0.85630476474762, -2.25437664985657, -1.79997086524963, 0.88030612468719, -2.2524745464325, -1.8047080039978, 0.90276110172272, -2.23800611495972, -1.81655085086823, 0.91670489311218, -2.22015023231506, 26.3227687121165, 172.944843068062, 172.636651272332, 164.179251494834, 153.303513958666, 4.69854518665972, 28.9778049689257, 23.8035405216692, 25.0374124876847, 23.8882468202084
-0.17024517059326, 0.24890470504761, -0.2168083190918, 0.31328046321869, 2.14820003509521, 3.8521454334259, -1.922736287117, 0.85012668371201, -2.21447372436523, 0.5489501953125, -1.07282686233521, 0.75528764724731, -2.13279056549072, 1.28038930892944, -1.94634699821472, -0.84945398569107, -0.03793492540717, 0.3347906768322, -2.39589667320251, 0.89360654354095, -0.02848982810974, 0.39414390921593, 1.30133926868439, -2.68597292900085, -1.93203830718994, 0.89856624603271, -2.21393394470215, 1.27392113208771, -2.69403958320618, 0.02569192834198, -2.52228450775146, 0.84457302093506, 0.00340868905187, -2.48649859428406, 0.81858599185944, 0.10937874019146, -2.46526026725769, 0.80739390850067, 0.12622174620628, -2.43532252311707, 0.79567086696625, 0.11780817806721, -2.41122531890869, 0.79509860277176, 0.09513371437788, -1.83447301387787, 0.8007435798645, -2.23146748542786, -1.7660208940506, 0.87696635723114, -2.28333282470703, -1.75514948368073, 0.90420138835907, -2.28363442420959, -1.76141834259033, 0.92988705635071, -2.26349925994873, -1.78223872184753, 0.94344419240952, -2.24163937568665, -2.4670946598053, 0.85836523771286, -0.00864551216364, -2.47152733802795, 0.83897376060486, 0.07041312754154, -2.45057106018066, 0.83065724372864, 0.0818744674325, -2.42519164085388, 0.82298570871353, 0.07612603157759, -2.40525770187378, 0.81867927312851, 0.0607116445899, -1.87033319473267, 0.84509927034378, -2.22014999389648, -1.80874300003052, 0.87341713905334, -2.2654345035553, -1.80302238464355, 0.89799976348877, -2.26380109786987, -1.80922067165375, 0.92002433538437, -2.24922370910645, -1.82166481018066, 0.93297505378723, -2.23103213310242, 26.8299546542195, 172.999675826719, 172.68694878538, 164.219809158126, 153.320999242941, 4.69854518665972, 28.9778049689257, 23.8035405216692, 25.0374124876847, 23.8882468202084
-0.10049057006836, 0.25477123260498, -0.20383071899414, 0.29692757129669, 1.75160765647888, 3.1395275592804, -1.92154765129089, 0.85759264230728, -2.22202491760254, 0.62156784534454, -1.01220273971558, 0.80971676111221, -2.13447070121765, 1.2802357673645, -1.9455041885376, -0.84902846813202, -0.03701183572412, 0.33920815587044, -2.39589667320251, 0.89360654354095, -0.02848982810974, 0.39414390921593, 1.30133926868439, -2.68597292900085, -1.93299186229706, 0.90497988462448, -2.2203164100647, 1.29673171043396, -2.86846041679382, -0.18086615204811, -2.52228450775146, 0.84457302093506, 0.00340868905187, -2.48649859428406, 0.81858599185944, 0.10937874019146, -2.46526026725769, 0.80739390850067, 0.12622174620628, -2.43532252311707, 0.79567086696625, 0.11780817806721, -2.41122531890869, 0.79509860277176, 0.09513371437788, -1.82996571063995, 0.81339859962463, -2.24017000198364, -1.76764976978302, 0.89365941286087, -2.29365396499634, -1.75850677490234, 0.92151826620102, -2.29421496391296, -1.76588296890259, 0.94679373502731, -2.27393651008606, -1.78698146343231, 0.95906043052673, -2.25158667564392, -2.4670946598053, 0.85836523771286, -0.00864551216364, -2.47152733802795, 0.83897376060486, 0.07041312754154, -2.45057106018066, 0.83065724372864, 0.0818744674325, -2.42519164085388, 0.82298570871353, 0.07612603157759, -2.40525770187378, 0.81867927312851, 0.0607116445899, -1.86824059486389, 0.85545122623444, -2.22800135612488, -1.8096296787262, 0.88748270273209, -2.27474188804626, -1.80541467666626, 0.91237634420395, -2.2732458114624, -1.81262469291687, 0.93399387598038, -2.25852489471436, -1.82541513442993, 0.94617158174515, -2.24004197120667, 27.2895410079968, 173.047364207504, 172.733899505735, 164.260189236499, 153.343757433256, 4.69854518665972, 28.9778049689257, 23.8035405216692, 25.0374124876847, 23.8882468202084
-0.28695774078369, 0.11550664901733, -0.40452003479004, -0.18718706071377, 2.19695448875427, 6.16152477264404, -1.92016398906708, 0.86472719907761, -2.22865438461304, 0.67318117618561, -0.96188819408417, 0.85358476638794, -2.13618040084839, 1.28015732765198, -1.94472813606262, -0.84881198406219, -0.03777905553579, 0.34522664546967, -2.39589667320251, 0.89360654354095, -0.02848982810974, 0.39414390921593, 1.30133926868439, -2.68597292900085, -1.93657231330872, 0.90857779979706, -2.22893857955933, 1.30895590782166, 3.08088898658752, -0.54676455259323, -2.52228450775146, 0.84457302093506, 0.00340868905187, -2.48649859428406, 0.81858599185944, 0.10937874019146, -2.46526026725769, 0.80739390850067, 0.12622174620628, -2.43532252311707, 0.79567086696625, 0.11780817806721, -2.41122531890869, 0.79509860277176, 0.09513371437788, -1.82555079460144, 0.82736140489578, -2.25070595741272, -1.7723468542099, 0.91314142942429, -2.30544829368591, -1.76596069335938, 0.94175374507904, -2.30620837211609, -1.7753632068634, 0.96624934673309, -2.28581142425537, -1.79711973667145, 0.97647279500961, -2.26306772232056, -2.4670946598053, 0.85836523771286, -0.00864551216364, -2.47152733802795, 0.83897376060486, 0.07041312754154, -2.45057106018066, 0.83065724372864, 0.0818744674325, -2.42519164085388, 0.82298570871353, 0.07612603157759, -2.40525770187378, 0.81867927312851, 0.0607116445899, -1.86748278141022, 0.86553835868835, -2.23783349990845, -1.81315994262695, 0.9029752612114, -2.28572368621826, -1.81135082244873, 0.92816412448883, -2.28432941436768, -1.82033967971802, 0.94902020692825, -2.26948928833008, -1.83389413356781, 0.9599501490593, -2.25077223777771, 27.5611229897748, 173.039181640878, 172.763829394678, 164.287687578097, 153.377402945107, 4.69854518665972, 28.9778049689257, 23.8035405216692, 25.0374124876847, 23.8882468202084
-0.1490535736084, 0.18966007232666, -0.35645484924316, -0.05458475276828, 1.71636974811554, 4.48897647857666, -1.92006385326386, 0.86973595619202, -2.2374906539917, 0.74982047080994, -0.89107096195221, 0.93242090940475, -2.13781023025513, 1.28005886077881, -1.94397187232971, -0.84821277856827, -0.03951719030738, 0.35305261611938, -2.39589667320251, 0.89360654354095, -0.02848982810974, 0.39414390921593, 1.30133926868439, -2.68597292900085, -1.93863070011139, 0.91296350955963, -2.23654365539551, 1.29810166358948, 2.8550078868866, -0.79671549797058, -2.52228450775146, 0.84457302093506, 0.00340868905187, -2.48649859428406, 0.81858599185944, 0.10937874019146, -2.46526026725769, 0.80739390850067, 0.12622174620628, -2.43532252311707, 0.79567086696625, 0.11780817806721, -2.41122531890869, 0.79509860277176, 0.09513371437788, -1.82278573513031, 0.83930134773254, -2.25998544692993, -1.77626037597656, 0.92836743593216, -2.3155574798584, -1.77180862426758, 0.95734077692032, -2.3164222240448, -1.78251147270203, 0.98118108510971, -2.29589033126831, -1.80455195903778, 0.98996049165726, -2.27281928062439, -2.4670946598053, 0.85836523771286, -0.00864551216364, -2.47152733802795, 0.83897376060486, 0.07041312754154, -2.45057106018066, 0.83065724372864, 0.0818744674325, -2.42519164085388, 0.82298570871353, 0.07612603157759, -2.40525770187378, 0.81867927312851, 0.0607116445899, -1.86696875095367, 0.8746143579483, -2.24648308753967, -1.81599950790405, 0.91552823781967, -2.2952082157135, -1.81585288047791, 0.94078344106674, -2.29384803771973, -1.82598495483398, 0.961012840271, -2.27887773513794, -1.83995127677917, 0.97103875875473, -2.25995850563049, 27.8404247928623, 173.017229412885, 172.7886639625, 164.31317784408, 153.41688143851, 4.69854518665972, 28.9778049689257, 23.8035405216692, 25.0374124876847, 23.8882468202084
-0.29748916625977, -0.17218923568726, -0.53592681884766, -0.12527431547642, 1.38747930526733, 6.99125194549561, -1.91970133781433, 0.8752977848053, -2.24533724784851, 0.79998654127121, -0.83265912532806, 0.99403065443039, -2.13953399658203, 1.27999901771545, -1.94324898719788, -0.84746742248535, -0.0422016941011, 0.3621509373188, -2.39589667320251, 0.89360654354095, -0.02848982810974, 0.39414390921593, 1.30133926868439, -2.68597292900085, -1.93984436988831, 0.91775792837143, -2.24351644515991, 1.28014492988586, 2.70171141624451, -0.96987468004227, -2.52228450775146, 0.84457302093506, 0.00340868905187, -2.48649859428406, 0.81858599185944, 0.10937874019146, -2.46526026725769, 0.80739390850067, 0.12622174620628, -2.43532252311707, 0.79567086696625, 0.11780817806721, -2.41122531890869, 0.79509860277176, 0.09513371437788, -1.82069075107574, 0.85011583566666, -2.26846957206726, -1.77952325344086, 0.94141167402267, -2.32464718818665, -1.77657461166382, 0.97057461738586, -2.32557106018066, -1.78821671009064, 0.99384903907776, -2.30490112304688, -1.81037521362305, 1.00150275230408, -2.28154420852661, -2.4670946598053, 0.85836523771286, -0.00864551216364, -2.47152733802795, 0.83897376060486, 0.07041312754154, -2.45057106018066, 0.83065724372864, 0.0818744674325, -2.42519164085388, 0.82298570871353, 0.07612603157759, -2.40525770187378, 0.81867927312851, 0.0607116445899, -1.86644625663757, 0.88312649726868, -2.25439143180847, -1.81828248500824, 0.92656600475311, -2.30377984046936, -1.81941330432892, 0.9517964720726, -2.30242228507996, -1.83037304878235, 0.97149014472961, -2.28732109069824, -1.84458673000336, 0.98079991340637, -2.26822113990784, 28.1381544463304, 172.982067599038, 172.808608114877, 164.336769317473, 153.46189238514, 4.69854518665972, 28.9778049689257, 23.8035405216692, 25.0374124876847, 23.8882468202084
-0.15547370910645, 0.01922607421875, -0.4797420501709, -0.05528483912349, 1.10026800632477, 4.80445003509521, -1.91912508010864, 0.88110613822937, -2.25255608558655, 0.83679783344269, -0.78139293193817, 1.04632580280304, -2.14157843589783, 1.27984428405762, -1.94246685504913, -0.84674668312073, -0.0424536652863, 0.36922854185104, -2.39589667320251, 0.89360654354095, -0.02848982810974, 0.39414390921593, 1.30133926868439, -2.68597292900085, -1.94456684589386, 0.92138934135437, -2.25042819976807, 1.22522330284119, 2.50578093528748, -1.18440043926239, -2.52228450775146, 0.84457302093506, 0.00340868905187, -2.48649859428406, 0.81858599185944, 0.10937874019146, -2.46526026725769, 0.80739390850067, 0.12622174620628, -2.43532252311707, 0.79567086696625, 0.11780817806721, -2.41122531890869, 0.79509860277176, 0.09513371437788, -1.82029116153717, 0.8644871711731, -2.27713751792908, -1.78754580020905, 0.9596471786499, -2.33243608474731, -1.78710508346558, 0.98896449804306, -2.33300495147705, -1.80051493644714, 1.01090443134308, -2.31195044517517, -1.82304644584656, 1.01635038852692, -2.28833246231079, -2.4670946598053, 0.85836523771286, -0.00864551216364, -2.47152733802795, 0.83897376060486, 0.07041312754154, -2.45057106018066, 0.83065724372864, 0.0818744674325, -2.42519164085388, 0.82298570871353, 0.07612603157759, -2.40525770187378, 0.81867927312851, 0.0607116445899, -1.86857581138611, 0.89329242706299, -2.26229453086853, -1.82471752166748, 0.94128960371017, -2.31147456169128, -1.82798612117767, 0.9663125872612, -2.30978298187256, -1.84045791625977, 0.98481154441833, -2.29434776306152, -1.85525143146515, 0.99263834953308, -2.27502393722534, 28.2556763887369, 172.860749779001, 172.81590275691, 164.358543960547, 153.509471482899, 4.69854518665972, 28.9778049689257, 23.8035405216692, 25.0374124876847, 23.8882468202084
-0.08218288421631, 0.11781978607178, -0.44405364990234, -0.02577756345272, 0.94122970104218, 3.69279980659485, -1.92087244987488, 0.88675546646118, -2.26009392738342, 0.90408462285995, -0.70891940593719, 1.13059937953949, -2.14371466636658, 1.27962899208069, -1.94169998168945, -0.84586709737778, -0.04047010466456, 0.37438097596169, -2.39589667320251, 0.89360654354095, -0.02848982810974, 0.39414390921593, 1.30133926868439, -2.68597292900085, -1.94785213470459, 0.92562299966812, -2.25704598426819, 1.17880797386169, 2.40020561218262, -1.30597114562988, -2.52228450775146, 0.84457302093506, 0.00340868905187, -2.48649859428406, 0.81858599185944, 0.10937874019146, -2.46526026725769, 0.80739390850067, 0.12622174620628, -2.43532252311707, 0.79567086696625, 0.11780817806721, -2.41122531890869, 0.79509860277176, 0.09513371437788, -1.82044994831085, 0.87690258026123, -2.28516507148743, -1.79423296451569, 0.97436553239822, -2.33993077278137, -1.79565036296844, 1.00365555286407, -2.34026312828064, -1.81024861335754, 1.02454078197479, -2.31892824172974, -1.83288681507111, 1.02836894989014, -2.29509568214417, -2.4670946598053, 0.85836523771286, -0.00864551216364, -2.47152733802795, 0.83897376060486, 0.07041312754154, -2.45057106018066, 0.83065724372864, 0.0818744674325, -2.42519164085388, 0.82298570871353, 0.07612603157759, -2.40525770187378, 0.81867927312851, 0.0607116445899, -1.87033629417419, 0.90248107910156, -2.26972007751465, -1.82999908924103, 0.9535328745842, -2.31883788108826, -1.8348286151886, 0.97828531265259, -2.31691670417786, -1.84831881523132, 0.99583911895752, -2.30123615264893, -1.86342000961304, 1.002565741539, -2.2817370891571, 28.4028908710128, 172.547257756475, 172.817610304203, 164.378542754437, 153.561872694211, 4.69854518665972, 28.9778049689257, 23.8035405216692, 25.0374124876847, 23.8882468202084
-0.27144813537598, -0.08153486251831, -0.4757251739502, 0.90619903802872, 0.57465815544128, 6.15719890594482, -1.92209577560425, 0.89263254404068, -2.26717495918274, 0.94986242055893, -0.64184284210205, 1.20459306240082, -2.14589047431946, 1.27942776679993, -1.94098591804504, -0.84501266479492, -0.03798044100404, 0.37946909666061, -2.39589667320251, 0.89360654354095, -0.02848982810974, 0.39414390921593, 1.30133926868439, -2.68597292900085, -1.95250988006592, 0.92626422643661, -2.26162433624268, 1.10768508911133, 2.29892563819885, -1.42709624767303, -2.52228450775146, 0.84457302093506, 0.00340868905187, -2.48649859428406, 0.81858599185944, 0.10937874019146, -2.46526026725769, 0.80739390850067, 0.12622174620628, -2.43532252311707, 0.79567086696625, 0.11780817806721, -2.41122531890869, 0.79509860277176, 0.09513371437788, -1.82168018817902, 0.88903969526291, -2.29151773452759, -1.80443358421326, 0.98913449048996, -2.34508275985718, -1.80835700035095, 1.01819682121277, -2.34497833251953, -1.82448410987854, 1.0374584197998, -2.32322096824646, -1.84713649749756, 1.03900349140167, -2.29914569854736, -2.4670946598053, 0.85836523771286, -0.00864551216364, -2.47152733802795, 0.83897376060486, 0.07041312754154, -2.45057106018066, 0.83065724372864, 0.0818744674325, -2.42519164085388, 0.82298570871353, 0.07612603157759, -2.40525770187378, 0.81867927312851, 0.0607116445899, -1.87342274188995, 0.91003131866455, -2.27528429031372, -1.83807981014252, 0.96502375602722, -2.32399415969849, -1.8449923992157, 0.98924213647842, -2.32167363166809, -1.8597846031189, 1.00535750389099, -2.30562734603882, -1.87521803379059, 1.01049590110779, -2.28590631484985, 28.4860808675563, 172.139563764917, 172.809605322495, 164.402325473127, 153.638848926157, 4.69854518665972, 28.9778049689257, 23.8035405216692, 25.0374124876847, 23.8882468202084
-0.17171287536621, 0.05173444747925, -0.45315170288086, 0.57171177864075, 0.56650859117508, 4.55532360076904, -1.92412173748016, 0.89574629068375, -2.27244687080383, 1.00943195819855, -0.53820979595184, 1.3184369802475, -2.14801120758057, 1.27930235862732, -1.94037842750549, -0.84424561262131, -0.03445449844003, 0.38306736946106, -2.39589667320251, 0.89360654354095, -0.02848982810974, 0.39414390921593, 1.30133926868439, -2.68597292900085, -1.95595598220825, 0.92827743291855, -2.26658701896667, 1.05394601821899, 2.24424314498901, -1.49760150909424, -2.52228450775146, 0.84457302093506, 0.00340868905187, -2.48649859428406, 0.81858599185944, 0.10937874019146, -2.46526026725769, 0.80739390850067, 0.12622174620628, -2.43532252311707, 0.79567086696625, 0.11780817806721, -2.41122531890869, 0.79509860277176, 0.09513371437788, -1.82329761981964, 0.8995658159256, -2.29778170585632, -1.81274771690369, 1.00102174282074, -2.35051679611206, -1.81847512722015, 1.02978026866913, -2.3501079082489, -1.83560109138489, 1.04780006408691, -2.32805180549622, -1.85811638832092, 1.04771029949188, -2.30379939079285, -2.4670946598053, 0.85836523771286, -0.00864551216364, -2.47152733802795, 0.83897376060486, 0.07041312754154, -2.45057106018066, 0.83065724372864, 0.0818744674325, -2.42519164085388, 0.82298570871353, 0.07612603157759, -2.40525770187378, 0.81867927312851, 0.0607116445899, -1.87611985206604, 0.91713827848434, -2.28097414970398, -1.84465837478638, 0.97466778755188, -2.32941460609436, -1.85304951667786, 0.99838536977768, -2.3268141746521, -1.86869192123413, 1.01340007781982, -2.31050825119019, -1.88426065444946, 1.01738655567169, -2.29062795639038, 28.6005992342753, 171.677351203404, 172.795808340372, 164.425192946468, 153.833782525069, 4.69854518665972, 28.9778049689257, 23.8035405216692, 25.0374124876847, 23.8882468202084
-0.21823310852051, -0.28129291534424, -0.31446647644043, 1.01762425899506, 0.65010672807693, 6.17803430557251, -1.92580556869507, 0.89969056844711, -2.27790474891663, 1.0471647977829, -0.44659218192101, 1.41655373573303, -2.15012121200562, 1.27911281585693, -1.93977570533752, -0.8431384563446, -0.03005994483829, 0.38621079921722, -2.39589667320251, 0.89360654354095, -0.02848982810974, 0.39414390921593, 1.30133926868439, -2.68597292900085, -1.96107149124146, 0.92803567647934, -2.27077341079712, 0.97104012966156, 2.19391894340515, -1.58595526218414, -2.52228450775146, 0.84457302093506, 0.00340868905187, -2.48649859428406, 0.81858599185944, 0.10937874019146, -2.46526026725769, 0.80739390850067, 0.12622174620628, -2.43532252311707, 0.79567086696625, 0.11780817806721, -2.41122531890869, 0.79509860277176, 0.09513371437788, -1.82713139057159, 0.9123227596283, -2.3055419921875, -1.8274974822998, 1.01492238044739, -2.35710573196411, -1.83589029312134, 1.04300594329834, -2.35616111755371, -1.85407197475433, 1.05907511711121, -2.33345246315002, -1.87586009502411, 1.05658328533173, -2.30866932868958, -2.4670946598053, 0.85836523771286, -0.00864551216364, -2.47152733802795, 0.83897376060486, 0.07041312754154, -2.45057106018066, 0.83065724372864, 0.0818744674325, -2.42519164085388, 0.82298570871353, 0.07612603157759, -2.40525770187378, 0.81867927312851, 0.0607116445899, -1.88093042373657, 0.92464107275009, -2.28722810745239, -1.85624742507935, 0.98543530702591, -2.33560943603516, -1.86676216125488, 1.0082243680954, -2.33247995376587, -1.88332998752594, 1.02150821685791, -2.31559658050537, -1.89869797229767, 1.02377951145172, -2.29529428482056, 28.8986464915398, 171.590771725485, 172.788513698338, 164.454549099521, 153.953788948786, 4.69854518665972, 28.9778049689257, 23.8035405216692, 25.0374124876847, 23.8882468202084
-0.14769744873047, -0.08912229537964, -0.34390640258789, 0.66756933927536, 0.54378342628479, 4.49583387374878, -1.92866289615631, 0.90255159139633, -2.28320741653442, 1.09222376346588, -0.26849174499512, 1.59132087230682, -2.1523232460022, 1.27876019477844, -1.93923008441925, -0.84205889701843, -0.02576925046742, 0.38963505625725, -2.39589667320251, 0.89360654354095, -0.02848982810974, 0.39414390921593, 1.30133926868439, -2.68597292900085, -1.96492409706116, 0.9293047785759, -2.27546119689941, 0.91235429048538, 2.16835236549377, -1.63798320293427, -2.52228450775146, 0.84457302093506, 0.00340868905187, -2.48649859428406, 0.81858599185944, 0.10937874019146, -2.46526026725769, 0.80739390850067, 0.12622174620628, -2.43532252311707, 0.79567086696625, 0.11780817806721, -2.41122531890869, 0.79509860277176, 0.09513371437788, -1.83084487915039, 0.922696352005, -2.31253933906555, -1.83879613876343, 1.02545928955078, -2.36315727233887, -1.8489933013916, 1.05292296409607, -2.36182188987732, -1.86780500411987, 1.06758201122284, -2.33867645263672, -1.8889639377594, 1.0634673833847, -2.3135666847229, -2.4670946598053, 0.85836523771286, -0.00864551216364, -2.47152733802795, 0.83897376060486, 0.07041312754154, -2.45057106018066, 0.83065724372864, 0.0818744674325, -2.42519164085388, 0.82298570871353, 0.07612603157759, -2.40525770187378, 0.81867927312851, 0.0607116445899, -1.88502025604248, 0.9313098192215, -2.29324412345886, -1.86518788337708, 0.99397778511047, -2.34146595001221, -1.87711894512177, 1.01600170135498, -2.33795952796936, -1.89423561096191, 1.02803409099579, -2.32068991661072, -1.90937638282776, 1.02912938594818, -2.30012130737305, 29.1978292677539, 171.496965907424, 172.777612716423, 164.484151139384, 154.125691149817, 4.69854518665972, 28.9778049689257, 23.8035405216692, 25.0374124876847, 23.8882468202084
-0.22065353393555, -0.36303377151489, -0.23088455200195, 0.91476929187775, 1.77644848823547, 6.78923797607422, -1.93112909793854, 0.90610325336456, -2.28865003585815, 1.11356127262115, -0.12784957885742, 1.73033475875854, -2.15442037582397, 1.27844595909119, -1.93870830535889, -0.8412738442421, -0.02095622383058, 0.39236330986023, -2.39589667320251, 0.89360654354095, -0.02848982810974, 0.39414390921593, 1.30133926868439, -2.68597292900085, -1.96807491779327, 0.93144553899765, -2.2804274559021, 0.86637604236603, 2.15241074562073, -1.67447888851166, -2.52228450775146, 0.84457302093506, 0.00340868905187, -2.48649859428406, 0.81858599185944, 0.10937874019146, -2.46526026725769, 0.80739390850067, 0.12622174620628, -2.43532252311707, 0.79567086696625, 0.11780817806721, -2.41122531890869, 0.79509860277176, 0.09513371437788, -1.83430981636047, 0.93191260099411, -2.3191876411438, -1.84811997413635, 1.03444457054138, -2.36900806427002, -1.85968506336212, 1.06134366989136, -2.36736226081848, -1.87892639636993, 1.07488179206848, -2.34388971328735, -1.89953124523163, 1.06953930854797, -2.31855130195618, -2.4670946598053, 0.85836523771286, -0.00864551216364, -2.47152733802795, 0.83897376060486, 0.07041312754154, -2.45057106018066, 0.83065724372864, 0.0818744674325, -2.42519164085388, 0.82298570871353, 0.07612603157759, -2.40525770187378, 0.81867927312851, 0.0607116445899, -1.88860666751862, 0.93763291835785, -2.29917287826538, -1.87259936332703, 1.00152540206909, -2.34720897674561, -1.8855916261673, 1.02289021015167, -2.34340786933899, -1.90308046340942, 1.03392767906189, -2.32584881782532, -1.91799771785736, 1.03412306308746, -2.30508947372437, 29.4831467599529, 171.396097673761, 172.763214677653, 164.514012726435, 154.344106939096, 4.69854518665972, 28.9778049689257, 23.8035405216692, 25.0374124876847, 23.8882468202084
-0.15317344665527, -0.14135456085205, -0.29510307312012, 0.6146445274353, 1.18915474414825, 4.72483968734741, -1.93331062793732, 0.91007936000824, -2.29418563842773, 1.12356579303741, -0.0115834902972, 1.84576964378357, -2.15656781196594, 1.27802169322968, -1.93824934959412, -0.84053915739059, -0.01750315725803, 0.39642664790154, -2.39589667320251, 0.89360654354095, -0.02848982810974, 0.39414390921593, 1.30133926868439, -2.68597292900085, -1.97272753715515, 0.93423902988434, -2.27899384498596, 0.79433226585388, 2.18608903884888, -1.71327841281891, -2.52228450775146, 0.84457302093506, 0.00340868905187, -2.48649859428406, 0.81858599185944, 0.10937874019146, -2.46526026725769, 0.80739390850067, 0.12622174620628, -2.43532252311707, 0.79567086696625, 0.11780817806721, -2.41122531890869, 0.79509860277176, 0.09513371437788, -1.84206330776215, 0.94534665346146, -2.32588911056519, -1.86648547649384, 1.04737305641174, -2.37257742881775, -1.87987148761749, 1.07330131530762, -2.36965250968933, -1.89854180812836, 1.08497178554535, -2.34475874900818, -1.91706275939941, 1.07768392562866, -2.31832003593445, -2.4670946598053, 0.85836523771286, -0.00864551216364, -2.47152733802795, 0.83897376060486, 0.07041312754154, -2.45057106018066, 0.83065724372864, 0.0818744674325, -2.42519164085388, 0.82298570871353, 0.07612603157759, -2.40525770187378, 0.81867927312851, 0.0607116445899, -1.89526689052582, 0.94665932655334, -2.30245590209961, -1.88705694675446, 1.01235866546631, -2.350017786026, -1.90132069587708, 1.03262650966644, -2.3449718952179, -1.91843461990356, 1.04203271865845, -2.32614016532898, -1.93199026584625, 1.04076778888702, -2.30450320243835, 29.8267906525691, 171.361359331643, 172.756999205508, 164.54795876661, 154.410673962747, 4.69854518665972, 28.9778049689257, 23.8035405216692, 25.0374124876847, 23.8882468202084
-0.11851501464844, -0.0214147567749, -0.32857704162598, 0.46451839804649, 0.89339023828506, 3.67115592956543, -1.93742024898529, 0.91576254367828, -2.29531478881836, 1.13505887985229, 0.21136003732681, 2.02331781387329, -2.15873551368713, 1.27756571769714, -1.93781960010529, -0.8400856256485, -0.0141981607303, 0.40011560916901, -2.39589667320251, 0.89360654354095, -0.02848982810974, 0.39414390921593, 1.30133926868439, -2.68597292900085, -1.97619247436523, 0.93728721141815, -2.27946376800537, 0.74193722009659, 2.20608377456665, -1.74342596530914, -2.52228450775146, 0.84457302093506, 0.00340868905187, -2.48649859428406, 0.81858599185944, 0.10937874019146, -2.46526026725769, 0.80739390850067, 0.12622174620628, -2.43532252311707, 0.79567086696625, 0.11780817806721, -2.41122531890869, 0.79509860277176, 0.09513371437788, -1.84838104248047, 0.95617550611496, -2.33145570755005, -1.8802695274353, 1.05724275112152, -2.37566161155701, -1.89492571353912, 1.0823529958725, -2.37182831764221, -1.91316497325897, 1.09267294406891, -2.34603476524353, -1.93015134334564, 1.08405494689941, -2.31897330284119, -2.4670946598053, 0.85836523771286, -0.00864551216364, -2.47152733802795, 0.83897376060486, 0.07041312754154, -2.45057106018066, 0.83065724372864, 0.0818744674325, -2.42519164085388, 0.82298570871353, 0.07612603157759, -2.40525770187378, 0.81867927312851, 0.0607116445899, -1.90056419372559, 0.95425891876221, -2.30586838722229, -1.89794063568115, 1.02087557315826, -2.35278606414795, -1.91307437419891, 1.0402604341507, -2.34687876701355, -1.92988693714142, 1.04847848415375, -2.32723689079285, -1.94244825839996, 1.04620611667633, -2.30508828163147, 30.1521091476422, 171.329680914272, 172.749048865314, 164.582615146458, 154.479986722444, 4.69854518665972, 28.9778049689257, 23.8035405216692, 25.0374124876847, 23.8882468202084
-0.25811004638672, -0.02761602401733, 0.27549934387207, 1.36471235752106, 4.48621129989624, 5.34810829162598, -1.94062829017639, 0.92099130153656, -2.29746341705322, 1.13167750835419, 0.37344789505005, 2.15701222419739, -2.16081047058105, 1.27693295478821, -1.93741154670715, -0.83942931890488, -0.00987306516618, 0.40400686860085, -2.39589667320251, 0.89360654354095, -0.02848982810974, 0.39414390921593, 1.30133926868439, -2.68597292900085, -1.97855138778687, 0.93648159503937, -2.27968454360962, 0.67663639783859, 2.23349690437317, -1.78738486766815, -2.52228450775146, 0.84457302093506, 0.00340868905187, -2.48649859428406, 0.81858599185944, 0.10937874019146, -2.46526026725769, 0.80739390850067, 0.12622174620628, -2.43532252311707, 0.79567086696625, 0.11780817806721, -2.41122531890869, 0.79509860277176, 0.09513371437788, -1.85556149482727, 0.96514225006104, -2.33840179443359, -1.89706003665924, 1.06410706043243, -2.37926077842712, -1.91323983669281, 1.08804643154144, -2.37424683570862, -1.93068778514862, 1.09673774242401, -2.34733033180237, -1.94545841217041, 1.08661890029907, -2.31949901580811, -2.4670946598053, 0.85836523771286, -0.00864551216364, -2.47152733802795, 0.83897376060486, 0.07041312754154, -2.45057106018066, 0.83065724372864, 0.0818744674325, -2.42519164085388, 0.82298570871353, 0.07612603157759, -2.40525770187378, 0.81867927312851, 0.0607116445899, -1.90594565868378, 0.95917290449142, -2.30998969078064, -1.91075825691223, 1.02630937099457, -2.35598397254944, -1.92688596248627, 1.04448175430298, -2.34895801544189, -1.94310963153839, 1.0512467622757, -2.32829332351685, -1.95420587062836, 1.04783034324646, -2.30551791191101, 30.3981462219244, 171.313438724426, 172.726399958026, 164.598666091008, 154.52964219771, 4.69854518665972, 28.9778049689257, 23.8035405216692, 25.0374124876847, 23.8882468202084
-0.16388511657715, 0.05007791519165, 0.07156562805176, 0.94217556715012, 2.94772171974182, 3.97275257110596, -1.94298231601715, 0.9230010509491, -2.29987072944641, 1.11011576652527, 0.57484948635101, 2.31833815574646, -2.16290712356567, 1.27627944946289, -1.93708658218384, -0.83889323472977, -0.00556967919692, 0.40874689817429, -2.39589667320251, 0.89360654354095, -0.02848982810974, 0.39414390921593, 1.30133926868439, -2.68597292900085, -1.98040175437927, 0.93692231178284, -2.2810959815979, 0.63002073764801, 2.25223302841187, -1.81888616085052, -2.52228450775146, 0.84457302093506, 0.00340868905187, -2.48649859428406, 0.81858599185944, 0.10937874019146, -2.46526026725769, 0.80739390850067, 0.12622174620628, -2.43532252311707, 0.79567086696625, 0.11780817806721, -2.41122531890869, 0.79509860277176, 0.09513371437788, -1.86138939857483, 0.97245866060257, -2.34409523010254, -1.90948879718781, 1.06946432590485, -2.38233089447021, -1.92668497562408, 1.09248340129852, -2.37646269798279, -1.94352185726166, 1.10002422332764, -2.34881973266602, -1.95667695999146, 1.08891344070435, -2.32055974006653, -2.4670946598053, 0.85836523771286, -0.00864551216364, -2.47152733802795, 0.83897376060486, 0.07041312754154, -2.45057106018066, 0.83065724372864, 0.0818744674325, -2.42519164085388, 0.82298570871353, 0.07612603157759, -2.40525770187378, 0.81867927312851, 0.0607116445899, -1.91027736663818, 0.96362769603729, -2.31387186050415, -1.92031252384186, 1.03080785274506, -2.35895037651062, -1.93708109855652, 1.04805362224579, -2.35113382339478, -1.95283448696136, 1.05378770828247, -2.32980418205261, -1.96286296844482, 1.04960441589355, -2.30666470527649, 30.6453136925143, 171.301909365107, 172.700308635397, 164.612626997671, 154.578696616329, 4.69854518665972, 28.9778049689257, 23.8035405216692, 25.0374124876847, 23.8882468202084
-0.04154205322266, -0.28241300582886, 0.13538932800293, 0.92741191387177, 4.03433895111084, 5.19717359542847, -1.94497668743134, 0.92548781633377, -2.30274486541748, 1.08656871318817, 0.70551306009293, 2.42249846458435, -2.16498374938965, 1.27559852600098, -1.93689358234406, -0.83821338415146, -0.00114316516556, 0.41432291269302, -2.39589667320251, 0.89360654354095, -0.02848982810974, 0.39414390921593, 1.30133926868439, -2.68597292900085, -1.98214662075043, 0.93830180168152, -2.28341436386108, 0.59277373552322, 2.26668930053711, -1.84408628940582, -2.52228450775146, 0.84457302093506, 0.00340868905187, -2.48649859428406, 0.81858599185944, 0.10937874019146, -2.46526026725769, 0.80739390850067, 0.12622174620628, -2.43532252311707, 0.79567086696625, 0.11780817806721, -2.41122531890869, 0.79509860277176, 0.09513371437788, -1.86660301685333, 0.97924947738647, -2.34951019287109, -1.91980087757111, 1.07442128658295, -2.38553714752197, -1.93776512145996, 1.09665596485138, -2.37898540496826, -1.95409142971039, 1.10328638553619, -2.35080790519714, -1.96594417095184, 1.09143209457397, -2.32227516174316, -2.4670946598053, 0.85836523771286, -0.00864551216364, -2.47152733802795, 0.83897376060486, 0.07041312754154, -2.45057106018066, 0.83065724372864, 0.0818744674325, -2.42519164085388, 0.82298570871353, 0.07612603157759, -2.40525770187378, 0.81867927312851, 0.0607116445899, -1.91418051719666, 0.96815943717957, -2.31796884536743, -1.9283173084259, 1.03517889976501, -2.36217832565308, -1.94555687904358, 1.05164957046509, -2.35373950004578, -1.96090912818909, 1.056565284729, -2.33191871643066, -1.97007739543915, 1.0518000125885, -2.30853605270386, 30.899147427734, 171.294860609883, 172.670856859696, 164.624579828719, 154.62716363868, 4.69854518665972, 28.9778049689257, 23.8035405216692, 25.0374124876847, 23.8882468202084
-0.02128601074219, -0.12462186813354, -0.00813674926758, 0.6800429224968, 2.72745537757874, 3.74781799316406, -1.94691944122314, 0.92851859331131, -2.3061671257019, 1.06356132030487, 0.80073231458664, 2.49785256385803, -2.16697812080383, 1.27485048770905, -1.93671095371246, -0.83734887838364, 0.00331213651225, 0.42000666260719, -2.39589667320251, 0.89360654354095, -0.02848982810974, 0.39414390921593, 1.30133926868439, -2.68597292900085, -1.9855842590332, 0.93918108940125, -2.28441667556763, 0.54003190994263, 2.29572248458862, -1.86768329143524, -2.52228450775146, 0.84457302093506, 0.00340868905187, -2.48649859428406, 0.81858599185944, 0.10937874019146, -2.46526026725769, 0.80739390850067, 0.12622174620628, -2.43532252311707, 0.79567086696625, 0.11780817806721, -2.41122531890869, 0.79509860277176, 0.09513371437788, -1.87524092197418, 0.98742723464966, -2.35436201095581, -1.93483603000641, 1.08026564121246, -2.38622188568115, -1.95365118980408, 1.10138785839081, -2.37848472595215, -1.96910047531128, 1.10662484169006, -2.34952998161316, -1.97910058498383, 1.09363865852356, -2.32078123092651, -2.4670946598053, 0.85836523771286, -0.00864551216364, -2.47152733802795, 0.83897376060486, 0.07041312754154, -2.45057106018066, 0.83065724372864, 0.0818744674325, -2.42519164085388, 0.82298570871353, 0.07612603157759, -2.40525770187378, 0.81867927312851, 0.0607116445899, -1.92079782485962, 0.97324413061142, -2.32112240791321, -1.94028699398041, 1.04020690917969, -2.36333751678467, -1.95799660682678, 1.0555784702301, -2.35386252403259, -1.97265219688416, 1.05927109718323, -2.33133292198181, -1.9805634021759, 1.05359935760498, -2.30769467353821, 30.9629448096766, 171.270422193033, 172.633550366449, 164.630508432919, 154.669141981319, 4.69854518665972, 28.9778049689257, 23.8035405216692, 25.0374124876847, 23.8882468202084
-0.02465057373047, -0.02234172821045, -0.10153770446777, 0.55702888965607, 2.08224606513977, 3.01475882530212, -1.95088267326355, 0.93170577287674, -2.3087944984436, 1.03576564788818, 0.92794507741928, 2.59642505645752, -2.16880464553833, 1.2739896774292, -1.93642330169678, -0.83640539646149, 0.00732414750382, 0.42571970820427, -2.39589667320251, 0.89360654354095, -0.02848982810974, 0.39414390921593, 1.30133926868439, -2.68597292900085, -1.98859202861786, 0.94065326452255, -2.28618907928467, 0.49789708852768, 2.31800985336304, -1.88901734352112, -2.52228450775146, 0.84457302093506, 0.00340868905187, -2.48649859428406, 0.81858599185944, 0.10937874019146, -2.46526026725769, 0.80739390850067, 0.12622174620628, -2.43532252311707, 0.79567086696625, 0.11780817806721, -2.41122531890869, 0.79509860277176, 0.09513371437788, -1.8828272819519, 0.99465787410736, -2.35894203186035, -1.94741952419281, 1.08522355556488, -2.38742542266846, -1.96686673164368, 1.10539078712463, -2.37875866889954, -1.98155999183655, 1.10954368114471, -2.34924030303955, -1.99002802371979, 1.09573483467102, -2.32038307189941, -2.4670946598053, 0.85836523771286, -0.00864551216364, -2.47152733802795, 0.83897376060486, 0.07041312754154, -2.45057106018066, 0.83065724372864, 0.0818744674325, -2.42519164085388, 0.82298570871353, 0.07612603157759, -2.40525770187378, 0.81867927312851, 0.0607116445899, -1.926598072052, 0.97803086042404, -2.32445859909058, -1.95036470890045, 1.04465138912201, -2.36498999595642, -1.96840083599091, 1.05909860134125, -2.35471034049988, -1.98244750499725, 1.06183254718781, -2.33166217803955, -1.98931670188904, 1.05549263954163, -2.30786871910095, 31.030133380542, 171.247459097044, 172.592541910672, 164.634046470909, 154.709795267258, 4.69854518665972, 28.9778049689257, 23.8035405216692, 25.0374124876847, 23.8882468202084
-0.11933898925781, -0.06916666030884, -0.01462554931641, 1.38945043087006, 3.00167489051819, 3.81412029266357, -1.95442616939545, 0.93504583835602, -2.31179404258728, 1.00780487060547, 1.0206184387207, 2.66651463508606, -2.17055368423462, 1.27318215370178, -1.93614792823792, -0.8369859457016, 0.0094955926761, 0.43180105090141, -2.39589667320251, 0.89360654354095, -0.02848982810974, 0.39414390921593, 1.30133926868439, -2.68597292900085, -1.99470841884613, 0.94200098514557, -2.28700876235962, 0.45446291565895, 2.31043457984924, -1.92097949981689, -2.52228450775146, 0.84457302093506, 0.00340868905187, -2.48649859428406, 0.81858599185944, 0.10937874019146, -2.46526026725769, 0.80739390850067, 0.12622174620628, -2.43532252311707, 0.79567086696625, 0.11780817806721, -2.41122531890869, 0.79509860277176, 0.09513371437788, -1.89237749576569, 1.00195217132568, -2.36001515388489, -1.96172320842743, 1.0893247127533, -2.38726949691772, -1.98211264610291, 1.10839712619781, -2.37829542160034, -1.99678349494934, 1.11154723167419, -2.34864187240601, -2.00432348251343, 1.09708380699158, -2.31984806060791, -2.4670946598053, 0.85836523771286, -0.00864551216364, -2.47152733802795, 0.83897376060486, 0.07041312754154, -2.45057106018066, 0.83065724372864, 0.0818744674325, -2.42519164085388, 0.82298570871353, 0.07612603157759, -2.40525770187378, 0.81867927312851, 0.0607116445899, -1.93498802185059, 0.98282015323639, -2.32537746429443, -1.96242570877075, 1.04847037792206, -2.36516666412354, -1.98110175132751, 1.06188929080963, -2.35463881492615, -1.99510145187378, 1.06370902061462, -2.33147192001343, -2.0014636516571, 1.05682849884033, -2.30768775939941, 31.088528082851, 171.221900529169, 172.547886133879, 164.621219375647, 154.752046817464, 4.69854518665972, 28.9778049689257, 23.8035405216692, 25.0374124876847, 23.8882468202084
-0.10150337219238, -0.00087976455688, -0.08552169799805, 1.04824888706207, 2.36652970314026, 3.14418888092041, -1.96048808097839, 0.93836295604706, -2.31289505958557, 0.96762806177139, 1.07754755020142, 2.72621297836304, -2.17222476005554, 1.2724928855896, -1.93587851524353, -0.83881884813309, 0.01125330943614, 0.43817740678787, -2.39589667320251, 0.89360654354095, -0.02848982810974, 0.39414390921593, 1.30133926868439, -2.68597292900085, -1.99971079826355, 0.94365888834, -2.28836393356323, 0.41539773344994, 2.30917096138, -1.94818556308746, -2.52228450775146, 0.84457302093506, 0.00340868905187, -2.48649859428406, 0.81858599185944, 0.10937874019146, -2.46526026725769, 0.80739390850067, 0.12622174620628, -2.43532252311707, 0.79567086696625, 0.11780817806721, -2.41122531890869, 0.79509860277176, 0.09513371437788, -1.90097272396088, 1.00877606868744, -2.36189103126526, -1.97449576854706, 1.09311270713806, -2.38772344589233, -1.99563646316528, 1.11116623878479, -2.37838745117188, -2.01012659072876, 1.11341285705566, -2.34856367111206, -2.01670241355896, 1.09839594364166, -2.31981658935547, -2.4670946598053, 0.85836523771286, -0.00864551216364, -2.47152733802795, 0.83897376060486, 0.07041312754154, -2.45057106018066, 0.83065724372864, 0.0818744674325, -2.42519164085388, 0.82298570871353, 0.07612603157759, -2.40525770187378, 0.81867927312851, 0.0607116445899, -1.94230818748474, 0.987453520298, -2.32698845863342, -1.97311186790466, 1.0520966053009, -2.36595439910889, -1.99226796627045, 1.06456863880157, -2.35512924194336, -2.00609469413757, 1.06556761264801, -2.33180904388428, -2.01189064979553, 1.05821847915649, -2.30802011489868, 31.148428841872, 171.197175244374, 172.499719639852, 164.604212204614, 154.793492405348, 4.69854518665972, 28.9778049689257, 23.8035405216692, 25.0374124876847, 23.8882468202084
-0.24798202514648, -0.03452968597412, -0.07269859313965, 0.61058837175369, 0.50957435369492, 3.68603229522705, -1.96563112735748, 0.94178521633148, -2.31462073326111, 0.93068140745163, 1.12650191783905, 2.77387166023254, -2.17384552955627, 1.27172899246216, -1.93542456626892, -0.83964943885803, 0.01233998406678, 0.44230589270592, -2.39589667320251, 0.89360654354095, -0.02848982810974, 0.39414390921593, 1.30133926868439, -2.68597292900085, -2.00398445129395, 0.94548034667969, -2.29006552696228, 0.37857881188393, 2.31154894828796, -1.97308301925659, -2.52228450775146, 0.84457302093506, 0.00340868905187, -2.48649859428406, 0.81858599185944, 0.10937874019146, -2.46526026725769, 0.80739390850067, 0.12622174620628, -2.43532252311707, 0.79567086696625, 0.11780817806721, -2.41122531890869, 0.79509860277176, 0.09513371437788, -1.90901291370392, 1.0153112411499, -2.3642258644104, -1.98637199401855, 1.09662461280823, -2.38850212097168, -2.00814747810364, 1.1136873960495, -2.37877082824707, -2.02235627174377, 1.11508667469025, -2.34876012802124, -2.02793598175049, 1.09958481788635, -2.32006001472473, -2.4670946598053, 0.85836523771286, -0.00864551216364, -2.47152733802795, 0.83897376060486, 0.07041312754154, -2.45057106018066, 0.83065724372864, 0.0818744674325, -2.42519164085388, 0.82298570871353, 0.07612603157759, -2.40525770187378, 0.81867927312851, 0.0607116445899, -1.94897449016571, 0.99197846651077, -2.32901048660278, -1.98297667503357, 1.05554091930389, -2.36708426475525, -2.00251388549805, 1.0671010017395, -2.35593223571777, -2.01608562469482, 1.0673314332962, -2.33244276046753, -2.02127313613892, 1.0595611333847, -2.3086473941803, 31.2097707708079, 171.173214940765, 172.448233673888, 164.583188882349, 154.834132030909, 4.69854518665972, 28.9778049689257, 23.8035405216692, 25.0374124876847, 23.8882468202084
-0.19021797180176, 0.01166439056396, -0.10356330871582, 0.58120179176331, 0.73437148332596, 3.27516031265259, -1.97017800807953, 0.94526320695877, -2.31673812866211, 0.89496731758118, 1.17041206359863, 2.81418442726135, -2.17541193962097, 1.27120733261108, -1.93522667884827, -0.84255105257034, 0.01035236939788, 0.44684457778931, -2.39589667320251, 0.89360654354095, -0.02848982810974, 0.39414390921593, 1.30133926868439, -2.68597292900085, -2.01168394088745, 0.9448863863945, -2.28985595703125, 0.32782283425331, 2.30183434486389, -1.98777437210083, -2.52228450775146, 0.84457302093506, 0.00340868905187, -2.48649859428406, 0.81858599185944, 0.10937874019146, -2.46526026725769, 0.80739390850067, 0.12622174620628, -2.43532252311707, 0.79567086696625, 0.11780817806721, -2.41122531890869, 0.79509860277176, 0.09513371437788, -1.91979169845581, 1.02084124088287, -2.36184453964233, -2.0007803440094, 1.09900319576263, -2.3845853805542, -2.02337193489075, 1.11479043960571, -2.37456488609314, -2.03775262832642, 1.11480402946472, -2.34460353851318, -2.04271554946899, 1.09837532043457, -2.31630873680115, -2.4670946598053, 0.85836523771286, -0.00864551216364, -2.47152733802795, 0.83897376060486, 0.07041312754154, -2.45057106018066, 0.83065724372864, 0.0818744674325, -2.42519164085388, 0.82298570871353, 0.07612603157759, -2.40525770187378, 0.81867927312851, 0.0607116445899, -1.95875763893127, 0.99482727050781, -2.32740068435669, -1.99554884433746, 1.05762243270874, -2.36413097381592, -2.01565194129944, 1.06798505783081, -2.3528094291687, -2.02931523323059, 1.06701755523682, -2.32939171791077, -2.03422927856445, 1.0584454536438, -2.30581474304199, 31.2569571326889, 171.143285051822, 172.396351556953, 164.561031748681, 154.847273314872, 4.69854518665972, 28.9778049689257, 23.8035405216692, 25.0374124876847, 23.8882468202084
-0.14800643920898, 0.03763246536255, -0.12558746337891, 0.56519913673401, 0.8643616437912, 3.07277870178223, -1.97779619693756, 0.94689041376114, -2.31635069847107, 0.86022591590881, 1.21334338188171, 2.87600016593933, -2.17687773704529, 1.27081251144409, -1.93503665924072, -0.84415113925934, 0.00972910225391, 0.4512697160244, -2.39589667320251, 0.89360654354095, -0.02848982810974, 0.39414390921593, 1.30133926868439, -2.68597292900085, -2.01806664466858, 0.94505369663239, -2.29035997390747, 0.28121730685234, 2.29732823371887, -2.00354647636414, -2.52228450775146, 0.84457302093506, 0.00340868905187, -2.48649859428406, 0.81858599185944, 0.10937874019146, -2.46526026725769, 0.80739390850067, 0.12622174620628, -2.43532252311707, 0.79567086696625, 0.11780817806721, -2.41122531890869, 0.79509860277176, 0.09513371437788, -1.9297149181366, 1.02645683288574, -2.36080980300903, -2.01413655281067, 1.10134935379028, -2.38201570510864, -2.03740549087524, 1.11590778827667, -2.3716893196106, -2.05175256729126, 1.11468434333801, -2.34173679351807, -2.0559561252594, 1.09749293327332, -2.31377410888672, -2.4670946598053, 0.85836523771286, -0.00864551216364, -2.47152733802795, 0.83897376060486, 0.07041312754154, -2.45057106018066, 0.83065724372864, 0.0818744674325, -2.42519164085388, 0.82298570871353, 0.07612603157759, -2.40525770187378, 0.81867927312851, 0.0607116445899, -1.96745419502258, 0.99804759025574, -2.32689642906189, -2.00704431533813, 1.05984747409821, -2.36238384246826, -2.027583360672, 1.06907343864441, -2.35086345672607, -2.0411741733551, 1.06703186035156, -2.32747268676758, -2.04568386077881, 1.05778312683105, -2.30407094955444, 31.3035936643418, 171.113259540231, 172.308788531793, 164.53544586005, 154.85642576836, 4.69854518665972, 28.9778049689257, 23.8035405216692, 25.0374124876847, 23.8882468202084
-0.34579467773438, -0.11062288284302, -0.09774398803711, 1.71724152565002, -0.3332667350769, 3.37516736984253, -1.98432016372681, 0.94909709692001, -2.31680226325989, 0.82455003261566, 1.25119924545288, 2.92641615867615, -2.17831611633301, 1.27061820030212, -1.93490672111511, -0.84484684467316, 0.01055778935552, 0.45548841357231, -2.39589667320251, 0.89360654354095, -0.02848982810974, 0.39414390921593, 1.30133926868439, -2.68597292900085, -2.02412819862366, 0.94209486246109, -2.28810405731201, 0.26567277312279, 2.30529856681824, -2.02282500267029, -2.52228450775146, 0.84457302093506, 0.00340868905187, -2.48649859428406, 0.81858599185944, 0.10937874019146, -2.46526026725769, 0.80739390850067, 0.12622174620628, -2.43532252311707, 0.79567086696625, 0.11780817806721, -2.41122531890869, 0.79509860277176, 0.09513371437788, -1.93868708610535, 1.0253347158432, -2.35998320579529, -2.02515196800232, 1.09810781478882, -2.38031816482544, -2.04862570762634, 1.11214220523834, -2.36973333358765, -2.06254458427429, 1.11068391799927, -2.33959007263184, -2.06596708297729, 1.0934978723526, -2.3115177154541, -2.4670946598053, 0.85836523771286, -0.00864551216364, -2.47152733802795, 0.83897376060486, 0.07041312754154, -2.45057106018066, 0.83065724372864, 0.0818744674325, -2.42519164085388, 0.82298570871353, 0.07612603157759, -2.40525770187378, 0.81867927312851, 0.0607116445899, -1.97528553009033, 0.99615287780762, -2.32548069953918, -2.01680898666382, 1.05685877799988, -2.36064529418945, -2.03741049766541, 1.06563198566437, -2.34888482093811, -2.05063986778259, 1.06335008144379, -2.32530999183655, -2.05461859703064, 1.0540806055069, -2.3018205165863, 31.3485807053101, 171.084613726852, 172.153907162174, 164.499300498963, 154.839049767112, 4.69854518665972, 28.9778049689257, 23.8035405216692, 25.0374124876847, 23.8882468202084
-0.26531982421875, -0.04683351516724, -0.12191390991211, 1.42632901668549, 0.01610589958727, 3.22447347640991, -1.99083876609802, 0.94684940576553, -2.31500315666199, 0.80067855119705, 1.26864421367645, 2.9322943687439, -2.17976427078247, 1.27055013179779, -1.93479776382446, -0.84478056430817, 0.01334195304662, 0.45831313729286, -2.39589667320251, 0.89360654354095, -0.02848982810974, 0.39414390921593, 1.30133926868439, -2.68597292900085, -2.02958035469055, 0.94031077623367, -2.28688859939575, 0.24649567902088, 2.3130509853363, -2.04197597503662, -2.52228450775146, 0.84457302093506, 0.00340868905187, -2.48649859428406, 0.81858599185944, 0.10937874019146, -2.46526026725769, 0.80739390850067, 0.12622174620628, -2.43532252311707, 0.79567086696625, 0.11780817806721, -2.41122531890869, 0.79509860277176, 0.09513371437788, -1.94729995727539, 1.0257283449173, -2.35989189147949, -2.03592300415039, 1.09615230560303, -2.37918019294739, -2.05962729454041, 1.10956645011902, -2.36830878257751, -2.07312178611755, 1.10776686668396, -2.33799147605896, -2.07573127746582, 1.09052264690399, -2.30986738204956, -2.4670946598053, 0.85836523771286, -0.00864551216364, -2.47152733802795, 0.83897376060486, 0.07041312754154, -2.45057106018066, 0.83065724372864, 0.0818744674325, -2.42519164085388, 0.82298570871353, 0.07612603157759, -2.40525770187378, 0.81867927312851, 0.0607116445899, -1.98267030715942, 0.99561494588852, -2.32491207122803, -2.02623653411865, 1.05515909194946, -2.35958814620972, -2.04691481590271, 1.06339168548584, -2.34757447242737, -2.05978083610535, 1.0607807636261, -2.32383298873901, -2.0632152557373, 1.05143117904663, -2.30028939247131, 31.3928983877397, 171.056063536121, 171.980051527041, 164.4157126439, 154.814980180477, 4.69854518665972, 28.9778049689257, 23.8035405216692, 25.0374124876847, 23.8882468202084
-0.3548412322998, -0.26643991470337, 0.20355606079102, -0.24829207360744, 0.94783759117126, 1.72419488430023, -1.99677085876465, 0.94592463970184, -2.31420826911926, 0.77492809295654, 1.28820323944092, 2.94210600852966, -2.18119096755981, 1.27059459686279, -1.93490362167358, -0.84398680925369, 0.01656722091138, 0.46015891432762, -2.39589667320251, 0.89360654354095, -0.02848982810974, 0.39414390921593, 1.30133926868439, -2.68597292900085, -2.03146815299988, 0.93980211019516, -2.28400015830994, 0.23686821758747, 2.32324934005737, -2.05652952194214, -2.52228450775146, 0.84457302093506, 0.00340868905187, -2.48649859428406, 0.81858599185944, 0.10937874019146, -2.46526026725769, 0.80739390850067, 0.12622174620628, -2.43532252311707, 0.79567086696625, 0.11780817806721, -2.41122531890869, 0.79509860277176, 0.09513371437788, -1.95162892341614, 1.02628898620605, -2.35844087600708, -2.04167008399963, 1.0951521396637, -2.37677311897278, -2.0654444694519, 1.10821270942688, -2.36562752723694, -2.07849192619324, 1.10630810260773, -2.33512163162231, -2.08042907714844, 1.08913373947144, -2.30690050125122, -2.4670946598053, 0.85836523771286, -0.00864551216364, -2.47152733802795, 0.83897376060486, 0.07041312754154, -2.45057106018066, 0.83065724372864, 0.0818744674325, -2.42519164085388, 0.82298570871353, 0.07612603157759, -2.40525770187378, 0.81867927312851, 0.0607116445899, -1.98601102828979, 0.99572908878326, -2.32286787033081, -2.03103423118591, 1.05440318584442, -2.35716390609741, -2.05168128013611, 1.06233775615692, -2.34489846229553, -2.06417655944824, 1.05960655212402, -2.32097339630127, -2.06713271141052, 1.05029392242432, -2.29735040664673, 31.4316631263741, 171.007678476041, 171.893745256688, 164.357341847253, 154.802016481432, 4.69854518665972, 28.9778049689257, 23.8035405216692, 25.0374124876847, 23.8882468202084
-0.29623603820801, -0.17993545532227, 0.11473846435547, -0.05741240829229, 0.90847212076187, 1.92097091674805, -1.99913263320923, 0.94585365056992, -2.31178784370422, 0.75785112380981, 1.3027069568634, 2.94329166412354, -2.18243622779846, 1.27078104019165, -1.93521070480347, -0.84175527095795, 0.02096370980144, 0.45974561572075, -2.39589667320251, 0.89360654354095, -0.02848982810974, 0.39414390921593, 1.30133926868439, -2.68597292900085, -2.0335853099823, 0.93947672843933, -2.28200387954712, 0.22374834120274, 2.3335554599762, -2.072505235672, -2.52228450775146, 0.84457302093506, 0.00340868905187, -2.48649859428406, 0.81858599185944, 0.10937874019146, -2.46526026725769, 0.80739390850067, 0.12622174620628, -2.43532252311707, 0.79567086696625, 0.11780817806721, -2.41122531890869, 0.79509860277176, 0.09513371437788, -1.95655691623688, 1.02737808227539, -2.35773801803589, -2.04821968078613, 1.09436357021332, -2.3749577999115, -2.07209587097168, 1.10696816444397, -2.36350917816162, -2.08467578887939, 1.1048743724823, -2.33281993865967, -2.08587217330933, 1.08773279190063, -2.30453777313232, -2.4670946598053, 0.85836523771286, -0.00864551216364, -2.47152733802795, 0.83897376060486, 0.07041312754154, -2.45057106018066, 0.83065724372864, 0.0818744674325, -2.42519164085388, 0.82298570871353, 0.07612603157759, -2.40525770187378, 0.81867927312851, 0.0607116445899, -1.98981487751007, 0.99621617794037, -2.32162284851074, -2.03648948669434, 1.0538854598999, -2.35541200637817, -2.05711984634399, 1.06143093109131, -2.34287619590759, -2.06922292709351, 1.05850601196289, -2.31877303123474, -2.07166075706482, 1.04919278621674, -2.29509115219116, 31.4691198837824, 170.956520359158, 171.792357928649, 164.272674822302, 154.7853234991, 4.69854518665972, 28.9778049689257, 23.8035405216692, 25.0374124876847, 23.8882468202084
-0.08478355407715, -0.07335519790649, 0.24983596801758, -0.27495524287224, 0.98432010412216, 1.19889974594116, -2.00176906585693, 0.9461128115654, -2.31025362014771, 0.73772299289703, 1.31942880153656, 2.94736289978027, -2.18356370925903, 1.27096164226532, -1.93551898002625, -0.83892345428467, 0.02495990879834, 0.45913085341454, -2.39589667320251, 0.89360654354095, -0.02848982810974, 0.39414390921593, 1.30133926868439, -2.68597292900085, -2.03598713874817, 0.93927049636841, -2.28041005134583, 0.20771184563637, 2.34442114830017, -2.09010934829712, -2.52228450775146, 0.84457302093506, 0.00340868905187, -2.48649859428406, 0.81858599185944, 0.10937874019146, -2.46526026725769, 0.80739390850067, 0.12622174620628, -2.43532252311707, 0.79567086696625, 0.11780817806721, -2.41122531890869, 0.79509860277176, 0.09513371437788, -1.96215987205505, 1.02884960174561, -2.35735678672791, -2.05561232566834, 1.09364128112793, -2.37330269813538, -2.07960820198059, 1.1056981086731, -2.36151885986328, -2.09168577194214, 1.10335242748261, -2.330646276474, -2.09206533432007, 1.08622705936432, -2.30233192443848, -2.4670946598053, 0.85836523771286, -0.00864551216364, -2.47152733802795, 0.83897376060486, 0.07041312754154, -2.45057106018066, 0.83065724372864, 0.0818744674325, -2.42519164085388, 0.82298570871353, 0.07612603157759, -2.40525770187378, 0.81867927312851, 0.0607116445899, -1.99414527416229, 0.99696624279022, -2.320725440979, -2.04265022277832, 1.05347692966461, -2.35388803482056, -2.06326675415039, 1.06055378913879, -2.34105944633484, -2.07494425773621, 1.05737912654877, -2.31677865982056, -2.07681632041931, 1.0480443239212, -2.29305362701416, 31.5052789052485, 170.902698468498, 171.669305240562, 164.163637682391, 154.765010516509, 4.69854518665972, 28.9778049689257, 23.8035405216692, 25.0374124876847, 23.8882468202084
-0.08450889587402, -0.06261348724365, 0.17844200134277, -0.16449609398842, 1.00442290306091, 1.45543205738068, -2.00475192070007, 0.94661200046539, -2.30912971496582, 0.7146327495575, 1.33800637722015, 2.95330095291138, -2.1846284866333, 1.2712037563324, -1.93572425842285, -0.83627241849899, 0.02968033403158, 0.45822301506996, -2.39589667320251, 0.89360654354095, -0.02848982810974, 0.39414390921593, 1.30133926868439, -2.68597292900085, -2.03525233268738, 0.93887704610825, -2.2798068523407, 0.20740267634392, 2.34329676628113, -2.10061526298523, -2.52228450775146, 0.84457302093506, 0.00340868905187, -2.48649859428406, 0.81858599185944, 0.10937874019146, -2.46526026725769, 0.80739390850067, 0.12622174620628, -2.43532252311707, 0.79567086696625, 0.11780817806721, -2.41122531890869, 0.79509860277176, 0.09513371437788, -1.9621684551239, 1.02844762802124, -2.3574697971344, -2.05611419677734, 1.09243071079254, -2.3737781047821, -2.08018660545349, 1.10439348220825, -2.36205506324768, -2.09221506118774, 1.10217928886414, -2.33115363121033, -2.09243941307068, 1.08525431156158, -2.3027172088623, -2.4670946598053, 0.85836523771286, -0.00864551216364, -2.47152733802795, 0.83897376060486, 0.07041312754154, -2.45057106018066, 0.83065724372864, 0.0818744674325, -2.42519164085388, 0.82298570871353, 0.07612603157759, -2.40525770187378, 0.81867927312851, 0.0607116445899, -1.99387967586517, 0.99659115076065, -2.32057785987854, -2.04283547401428, 1.05250310897827, -2.35409116744995, -2.06349062919617, 1.05951869487762, -2.3412914276123, -2.07511973381042, 1.05643129348755, -2.31697607040405, -2.0768985748291, 1.04725277423859, -2.29318308830261, 31.5376642471981, 170.798292196845, 171.48580537832, 163.976394876485, 154.724343570191, 4.69854518665972, 28.9778049689257, 23.8035405216692, 25.0374124876847, 23.8882468202084
-0.08993339538574, -0.05610322952271, 0.14479637145996, -0.08826110512018, 1.0541558265686, 1.69140231609344, -2.00410151481628, 0.94624400138855, -2.30861139297485, 0.70577508211136, 1.33455204963684, 2.94640707969666, -2.18565154075623, 1.27139234542847, -1.93593513965607, -0.83446758985519, 0.03545986115932, 0.45646977424622, -2.39589667320251, 0.89360654354095, -0.02848982810974, 0.39414390921593, 1.30133926868439, -2.68597292900085, -2.0348436832428, 0.93845307826996, -2.27932548522949, 0.20467962324619, 2.34332036972046, -2.11166310310364, -2.52228450775146, 0.84457302093506, 0.00340868905187, -2.48649859428406, 0.81858599185944, 0.10937874019146, -2.46526026725769, 0.80739390850067, 0.12622174620628, -2.43532252311707, 0.79567086696625, 0.11780817806721, -2.41122531890869, 0.79509860277176, 0.09513371437788, -1.96278977394104, 1.02825701236725, -2.35767841339111, -2.05737590789795, 1.09124898910522, -2.37414240837097, -2.08153462409973, 1.10305118560791, -2.36243367195129, -2.09347176551819, 1.10090386867523, -2.33149218559265, -2.09347081184387, 1.08414435386658, -2.30295705795288, -2.4670946598053, 0.85836523771286, -0.00864551216364, -2.47152733802795, 0.83897376060486, 0.07041312754154, -2.45057106018066, 0.83065724372864, 0.0818744674325, -2.42519164085388, 0.82298570871353, 0.07612603157759, -2.40525770187378, 0.81867927312851, 0.0607116445899, -1.99411356449127, 0.99631750583649, -2.32052803039551, -2.04367399215698, 1.05156517028809, -2.35425353050232, -2.06436610221863, 1.0584591627121, -2.34144735336304, -2.07591032981873, 1.05540406703949, -2.31708741188049, -2.07754802703857, 1.04634845256805, -2.29323744773865, 31.5685503626249, 170.637495883405, 171.294532760803, 163.785122258968, 154.657544320108, 4.69854518665972, 28.9778049689257, 23.8035405216692, 25.0374124876847, 23.8882468202084
0.08529853820801, -0.05196189880371, 0.07803726196289, -0.51398622989655, 0.07504791021347, 0.53282004594803, -2.00382947921753, 0.94594657421112, -2.30824446678162, 0.69517225027084, 1.33392250537872, 2.94188714027405, -2.18648481369019, 1.27143728733063, -1.93614840507507, -0.83347934484482, 0.04371053352952, 0.45168656110764, -2.39589667320251, 0.89360654354095, -0.02848982810974, 0.39414390921593, 1.30133926868439, -2.68597292900085, -2.03461313247681, 0.93838822841644, -2.27944040298462, 0.20597568154335, 2.34168314933777, -2.11270213127136, -2.52228450775146, 0.84457302093506, 0.00340868905187, -2.48649859428406, 0.81858599185944, 0.10937874019146, -2.46526026725769, 0.80739390850067, 0.12622174620628, -2.43532252311707, 0.79567086696625, 0.11780817806721, -2.41122531890869, 0.79509860277176, 0.09513371437788, -1.96242773532867, 1.02804839611053, -2.35783696174622, -2.05697655677795, 1.09103393554688, -2.37453866004944, -2.08114910125732, 1.10286068916321, -2.36288356781006, -2.09313082695007, 1.10076642036438, -2.331955909729, -2.09317445755005, 1.08405351638794, -2.30339336395264, -2.4670946598053, 0.85836523771286, -0.00864551216364, -2.47152733802795, 0.83897376060486, 0.07041312754154, -2.45057106018066, 0.83065724372864, 0.0818744674325, -2.42519164085388, 0.82298570871353, 0.07612603157759, -2.40525770187378, 0.81867927312851, 0.0607116445899, -1.99381148815155, 0.9961764216423, -2.32067918777466, -2.04331159591675, 1.05137968063354, -2.35456562042236, -2.06402039527893, 1.05829918384552, -2.34179997444153, -2.07560014724731, 1.0552864074707, -2.31745171546936, -2.07727384567261, 1.04627013206482, -2.2935893535614, 31.5950173456587, 170.195746568645, 171.142697655554, 163.542377335865, 154.569516842085, 4.69854518665972, 28.9778049689257, 23.8035405216692, 25.0374124876847, 23.8882468202084
0.06974601745605, -0.05488014221191, 0.06531715393066, -0.42106315493584, 0.16448311507702, 0.68411254882813, -2.0035560131073, 0.94582772254944, -2.30832743644714, 0.69500023126602, 1.33113062381744, 2.93975353240967, -2.18722438812256, 1.27144062519073, -1.93647265434265, -0.83360415697098, 0.05191936716437, 0.44603806734085, -2.39589667320251, 0.89360654354095, -0.02848982810974, 0.39414390921593, 1.30133926868439, -2.68597292900085, -2.03448247909546, 0.93835604190826, -2.27957010269165, 0.20636872947216, 2.3407621383667, -2.11381196975708, -2.52228450775146, 0.84457302093506, 0.00340868905187, -2.48649859428406, 0.81858599185944, 0.10937874019146, -2.46526026725769, 0.80739390850067, 0.12622174620628, -2.43532252311707, 0.79567086696625, 0.11780817806721, -2.41122531890869, 0.79509860277176, 0.09513371437788, -1.96228528022766, 1.0279678106308, -2.35801100730896, -2.05685234069824, 1.09089088439941, -2.374844789505, -2.08103847503662, 1.10271835327148, -2.36321878433228, -2.09304070472717, 1.10065102577209, -2.3322970867157, -2.0930962562561, 1.08396816253662, -2.30371713638306, -2.4670946598053, 0.85836523771286, -0.00864551216364, -2.47152733802795, 0.83897376060486, 0.07041312754154, -2.45057106018066, 0.83065724372864, 0.0818744674325, -2.42519164085388, 0.82298570871353, 0.07612603157759, -2.40525770187378, 0.81867927312851, 0.0607116445899, -1.99367964267731, 0.99612009525299, -2.32084131240845, -2.04318237304688, 1.05126416683197, -2.35482025146484, -2.06390333175659, 1.05818724632263, -2.34207630157471, -2.07549858093262, 1.05519461631775, -2.3177330493927, -2.07718443870544, 1.04620265960693, -2.29386234283447, 31.6196640832787, 169.774241934585, 170.987584059503, 163.30945422479, 154.459810343636, 4.69854518665972, 28.9778049689257, 23.8035405216692, 25.0374124876847, 23.8882468202084
0.01785278320313, -0.00691795349121, -0.00290107727051, -0.11179825663567, -0.09758756309748, -0.01501660980284, -2.00340867042542, 0.94577980041504, -2.30844354629517, 0.69428861141205, 1.32967865467072, 2.93856883049011, -2.18780088424683, 1.2713623046875, -1.93688416481018, -0.83523565530777, 0.05955273285508, 0.43909546732903, -2.39589667320251, 0.89360654354095, -0.02848982810974, 0.39414390921593, 1.30133926868439, -2.68597292900085, -2.03442811965942, 0.93833422660828, -2.27971315383911, 0.20639507472515, 2.33990597724915, -2.11537480354309, -2.52228450775146, 0.84457302093506, 0.00340868905187, -2.48649859428406, 0.81858599185944, 0.10937874019146, -2.46526026725769, 0.80739390850067, 0.12622174620628, -2.43532252311707, 0.79567086696625, 0.11780817806721, -2.41122531890869, 0.79509860277176, 0.09513371437788, -1.962282538414, 1.02793383598328, -2.35821557044983, -2.05690622329712, 1.09073913097382, -2.3751699924469, -2.08111095428467, 1.10255432128906, -2.36357045173645, -2.09312772750854, 1.10050892829895, -2.33265280723572, -2.09318089485168, 1.08385801315308, -2.30405426025391, -2.4670946598053, 0.85836523771286, -0.00864551216364, -2.47152733802795, 0.83897376060486, 0.07041312754154, -2.45057106018066, 0.83065724372864, 0.0818744674325, -2.42519164085388, 0.82298570871353, 0.07612603157759, -2.40525770187378, 0.81867927312851, 0.0607116445899, -1.99366354942322, 0.99609482288361, -2.32102704048157, -2.04320549964905, 1.05114912986755, -2.35509419441223, -2.06394076347351, 1.05806481838226, -2.34236907958984, -2.07554578781128, 1.05508708953857, -2.31802845001221, -2.07723522186279, 1.04612016677856, -2.29414868354797, 31.6425520471874, 169.38199783093, 170.826910689467, 163.086161680444, 154.33518671204, 4.69854518665972, 28.9778049689257, 23.8035405216692, 25.0374124876847, 23.8882468202084
0.01272010803223, -0.00472927093506, -0.00552749633789, -0.05521635711193, -0.03721345216036, 0.02258672937751, -2.00334668159485, 0.94575822353363, -2.30857801437378, 0.69300627708435, 1.328449010849, 2.9374840259552, -2.18822765350342, 1.27119827270508, -1.93740713596344, -0.83753961324692, 0.06574626266956, 0.43265724182129, -2.39589667320251, 0.89360654354095, -0.02848982810974, 0.39414390921593, 1.30133926868439, -2.68597292900085, -2.03430485725403, 0.93810313940048, -2.27973222732544, 0.20806838572025, 2.33867716789246, -2.11483478546143, -2.52228450775146, 0.84457302093506, 0.00340868905187, -2.48649859428406, 0.81858599185944, 0.10937874019146, -2.46526026725769, 0.80739390850067, 0.12622174620628, -2.43532252311707, 0.79567086696625, 0.11780817806721, -2.41122531890869, 0.79509860277176, 0.09513371437788, -1.96191358566284, 1.02752780914307, -2.3582079410553, -2.05641579627991, 1.09046828746796, -2.37533831596375, -2.08061742782593, 1.10233044624329, -2.36378049850464, -2.09267854690552, 1.10032820701599, -2.33287739753723, -2.09279632568359, 1.08369982242584, -2.30426597595215, -2.4670946598053, 0.85836523771286, -0.00864551216364, -2.47152733802795, 0.83897376060486, 0.07041312754154, -2.45057106018066, 0.83065724372864, 0.0818744674325, -2.42519164085388, 0.82298570871353, 0.07612603157759, -2.40525770187378, 0.81867927312851, 0.0607116445899, -1.99339437484741, 0.99576723575592, -2.32103681564331, -2.04280424118042, 1.0508725643158, -2.3552131652832, -2.06354546546936, 1.05783069133759, -2.34252119064331, -2.07518768310547, 1.05489039421082, -2.3181939125061, -2.07692313194275, 1.04594469070435, -2.29430937767029, 31.6460935002721, 169.187993137745, 170.71604305886, 162.914710271898, 154.251954026814, 4.69854518665972, 28.9778049689257, 23.8035405216692, 25.0374124876847, 23.8882468202084
0.00961303710938, -0.0049524307251, -0.00592231750488, -0.09473642706871, -0.05001833662391, 0.07633496075869, -2.00317311286926, 0.9454557299614, -2.30856108665466, 0.69434130191803, 1.32616245746613, 2.9360032081604, -2.18846750259399, 1.27098798751831, -1.93793535232544, -0.84008997678757, 0.07122395932674, 0.42706680297852, -2.39589667320251, 0.89360654354095, -0.02848982810974, 0.39414390921593, 1.30133926868439, -2.68597292900085, -2.0342435836792, 0.93789482116699, -2.27977609634399, 0.21093687415123, 2.33647012710571, -2.11405253410339, -2.52228450775146, 0.84457302093506, 0.00340868905187, -2.48649859428406, 0.81858599185944, 0.10937874019146, -2.46526026725769, 0.80739390850067, 0.12622174620628, -2.43532252311707, 0.79567086696625, 0.11780817806721, -2.41122531890869, 0.79509860277176, 0.09513371437788, -1.96143448352814, 1.02701807022095, -2.35820817947388, -2.05573201179504, 1.09017872810364, -2.37565302848816, -2.07993006706238, 1.1021203994751, -2.36416959762573, -2.09206962585449, 1.10019397735596, -2.33329248428345, -2.09229826927185, 1.08360719680786, -2.30465745925903, -2.4670946598053, 0.85836523771286, -0.00864551216364, -2.47152733802795, 0.83897376060486, 0.07041312754154, -2.45057106018066, 0.83065724372864, 0.0818744674325, -2.42519164085388, 0.82298570871353, 0.07612603157759, -2.40525770187378, 0.81867927312851, 0.0607116445899, -1.99308562278748, 0.99539297819138, -2.32106614112854, -2.04227113723755, 1.05057692527771, -2.35543870925903, -2.06302404403687, 1.05760717391968, -2.34280610084534, -2.07473158836365, 1.05473220348358, -2.31850242614746, -2.07654690742493, 1.04582548141479, -2.29460906982422, 31.645830537989, 168.92337794892, 170.598823352324, 162.738122561096, 154.15512926514, 4.69854518665972, 28.9778049689257, 23.8035405216692, 25.0374124876847, 23.8882468202084
0.00369071960449, -0.01544094085693, 0.00020599365234, -0.06341826170683, -0.09523172676563, -0.09569077938795, -2.00302481651306, 0.94512504339218, -2.30854153633118, 0.69650810956955, 1.32209873199463, 2.93335962295532, -2.18851375579834, 1.27077281475067, -1.93846249580383, -0.84286725521088, 0.07630440592766, 0.42124393582344, -2.39589667320251, 0.89360654354095, -0.02848982810974, 0.39414390921593, 1.30133926868439, -2.68597292900085, -2.03356027603149, 0.9363426566124, -2.27991509437561, 0.21400512754917, 2.33276605606079, -2.11188721656799, -2.52228450775146, 0.84457302093506, 0.00340868905187, -2.48649859428406, 0.81858599185944, 0.10937874019146, -2.46526026725769, 0.80739390850067, 0.12622174620628, -2.43532252311707, 0.79567086696625, 0.11780817806721, -2.41122531890869, 0.79509860277176, 0.09513371437788, -1.96009802818298, 1.02515029907227, -2.35809564590454, -2.05408906936646, 1.08864688873291, -2.37596988677979, -2.0782904624939, 1.10068440437317, -2.36459422111511, -2.09056544303894, 1.09882128238678, -2.33376669883728, -2.0909743309021, 1.0822526216507, -2.3051233291626, -2.4670946598053, 0.85836523771286, -0.00864551216364, -2.47152733802795, 0.83897376060486, 0.07041312754154, -2.45057106018066, 0.83065724372864, 0.0818744674325, -2.42519164085388, 0.82298570871353, 0.07612603157759, -2.40525770187378, 0.81867927312851, 0.0607116445899, -1.99201965332031, 0.99366414546967, -2.32106733322144, -2.04085803031921, 1.04900801181793, -2.35567665100098, -2.06163763999939, 1.05612218379974, -2.34313440322876, -2.07345652580261, 1.0533047914505, -2.31887793540955, -2.07540392875671, 1.04441928863525, -2.29498720169067, 31.6440683491831, 168.686629931909, 170.488529457607, 162.595603833875, 154.088070467869, 4.69854518665972, 28.9778049689257, 23.8035405216692, 25.0374124876847, 23.8882468202084
-0.00394821166992, -0.01322221755981, -0.00015449523926, -0.10710451751947, -0.17564219236374, -0.19178113341331, -2.00219559669495, 0.94344067573547, -2.30855488777161, 0.69992452859879, 1.31668746471405, 2.93141388893127, -2.18844819068909, 1.27059555053711, -1.93901574611664, -0.84579837322235, 0.0805986598134, 0.41560342907906, -2.39589667320251, 0.89360654354095, -0.02848982810974, 0.39414390921593, 1.30133926868439, -2.68597292900085, -2.03296113014221, 0.93458449840546, -2.2800874710083, 0.21699374914169, 2.32879114151001, -2.10969948768616, -2.52228450775146, 0.84457302093506, 0.00340868905187, -2.48649859428406, 0.81858599185944, 0.10937874019146, -2.46526026725769, 0.80739390850067, 0.12622174620628, -2.43532252311707, 0.79567086696625, 0.11780817806721, -2.41122531890869, 0.79509860277176, 0.09513371437788, -1.95882964134216, 1.0230838060379, -2.357985496521, -2.05250859260559, 1.08691263198853, -2.37630891799927, -2.07671642303467, 1.09904396533966, -2.36504697799683, -2.08913469314575, 1.09724140167236, -2.33427333831787, -2.08973121643066, 1.08068931102753, -2.30562376976013, -2.4670946598053, 0.85836523771286, -0.00864551216364, -2.47152733802795, 0.83897376060486, 0.07041312754154, -2.45057106018066, 0.83065724372864, 0.0818744674325, -2.42519164085388, 0.82298570871353, 0.07612603157759, -2.40525770187378, 0.81867927312851, 0.0607116445899, -1.99102973937988, 0.99173319339752, -2.32108330726624, -2.03951239585876, 1.04723632335663, -2.35593724250793, -2.06032109260559, 1.05443251132965, -2.3434910774231, -2.07225799560547, 1.05167078971863, -2.31928586959839, -2.07434368133545, 1.04280483722687, -2.29539966583252, 31.6390379148594, 168.398054439476, 170.371323411449, 162.441378162416, 154.006695594097, 4.69854518665972, 28.9778049689257, 23.8035405216692, 25.0374124876847, 23.8882468202084
0.03865814208984, -0.10693645477295, -0.01378440856934, -0.04374182224274, -0.29820254445076, -0.26427218317986, -2.00144386291504, 0.94155353307724, -2.30859088897705, 0.70331406593323, 1.31104648113251, 2.92955780029297, -2.18822002410889, 1.27050828933716, -1.93962836265564, -0.84945714473724, 0.08331396430731, 0.41026160120964, -2.39589667320251, 0.89360654354095, -0.02848982810974, 0.39414390921593, 1.30133926868439, -2.68597292900085, -2.03116321563721, 0.93116539716721, -2.27979850769043, 0.22658334672451, 2.32505369186401, -2.10271286964417, -2.52228450775146, 0.84457302093506, 0.00340868905187, -2.48649859428406, 0.81858599185944, 0.10937874019146, -2.46526026725769, 0.80739390850067, 0.12622174620628, -2.43532252311707, 0.79567086696625, 0.11780817806721, -2.41122531890869, 0.79509860277176, 0.09513371437788, -1.9555960893631, 1.01866638660431, -2.35744428634644, -2.04842686653137, 1.08355176448822, -2.37636423110962, -2.07255053520203, 1.09598278999329, -2.36524939537048, -2.08515095710754, 1.09437596797943, -2.33453917503357, -2.08609104156494, 1.07787919044495, -2.30586671829224, -2.4670946598053, 0.85836523771286, -0.00864551216364, -2.47152733802795, 0.83897376060486, 0.07041312754154, -2.45057106018066, 0.83065724372864, 0.0818744674325, -2.42519164085388, 0.82298570871353, 0.07612603157759, -2.40525770187378, 0.81867927312851, 0.0607116445899, -1.98835325241089, 0.98775398731232, -2.32066321372986, -2.03600144386292, 1.0437605381012, -2.35586071014404, -2.0567901134491, 1.05121910572052, -2.34353637695313, -2.06888556480408, 1.04863667488098, -2.31939029693604, -2.07120037078857, 1.03983497619629, -2.29550123214722, 31.6332493295378, 168.167836083311, 170.289538726328, 162.345318381929, 153.943051891411, 4.69854518665972, 28.9778049689257, 23.8035405216692, 25.0374124876847, 23.8882468202084
0.03326797485352, -0.12166500091553, -0.01701164245605, -0.03663120046258, -0.31812670826912, -0.2608115375042, -1.99941742420197, 0.93771982192993, -2.30814647674561, 0.71413815021515, 1.3018205165863, 2.92348599433899, -2.18776559829712, 1.27044081687927, -1.94025313854218, -0.85240995883942, 0.08608087897301, 0.40530848503113, -2.39589667320251, 0.89360654354095, -0.02848982810974, 0.39414390921593, 1.30133926868439, -2.68597292900085, -2.02985787391663, 0.92833507061005, -2.27959060668945, 0.236552760005, 2.32147645950317, -2.09536910057068, -2.52228450775146, 0.84457302093506, 0.00340868905187, -2.48649859428406, 0.81858599185944, 0.10937874019146, -2.46526026725769, 0.80739390850067, 0.12622174620628, -2.43532252311707, 0.79567086696625, 0.11780817806721, -2.41122531890869, 0.79509860277176, 0.09513371437788, -1.9528249502182, 1.01478433609009, -2.35697364807129, -2.04475855827332, 1.08076274394989, -2.37648391723633, -2.06878757476807, 1.09350419044495, -2.3655161857605, -2.08156752586365, 1.09210062026978, -2.33487010002136, -2.08285903930664, 1.07566320896149, -2.30617737770081, -2.4670946598053, 0.85836523771286, -0.00864551216364, -2.47152733802795, 0.83897376060486, 0.07041312754154, -2.45057106018066, 0.83065724372864, 0.0818744674325, -2.42519164085388, 0.82298570871353, 0.07612603157759, -2.40525770187378, 0.81867927312851, 0.0607116445899, -1.98614847660065, 0.98433244228363, -2.32031726837158, -2.03292608261108, 1.04085671901703, -2.35585331916809, -2.05368709564209, 1.04858756065369, -2.34365034103394, -2.0659396648407, 1.04619169235229, -2.31956434249878, -2.06848692893982, 1.03745770454407, -2.29567408561707, 31.6253570459519, 167.926703084853, 170.208286795961, 162.245433695507, 153.877823584838, 4.69854518665972, 28.9778049689257, 23.8035405216692, 25.0374124876847, 23.8882468202084
0.08380508422852, -0.23006916046143, 0.01982688903809, -0.11713905632496, -0.3845502436161, -0.84174233675003, -1.99788618087769, 0.93445682525635, -2.30778074264526, 0.72541707754135, 1.29232859611511, 2.9170708656311, -2.18724274635315, 1.27030849456787, -1.94099533557892, -0.85443431138992, 0.09012243896723, 0.40002349019051, -2.39589667320251, 0.89360654354095, -0.02848982810974, 0.39414390921593, 1.30133926868439, -2.68597292900085, -2.02900719642639, 0.92616218328476, -2.27945566177368, 0.24584430456161, 2.31841683387756, -2.08844947814941, -2.52228450775146, 0.84457302093506, 0.00340868905187, -2.48649859428406, 0.81858599185944, 0.10937874019146, -2.46526026725769, 0.80739390850067, 0.12622174620628, -2.43532252311707, 0.79567086696625, 0.11780817806721, -2.41122531890869, 0.79509860277176, 0.09513371437788, -1.95063197612762, 1.01161849498749, -2.3565936088562, -2.04171586036682, 1.07861042022705, -2.37662863731384, -2.06564950942993, 1.09164011478424, -2.36579203605652, -2.07858872413635, 1.09042596817017, -2.33520483970642, -2.08020210266113, 1.07404541969299, -2.30649566650391, -2.4670946598053, 0.85836523771286, -0.00864551216364, -2.47152733802795, 0.83897376060486, 0.07041312754154, -2.45057106018066, 0.83065724372864, 0.0818744674325, -2.42519164085388, 0.82298570871353, 0.07612603157759, -2.40525770187378, 0.81867927312851, 0.0607116445899, -1.98447215557098, 0.98160022497177, -2.32005286216736, -2.03043580055237, 1.03860199451447, -2.35588717460632, -2.05116438865662, 1.04658603668213, -2.34379315376282, -2.06355667114258, 1.04436421394348, -2.31976199150085, -2.06631541252136, 1.03569400310516, -2.29587197303772, 31.6148624602922, 167.648810008282, 170.118497129132, 162.127476328541, 153.810259353568, 4.69854518665972, 28.9778049689257, 23.8035405216692, 25.0374124876847, 23.8882468202084
0.04619407653809, -0.18625688552856, 0.01368141174316, -0.11494126915932, -0.37912195920944, -0.8761026263237, -1.99683547019959, 0.93187940120697, -2.30750298500061, 0.73595190048218, 1.28355884552002, 2.91099166870117, -2.18635749816895, 1.27023649215698, -1.94195115566254, -0.85654819011688, 0.09431703388691, 0.39378130435944, -2.39589667320251, 0.89360654354095, -0.02848982810974, 0.39414390921593, 1.30133926868439, -2.68597292900085, -2.02837514877319, 0.92594975233078, -2.28031373023987, 0.26427841186523, 2.30830240249634, -2.07357549667358, -2.52228450775146, 0.84457302093506, 0.00340868905187, -2.48649859428406, 0.81858599185944, 0.10937874019146, -2.46526026725769, 0.80739390850067, 0.12622174620628, -2.43532252311707, 0.79567086696625, 0.11780817806721, -2.41122531890869, 0.79509860277176, 0.09513371437788, -1.9469678401947, 1.00940072536469, -2.35650086402893, -2.03617835044861, 1.07845592498779, -2.37791275978088, -2.05994939804077, 1.0920615196228, -2.367431640625, -2.07333564758301, 1.09121096134186, -2.33702492713928, -2.07572793960571, 1.0749306678772, -2.30831336975098, -2.4670946598053, 0.85836523771286, -0.00864551216364, -2.47152733802795, 0.83897376060486, 0.07041312754154, -2.45057106018066, 0.83065724372864, 0.0818744674325, -2.42519164085388, 0.82298570871353, 0.07612603157759, -2.40525770187378, 0.81867927312851, 0.0607116445899, -1.98200154304504, 0.98025298118591, -2.32038283348084, -2.02612257003784, 1.03823757171631, -2.35694861412048, -2.04682493209839, 1.04672682285309, -2.34515714645386, -2.05959725379944, 1.04484283924103, -2.32129669189453, -2.06288766860962, 1.03628766536713, -2.29743266105652, 31.6006181007781, 167.496660714331, 170.05539984158, 162.061851870995, 153.746274141423, 4.69854518665972, 28.9778049689257, 23.8035405216692, 25.0374124876847, 23.8882468202084
0.01639366149902, -0.13938903808594, 0.00820541381836, -0.10143826156855, -0.3396869301796, -0.82021510601044, -1.99569380283356, 0.93085914850235, -2.30792140960693, 0.75769019126892, 1.26170492172241, 2.89923596382141, -2.18531775474548, 1.27023911476135, -1.94290566444397, -0.85867697000504, 0.09687501937151, 0.38697120547295, -2.39589667320251, 0.89360654354095, -0.02848982810974, 0.39414390921593, 1.30133926868439, -2.68597292900085, -2.02794694900513, 0.92584264278412, -2.28104543685913, 0.28149336576462, 2.29928541183472, -2.05976629257202, -2.52228450775146, 0.84457302093506, 0.00340868905187, -2.48649859428406, 0.81858599185944, 0.10937874019146, -2.46526026725769, 0.80739390850067, 0.12622174620628, -2.43532252311707, 0.79567086696625, 0.11780817806721, -2.41122531890869, 0.79509860277176, 0.09513371437788, -1.94378542900085, 1.00737392902374, -2.35631275177002, -2.03119707107544, 1.0783087015152, -2.37896418571472, -2.05479836463928, 1.09244513511658, -2.368807554245, -2.06858563423157, 1.09193885326386, -2.33857274055481, -2.07169580459595, 1.07576513290405, -2.30986976623535, -2.4670946598053, 0.85836523771286, -0.00864551216364, -2.47152733802795, 0.83897376060486, 0.07041312754154, -2.45057106018066, 0.83065724372864, 0.0818744674325, -2.42519164085388, 0.82298570871353, 0.07612603157759, -2.40525770187378, 0.81867927312851, 0.0607116445899, -1.97989988327026, 0.97905659675598, -2.32060098648071, -2.02228379249573, 1.03791916370392, -2.35781335830688, -2.04294538497925, 1.04687607288361, -2.34629964828491, -2.05605792999268, 1.04531180858612, -2.3226010799408, -2.05983662605286, 1.03687226772308, -2.29876828193665, 31.5837611939065, 167.326848551186, 169.99417402586, 161.994929677507, 153.680827268796, 4.69854518665972, 28.9778049689257, 23.8035405216692, 25.0374124876847, 23.8882468202084
-0.03894996643066, 0.02277088165283, -0.07769393920898, -0.13407443463802, -0.99887406826019, -1.67950713634491, -1.99481821060181, 0.92999345064163, -2.30824136734009, 0.77777034044266, 1.24089062213898, 2.88760876655579, -2.18407893180847, 1.27038323879242, -1.94381082057953, -0.86073559522629, 0.09703734517097, 0.38110131025314, -2.39589667320251, 0.89360654354095, -0.02848982810974, 0.39414390921593, 1.30133926868439, -2.68597292900085, -2.0258162021637, 0.9255422949791, -2.28170013427734, 0.30747899413109, 2.2856719493866, -2.03365325927734, -2.52228450775146, 0.84457302093506, 0.00340868905187, -2.48649859428406, 0.81858599185944, 0.10937874019146, -2.46526026725769, 0.80739390850067, 0.12622174620628, -2.43532252311707, 0.79567086696625, 0.11780817806721, -2.41122531890869, 0.79509860277176, 0.09513371437788, -1.93719720840454, 1.00408005714417, -2.35500884056091, -2.0214991569519, 1.07814502716064, -2.37936449050903, -2.04478669166565, 1.09311008453369, -2.36968159675598, -2.05922150611877, 1.09306418895721, -2.33974647521973, -2.06351971626282, 1.07697820663452, -2.31114745140076, -2.4670946598053, 0.85836523771286, -0.00864551216364, -2.47152733802795, 0.83897376060486, 0.07041312754154, -2.45057106018066, 0.83065724372864, 0.0818744674325, -2.42519164085388, 0.82298570871353, 0.07612603157759, -2.40525770187378, 0.81867927312851, 0.0607116445899, -1.97505688667297, 0.97703886032104, -2.32012510299683, -2.01449584960938, 1.03743493556976, -2.35810971260071, -2.03506135940552, 1.04711639881134, -2.34701800346375, -2.04872155189514, 1.04599678516388, -2.32360529899597, -2.05330634117126, 1.03767001628876, -2.2998743057251, 31.5859161185897, 167.112708460328, 169.931431908144, 161.935711937403, 153.62186907588, 4.69854518665972, 28.9778049689257, 23.8035405216692, 25.0374124876847, 23.8882468202084
-0.04698371887207, 0.02959012985229, -0.06873321533203, -0.1177234724164, -0.91694068908691, -1.56141042709351, -1.99198997020721, 0.92852997779846, -2.308180809021, 0.8121931552887, 1.20877385139465, 2.872309923172, -2.18275785446167, 1.27058529853821, -1.94471335411072, -0.86214697360992, 0.09651127457619, 0.37641429901123, -2.39589667320251, 0.89360654354095, -0.02848982810974, 0.39414390921593, 1.30133926868439, -2.68597292900085, -2.02373576164246, 0.9250077009201, -2.28223848342896, 0.33013406395912, 2.27455401420593, -2.0112464427948, -2.52228450775146, 0.84457302093506, 0.00340868905187, -2.48649859428406, 0.81858599185944, 0.10937874019146, -2.46526026725769, 0.80739390850067, 0.12622174620628, -2.43532252311707, 0.79567086696625, 0.11780817806721, -2.41122531890869, 0.79509860277176, 0.09513371437788, -1.93140590190887, 1.00083684921265, -2.35379862785339, -2.01291298866272, 1.07751095294952, -2.37955331802368, -2.03589677810669, 1.09318125247955, -2.37026882171631, -2.05086731910706, 1.09355056285858, -2.34060001373291, -2.05618119239807, 1.07757413387299, -2.31211066246033, -2.4670946598053, 0.85836523771286, -0.00864551216364, -2.47152733802795, 0.83897376060486, 0.07041312754154, -2.45057106018066, 0.83065724372864, 0.0818744674325, -2.42519164085388, 0.82298570871353, 0.07612603157759, -2.40525770187378, 0.81867927312851, 0.0607116445899, -1.97071361541748, 0.97494566440582, -2.31965160369873, -2.00756335258484, 1.03657948970795, -2.358243227005, -2.02801656723022, 1.04688262939453, -2.34750962257385, -2.04212760925293, 1.04616177082062, -2.32435011863709, -2.04739880561829, 1.03795504570007, -2.30072021484375, 31.5887540621898, 166.88309116081, 169.869591375398, 161.876166348219, 153.56229616594, 4.69854518665972, 28.9778049689257, 23.8035405216692, 25.0374124876847, 23.8882468202084
0.02691650390625, 0.05098342895508, -0.09544372558594, 0.11467646062374, -1.52550935745239, -2.59268617630005, -1.98935806751251, 0.9269728064537, -2.30809712409973, 0.84157830476761, 1.17962980270386, 2.85735869407654, -2.18139314651489, 1.27083790302277, -1.94569182395935, -0.86321395635605, 0.0968434587121, 0.37129378318787, -2.39589667320251, 0.89360654354095, -0.02848982810974, 0.39414390921593, 1.30133926868439, -2.68597292900085, -2.02188754081726, 0.92440700531006, -2.28268671035767, 0.34956774115562, 2.26555681228638, -1.99225294589996, -2.52228450775146, 0.84457302093506, 0.00340868905187, -2.48649859428406, 0.81858599185944, 0.10937874019146, -2.46526026725769, 0.80739390850067, 0.12622174620628, -2.43532252311707, 0.79567086696625, 0.11780817806721, -2.41122531890869, 0.79509860277176, 0.09513371437788, -1.92650210857391, 0.99784290790558, -2.35271859169006, -2.00555276870728, 1.07666802406311, -2.37961101531982, -2.02825498580933, 1.09293043613434, -2.37065744400024, -2.04366397857666, 1.09366536140442, -2.34122109413147, -2.04983401298523, 1.07780647277832, -2.31283855438232, -2.4670946598053, 0.85836523771286, -0.00864551216364, -2.47152733802795, 0.83897376060486, 0.07041312754154, -2.45057106018066, 0.83065724372864, 0.0818744674325, -2.42519164085388, 0.82298570871353, 0.07612603157759, -2.40525770187378, 0.81867927312851, 0.0607116445899, -1.96699845790863, 0.97296476364136, -2.31921362876892, -2.00161266326904, 1.03558838367462, -2.35827875137329, -2.02194905281067, 1.04641735553741, -2.34784531593323, -2.03642797470093, 1.04604625701904, -2.32490563392639, -2.04227566719055, 1.0379581451416, -2.30137062072754, 31.5921930624369, 166.637013105393, 169.808980276704, 161.816689060927, 153.50254567108, 4.69854518665972, 28.9778049689257, 23.8035405216692, 25.0374124876847, 23.8882468202084
0.04351615905762, 0.02780485153198, -0.08226013183594, 0.10018722712994, -1.30635643005371, -2.23602700233459, -1.98707723617554, 0.92548942565918, -2.30801296234131, 0.86632114648819, 1.15365064144135, 2.84323334693909, -2.18000221252441, 1.27120816707611, -1.94685697555542, -0.86375278234482, 0.09621921181679, 0.36514085531235, -2.39589667320251, 0.89360654354095, -0.02848982810974, 0.39414390921593, 1.30133926868439, -2.68597292900085, -2.01655769348145, 0.92121797800064, -2.28139877319336, 0.38835561275482, 2.23931121826172, -1.95658993721008, -2.52228450775146, 0.84457302093506, 0.00340868905187, -2.48649859428406, 0.81858599185944, 0.10937874019146, -2.46526026725769, 0.80739390850067, 0.12622174620628, -2.43532252311707, 0.79567086696625, 0.11780817806721, -2.41122531890869, 0.79509860277176, 0.09513371437788, -1.91488409042358, 0.98971432447433, -2.34747767448425, -1.98869812488556, 1.07248449325562, -2.37724685668945, -2.01087379455566, 1.08988153934479, -2.36914753913879, -2.02736473083496, 1.09139084815979, -2.34033346176147, -2.03544116020203, 1.07585644721985, -2.31225156784058, -2.4670946598053, 0.85836523771286, -0.00864551216364, -2.47152733802795, 0.83897376060486, 0.07041312754154, -2.45057106018066, 0.83065724372864, 0.0818744674325, -2.42519164085388, 0.82298570871353, 0.07612603157759, -2.40525770187378, 0.81867927312851, 0.0607116445899, -1.95787632465363, 0.96692353487015, -2.31563878059387, -1.98769617080688, 1.0312488079071, -2.35587549209595, -2.00784611701965, 1.04309809207916, -2.34621787071228, -2.02321124076843, 1.04345786571503, -2.32386183738709, -2.03038001060486, 1.03566956520081, -2.30059242248535, 31.6055494973589, 166.510900492558, 169.756469782365, 161.76275788724, 153.451619780629, 4.69854518665972, 28.9778049689257, 23.8035405216692, 25.0374124876847, 23.8882468202084
0.04483795166016, 0.01575422286987, -0.07051849365234, 0.08610945940018, -1.10303235054016, -1.89964079856873, -1.98077368736267, 0.92053127288818, -2.30534410476685, 0.91293281316757, 1.08869791030884, 2.80997800827026, -2.17844581604004, 1.27151882648468, -1.94805097579956, -0.86314016580582, 0.09560123085976, 0.35874110460281, -2.39589667320251, 0.89360654354095, -0.02848982810974, 0.39414390921593, 1.30133926868439, -2.68597292900085, -2.01224064826965, 0.91870367527008, -2.2804901599884, 0.42140811681747, 2.21894383430481, -1.92704451084137, -2.52228450775146, 0.84457302093506, 0.00340868905187, -2.48649859428406, 0.81858599185944, 0.10937874019146, -2.46526026725769, 0.80739390850067, 0.12622174620628, -2.43532252311707, 0.79567086696625, 0.11780817806721, -2.41122531890869, 0.79509860277176, 0.09513371437788, -1.9056704044342, 0.9828280210495, -2.34315228462219, -1.97489023208618, 1.0686959028244, -2.37510442733765, -1.99655044078827, 1.08702063560486, -2.36768412590027, -2.01387572288513, 1.08921694755554, -2.33940887451172, -2.02350330352783, 1.0740259885788, -2.31162977218628, -2.4670946598053, 0.85836523771286, -0.00864551216364, -2.47152733802795, 0.83897376060486, 0.07041312754154, -2.45057106018066, 0.83065724372864, 0.0818744674325, -2.42519164085388, 0.82298570871353, 0.07612603157759, -2.40525770187378, 0.81867927312851, 0.0607116445899, -1.95059418678284, 0.96187800168991, -2.31274819374084, -1.9763355255127, 1.02744269371033, -2.35379219055176, -1.99625968933105, 1.0401371717453, -2.34476041793823, -2.01230335235596, 1.04114079475403, -2.32290625572205, -2.02053952217102, 1.0336526632309, -2.29989314079285, 31.6206544607083, 166.383968257023, 169.706022005155, 161.709591694741, 153.401663777039, 4.69854518665972, 28.9778049689257, 23.8035405216692, 25.0374124876847, 23.8882468202084
0.23646354675293, -0.11088466644287, -0.0021800994873, 0.10053339600563, -2.81578063964844, -3.67854857444763, -1.97577023506165, 0.91650128364563, -2.30328106880188, 0.95084190368652, 1.02999472618103, 2.77673053741455, -2.17666101455688, 1.27175199985504, -1.94916236400604, -0.86227136850357, 0.093551017344, 0.35404327511787, -2.39589667320251, 0.89360654354095, -0.02848982810974, 0.39414390921593, 1.30133926868439, -2.68597292900085, -2.00558686256409, 0.91225719451904, -2.27556133270264, 0.49062931537628, 2.19977188110352, -1.90079689025879, -2.52228450775146, 0.84457302093506, 0.00340868905187, -2.48649859428406, 0.81858599185944, 0.10937874019146, -2.46526026725769, 0.80739390850067, 0.12622174620628, -2.43532252311707, 0.79567086696625, 0.11780817806721, -2.41122531890869, 0.79509860277176, 0.09513371437788, -1.89296817779541, 0.96736925840378, -2.33618640899658, -1.95502972602844, 1.05705165863037, -2.37211751937866, -1.97556841373444, 1.0770001411438, -2.36577343940735, -1.9935359954834, 1.08105075359344, -2.33811044692993, -2.00502848625183, 1.06721615791321, -2.31033182144165, -2.4670946598053, 0.85836523771286, -0.00864551216364, -2.47152733802795, 0.83897376060486, 0.07041312754154, -2.45057106018066, 0.83065724372864, 0.0818744674325, -2.42519164085388, 0.82298570871353, 0.07612603157759, -2.40525770187378, 0.81867927312851, 0.0607116445899, -1.94013607501984, 0.95029532909393, -2.3067729473114, -1.95999205112457, 1.01650702953339, -2.34998989105225, -1.97924137115479, 1.03075766563416, -2.34186148643494, -1.9958221912384, 1.0333799123764, -2.32054924964905, -2.00524640083313, 1.02701985836029, -2.29765295982361, 31.6402502734371, 166.258497681969, 169.649782227529, 161.668351012532, 153.377689813052, 4.69854518665972, 28.9778049689257, 23.8035405216692, 25.0374124876847, 23.8882468202084
0.19385719299316, -0.07572412490845, -0.01687431335449, 0.090889967978, -2.30436682701111, -3.07887244224548, -1.9686940908432, 0.90700364112854, -2.29714131355286, 0.99583274126053, 0.9144201874733, 2.6741726398468, -2.17481088638306, 1.27197074890137, -1.95019280910492, -0.86162567138672, 0.09035120904446, 0.35012584924698, -2.39589667320251, 0.89360654354095, -0.02848982810974, 0.39414390921593, 1.30133926868439, -2.68597292900085, -2.0000684261322, 0.907111287117, -2.27186298370361, 0.54424273967743, 2.18514466285706, -1.87863397598267, -2.52228450775146, 0.84457302093506, 0.00340868905187, -2.48649859428406, 0.81858599185944, 0.10937874019146, -2.46526026725769, 0.80739390850067, 0.12622174620628, -2.43532252311707, 0.79567086696625, 0.11780817806721, -2.41122531890869, 0.79509860277176, 0.09513371437788, -1.88310205936432, 0.95500332117081, -2.33035159111023, -1.93921732902527, 1.0473427772522, -2.36921215057373, -1.95878148078918, 1.0684826374054, -2.3637011051178, -1.97718906402588, 1.07395672798157, -2.33657789230347, -1.99011957645416, 1.06122314929962, -2.30890488624573, -2.4670946598053, 0.85836523771286, -0.00864551216364, -2.47152733802795, 0.83897376060486, 0.07041312754154, -2.45057106018066, 0.83065724372864, 0.0818744674325, -2.42519164085388, 0.82298570871353, 0.07612603157759, -2.40525770187378, 0.81867927312851, 0.0607116445899, -1.93186163902283, 0.94100892543793, -2.30192422866821, -1.9469553232193, 1.0074942111969, -2.34662127494812, -1.96559071540833, 1.02290439605713, -2.33920836448669, -1.98253285884857, 1.02677345275879, -2.31837582588196, -1.99286508560181, 1.02131009101868, -2.29564023017883, 31.6619053882006, 166.132494352161, 169.594348412225, 161.629336971993, 153.358032528621, 4.69854518665972, 28.9778049689257, 23.8035405216692, 25.0374124876847, 23.8882468202084
0.25776672363281, -0.32757711410522, 0.36560440063477, -1.6078314781189, -2.21226191520691, -5.01345729827881, -1.96298944950104, 0.89950239658356, -2.292396068573, 1.02741372585297, 0.81299418210983, 2.58474445343018, -2.17298245429993, 1.27220916748047, -1.9512996673584, -0.86138933897018, 0.08657617121935, 0.34628602862358, -2.39589667320251, 0.89360654354095, -0.02848982810974, 0.39414390921593, 1.30133926868439, -2.68597292900085, -1.99307239055634, 0.89971548318863, -2.26543760299683, 0.6127769947052, 2.1594123840332, -1.86243402957916, -2.52228450775146, 0.84457302093506, 0.00340868905187, -2.48649859428406, 0.81858599185944, 0.10937874019146, -2.46526026725769, 0.80739390850067, 0.12622174620628, -2.43532252311707, 0.79567086696625, 0.11780817806721, -2.41122531890869, 0.79509860277176, 0.09513371437788, -1.87135434150696, 0.9383692741394, -2.32099199295044, -1.92004752159119, 1.03294038772583, -2.36424565315247, -1.9383796453476, 1.05543196201324, -2.35999274253845, -1.95729780197144, 1.06284201145172, -2.33369302749634, -1.97194790840149, 1.05175602436066, -2.3061683177948, -2.4670946598053, 0.85836523771286, -0.00864551216364, -2.47152733802795, 0.83897376060486, 0.07041312754154, -2.45057106018066, 0.83065724372864, 0.0818744674325, -2.42519164085388, 0.82298570871353, 0.07612603157759, -2.40525770187378, 0.81867927312851, 0.0607116445899, -1.9218453168869, 0.92832750082016, -2.29394960403442, -1.93109953403473, 0.99432945251465, -2.34089684486389, -1.94893944263458, 1.01110053062439, -2.33455944061279, -1.96628797054291, 1.01663589477539, -2.31444978713989, -1.97771096229553, 1.01249551773071, -2.29195785522461, 31.6629265014816, 165.92372278999, 169.530076332135, 161.585145648063, 153.366092151842, 4.69854518665972, 28.9778049689257, 23.8035405216692, 25.0374124876847, 23.8882468202084
0.23296165466309, -0.24860000610352, 0.25603294372559, -1.12050139904022, -1.84226405620575, -3.94558548927307, -1.95589220523834, 0.88917654752731, -2.28443551063538, 1.05032813549042, 0.66612422466278, 2.45452570915222, -2.17108392715454, 1.27257513999939, -1.95235371589661, -0.86213058233261, 0.08123634010553, 0.34420850872993, -2.39589667320251, 0.89360654354095, -0.02848982810974, 0.39414390921593, 1.30133926868439, -2.68597292900085, -1.98706459999084, 0.89343774318695, -2.26025080680847, 0.66508346796036, 2.14044427871704, -1.84883081912994, -2.52228450775146, 0.84457302093506, 0.00340868905187, -2.48649859428406, 0.81858599185944, 0.10937874019146, -2.46526026725769, 0.80739390850067, 0.12622174620628, -2.43532252311707, 0.79567086696625, 0.11780817806721, -2.41122531890869, 0.79509860277176, 0.09513371437788, -1.86213314533234, 0.92489665746689, -2.31314826011658, -1.90487122535706, 1.02086973190308, -2.35949730873108, -1.92216265201569, 1.04432153701782, -2.35617446899414, -1.9413788318634, 1.05318665504456, -2.33054995536804, -1.95729112625122, 1.04339575767517, -2.30323576927185, -2.4670946598053, 0.85836523771286, -0.00864551216364, -2.47152733802795, 0.83897376060486, 0.07041312754154, -2.45057106018066, 0.83065724372864, 0.0818744674325, -2.42519164085388, 0.82298570871353, 0.07612603157759, -2.40525770187378, 0.81867927312851, 0.0607116445899, -1.91376376152039, 0.91791146993637, -2.28732299804688, -1.91845607757568, 0.98333096504211, -2.3357400894165, -1.93559753894806, 1.00108814239502, -2.33021259307861, -1.95317578315735, 1.00787889957428, -2.3106963634491, -1.96538531780243, 1.00476264953613, -2.28845381736755, 31.6625064448476, 165.678040885545, 169.465175874642, 161.541937871374, 153.381774266176, 4.69854518665972, 28.9778049689257, 23.8035405216692, 25.0374124876847, 23.8882468202084
0.32842254638672, -0.3968768119812, 0.46492767333984, -1.98682153224945, -2.48972845077515, -4.62114095687866, -1.94996607303619, 0.88069200515747, -2.27801585197449, 1.06269466876984, 0.54697483778, 2.34880661964417, -2.169105052948, 1.27296662330627, -1.95334768295288, -0.86329537630081, 0.07477995753288, 0.34408006072044, -2.39589667320251, 0.89360654354095, -0.02848982810974, 0.39414390921593, 1.30133926868439, -2.68597292900085, -1.98166823387146, 0.88785845041275, -2.2558331489563, 0.70855969190598, 2.12520742416382, -1.8366459608078, -2.52228450775146, 0.84457302093506, 0.00340868905187, -2.48649859428406, 0.81858599185944, 0.10937874019146, -2.46526026725769, 0.80739390850067, 0.12622174620628, -2.43532252311707, 0.79567086696625, 0.11780817806721, -2.41122531890869, 0.79509860277176, 0.09513371437788, -1.85436129570007, 0.91325795650482, -2.30626630783081, -1.89197397232056, 1.01018846035004, -2.35500407218933, -1.90833675861359, 1.03438889980316, -2.35242962837219, -1.92773902416229, 1.04444646835327, -2.32739233970642, -1.94466245174408, 1.03575539588928, -2.3003146648407, -2.4670946598053, 0.85836523771286, -0.00864551216364, -2.47152733802795, 0.83897376060486, 0.07041312754154, -2.45057106018066, 0.83065724372864, 0.0818744674325, -2.42519164085388, 0.82298570871353, 0.07612603157759, -2.40525770187378, 0.81867927312851, 0.0607116445899, -1.90681087970734, 0.90883308649063, -2.28154945373535, -1.90765655040741, 0.97362452745438, -2.33101963996887, -1.92415833473206, 0.99216419458389, -2.32615447044373, -1.94187343120575, 0.99998557567596, -2.30715417861938, -1.95470321178436, 0.99772900342941, -2.28515839576721, 31.6605871616908, 165.424613546581, 169.399551417097, 161.499645340033, 153.404764682922, 4.69854518665972, 28.9778049689257, 23.8035405216692, 25.0374124876847, 23.8882468202084
0.30365180969238, -0.33576536178589, 0.36069488525391, -1.40326476097107, -1.94977462291718, -3.58284163475037, -1.94474470615387, 0.87330305576324, -2.272540807724, 1.06921982765198, 0.4443436563015, 2.25780081748962, -2.16708970069885, 1.27335751056671, -1.95437169075012, -0.8637136220932, 0.06895364820957, 0.34382367134094, -2.39589667320251, 0.89360654354095, -0.02848982810974, 0.39414390921593, 1.30133926868439, -2.68597292900085, -1.97448372840881, 0.8835346698761, -2.24804520606995, 0.84072625637054, 2.07484745979309, -1.80834925174713, -2.52228450775146, 0.84457302093506, 0.00340868905187, -2.48649859428406, 0.81858599185944, 0.10937874019146, -2.46526026725769, 0.80739390850067, 0.12622174620628, -2.43532252311707, 0.79567086696625, 0.11780817806721, -2.41122531890869, 0.79509860277176, 0.09513371437788, -1.84191393852234, 0.89046597480774, -2.29015135765076, -1.86371862888336, 0.98852109909058, -2.34578728675842, -1.87704801559448, 1.01464128494263, -2.34549736976624, -1.89666199684143, 1.02831625938416, -2.32241559028625, -1.91631257534027, 1.0232161283493, -2.2962818145752, -2.4670946598053, 0.85836523771286, -0.00864551216364, -2.47152733802795, 0.83897376060486, 0.07041312754154, -2.45057106018066, 0.83065724372864, 0.0818744674325, -2.42519164085388, 0.82298570871353, 0.07612603157759, -2.40525770187378, 0.81867927312851, 0.0607116445899, -1.89603638648987, 0.89380639791489, -2.26914954185486, -1.88543462753296, 0.95547997951508, -2.32139825820923, -1.89976537227631, 0.97612941265106, -2.31858277320862, -1.91758692264557, 0.98705947399139, -2.30129313468933, -1.93203830718994, 0.98756498098373, -2.28021192550659, 31.6166280641926, 164.308519655066, 169.31797163765, 161.464551828078, 153.411471928687, 4.69854518665972, 28.9778049689257, 23.8035405216692, 25.0374124876847, 23.8882468202084
0.28559303283691, -0.29716300964355, 0.29805564880371, -1.09378612041473, -1.65278661251068, -3.00958871841431, -1.93864762783051, 0.86370730400085, -2.26134943962097, 1.0573343038559, 0.13373246788979, 1.98312425613403, -2.16511964797974, 1.27379155158997, -1.95548987388611, -0.86364561319351, 0.06338428705931, 0.34348356723785, -2.39589667320251, 0.89360654354095, -0.02848982810974, 0.39414390921593, 1.30133926868439, -2.68597292900085, -1.96820247173309, 0.8786678314209, -2.24113988876343, 0.92012345790863, 2.04425382614136, -1.79342246055603, -2.52228450775146, 0.84457302093506, 0.00340868905187, -2.48649859428406, 0.81858599185944, 0.10937874019146, -2.46526026725769, 0.80739390850067, 0.12622174620628, -2.43532252311707, 0.79567086696625, 0.11780817806721, -2.41122531890869, 0.79509860277176, 0.09513371437788, -1.83387362957001, 0.87450462579727, -2.27766537666321, -1.84595823287964, 0.97216486930847, -2.33684349060059, -1.85728967189789, 0.99919492006302, -2.33784103393555, -1.87675046920776, 1.014976978302, -2.3160080909729, -1.89778232574463, 1.01213932037354, -2.29061627388, -2.4670946598053, 0.85836523771286, -0.00864551216364, -2.47152733802795, 0.83897376060486, 0.07041312754154, -2.45057106018066, 0.83065724372864, 0.0818744674325, -2.42519164085388, 0.82298570871353, 0.07612603157759, -2.40525770187378, 0.81867927312851, 0.0607116445899, -1.88840711116791, 0.88247066736221, -2.25911521911621, -1.87107408046722, 0.941575050354, -2.31252098083496, -1.88391745090485, 0.96330261230469, -2.31089043617249, -1.9015611410141, 0.97603988647461, -2.29468965530396, -1.91678500175476, 0.97825235128403, -2.27427268028259, 31.5659992869699, 163.379750531727, 169.233796386319, 161.431165863415, 153.421935778496, 4.69854518665972, 28.9778049689257, 23.8035405216692, 25.0374124876847, 23.8882468202084
0.24430847167969, 0.01318359375, 0.4859561920166, -3.54710054397583, -5.04691410064697, -8.95147323608398, -1.93344140052795, 0.85585224628448, -2.25234127044678, 1.03194212913513, -0.03913861885667, 1.83199679851532, -2.16317987442017, 1.27415335178375, -1.95663344860077, -0.86238533258438, 0.0583769492805, 0.34213688969612, -2.39589667320251, 0.89360654354095, -0.02848982810974, 0.39414390921593, 1.30133926868439, -2.68597292900085, -1.95722389221191, 0.87414628267288, -2.2376275062561, 1.11367070674896, 2.07105493545532, -1.66545712947845, -2.52228450775146, 0.84457302093506, 0.00340868905187, -2.48649859428406, 0.81858599185944, 0.10937874019146, -2.46526026725769, 0.80739390850067, 0.12622174620628, -2.43532252311707, 0.79567086696625, 0.11780817806721, -2.41122531890869, 0.79509860277176, 0.09513371437788, -1.824059009552, 0.84186178445816, -2.26253724098206, -1.81148731708527, 0.93759405612946, -2.32468938827515, -1.81701254844666, 0.96628129482269, -2.32724595069885, -1.83453822135925, 0.9864639043808, -2.30749773979187, -1.85763728618622, 0.98886692523956, -2.28392243385315, -2.4670946598053, 0.85836523771286, -0.00864551216364, -2.47152733802795, 0.83897376060486, 0.07041312754154, -2.45057106018066, 0.83065724372864, 0.0818744674325, -2.42519164085388, 0.82298570871353, 0.07612603157759, -2.40525770187378, 0.81867927312851, 0.0607116445899, -1.87714469432831, 0.86125802993774, -2.24885702133179, -1.84409391880035, 0.91359663009644, -2.30190658569336, -1.85237228870392, 0.93749558925629, -2.30185484886169, -1.86829674243927, 0.95411562919617, -2.28749561309814, -1.88431525230408, 0.96011173725128, -2.2684965133667, 31.5047803014391, 163.111597304913, 169.193511930594, 161.460986469331, 153.423643325788, 4.69854518665972, 28.9778049689257, 23.8035405216692, 25.0374124876847, 23.8882468202084
0.3116340637207, -0.1412558555603, 0.4335994720459, -2.07966065406799, -3.03026628494263, -5.3687891960144, -1.92701661586761, 0.8444390296936, -2.24533152580261, 0.95524400472641, -0.41574025154114, 1.48244881629944, -2.16120171546936, 1.27458810806274, -1.95777034759521, -0.86112463474274, 0.05370035767555, 0.3402142226696, -2.39589667320251, 0.89360654354095, -0.02848982810974, 0.39414390921593, 1.30133926868439, -2.68597292900085, -1.94804620742798, 0.8676455616951, -2.23314714431763, 1.2049161195755, 2.10915160179138, -1.58049690723419, -2.52228450775146, 0.84457302093506, 0.00340868905187, -2.48649859428406, 0.81858599185944, 0.10937874019146, -2.46526026725769, 0.80739390850067, 0.12622174620628, -2.43532252311707, 0.79567086696625, 0.11780817806721, -2.41122531890869, 0.79509860277176, 0.09513371437788, -1.8177330493927, 0.82235336303711, -2.25219392776489, -1.79359984397888, 0.91533672809601, -2.315101146698, -1.7962372303009, 0.94437104463577, -2.31827521324158, -1.81249761581421, 0.96648043394089, -2.29953336715698, -1.83616042137146, 0.97149419784546, -2.27694869041443, -2.4670946598053, 0.85836523771286, -0.00864551216364, -2.47152733802795, 0.83897376060486, 0.07041312754154, -2.45057106018066, 0.83065724372864, 0.0818744674325, -2.42519164085388, 0.82298570871353, 0.07612603157759, -2.40525770187378, 0.81867927312851, 0.0607116445899, -1.86920070648193, 0.84697031974792, -2.24094462394714, -1.82922661304474, 0.89496916532516, -2.29332900047302, -1.83516430854797, 0.91954684257507, -2.29394245147705, -1.84996461868286, 0.93786263465881, -2.2804708480835, -1.86606109142303, 0.94569540023804, -2.26222085952759, 31.4367994286299, 162.855301286497, 169.157434871398, 161.501216283542, 153.427072080752, 4.69854518665972, 28.9778049689257, 23.8035405216692, 25.0374124876847, 23.8882468202084
0.44764137268066, 0.38665437698364, 0.01544952392578, -2.22049069404602, -5.92534017562866, -14.5674457550049, -1.92055797576904, 0.83505725860596, -2.23921036720276, 0.89627754688263, -0.55869626998901, 1.35355055332184, -2.15911197662354, 1.27507662773132, -1.95882034301758, -0.86056685447693, 0.04906256496906, 0.33835509419441, -2.39589667320251, 0.89360654354095, -0.02848982810974, 0.39414390921593, 1.30133926868439, -2.68597292900085, -1.94005739688873, 0.86080807447433, -2.22840452194214, 1.25843608379364, 2.14592003822327, -1.5160596370697, -2.52228450775146, 0.84457302093506, 0.00340868905187, -2.48649859428406, 0.81858599185944, 0.10937874019146, -2.46526026725769, 0.80739390850067, 0.12622174620628, -2.43532252311707, 0.79567086696625, 0.11780817806721, -2.41122531890869, 0.79509860277176, 0.09513371437788, -1.81211364269257, 0.80801266431808, -2.24385523796082, -1.78125047683716, 0.89880019426346, -2.30702710151672, -1.78215754032135, 0.92790144681931, -2.3105366230011, -1.79757523536682, 0.95109558105469, -2.29240369796753, -1.82144379615784, 0.95768266916275, -2.27044820785522, -2.4670946598053, 0.85836523771286, -0.00864551216364, -2.47152733802795, 0.83897376060486, 0.07041312754154, -2.45057106018066, 0.83065724372864, 0.0818744674325, -2.42519164085388, 0.82298570871353, 0.07612603157759, -2.40525770187378, 0.81867927312851, 0.0607116445899, -1.86235153675079, 0.83562189340591, -2.23409032821655, -1.81848335266113, 0.88071632385254, -2.2859365940094, -1.82299852371216, 0.90558260679245, -2.2869246006012, -1.83704936504364, 0.92485022544861, -2.27398872375488, -1.85310304164886, 0.93377685546875, -2.25620937347412, 31.3107448724028, 162.589921116486, 169.125469586082, 161.551554777725, 153.432167401873, 4.69854518665972, 28.9778049689257, 23.8035405216692, 25.0374124876847, 23.8882468202084
0.5588264465332, -0.1150689125061, 0.19289588928223, -1.13325548171997, -2.86759352684021, -6.91339826583862, -1.91432952880859, 0.82665330171585, -2.23349237442017, 0.8560950756073, -0.63234162330627, 1.28898572921753, -2.15706491470337, 1.27536082267761, -1.95975208282471, -0.85970401763916, 0.04416255280375, 0.33738607168198, -2.39589667320251, 0.89360654354095, -0.02848982810974, 0.39414390921593, 1.30133926868439, -2.68597292900085, -1.93050980567932, 0.85492998361588, -2.22070026397705, 1.38696980476379, 2.76576614379883, -0.77157032489777, -2.52228450775146, 0.84457302093506, 0.00340868905187, -2.48649859428406, 0.81858599185944, 0.10937874019146, -2.46526026725769, 0.80739390850067, 0.12622174620628, -2.43532252311707, 0.79567086696625, 0.11780817806721, -2.41122531890869, 0.79509860277176, 0.09513371437788, -1.81571877002716, 0.77617436647415, -2.22473216056824, -1.75984382629395, 0.85885286331177, -2.2815465927124, -1.75420105457306, 0.88750749826431, -2.28420996665955, -1.76619970798492, 0.91329157352448, -2.26701426506042, -1.79032528400421, 0.92462193965912, -2.24740028381348, -2.4670946598053, 0.85836523771286, -0.00864551216364, -2.47152733802795, 0.83897376060486, 0.07041312754154, -2.45057106018066, 0.83065724372864, 0.0818744674325, -2.42519164085388, 0.82298570871353, 0.07612603157759, -2.40525770187378, 0.81867927312851, 0.0607116445899, -1.8597297668457, 0.81378412246704, -2.21925497055054, -1.80207848548889, 0.8489443063736, -2.26492834091187, -1.8011040687561, 0.87420922517776, -2.26558494567871, -1.81205403804779, 0.89591330289841, -2.25354194641113, -1.82764935493469, 0.90789872407913, -2.23721241950989, 31.1727921266414, 162.616982325977, 169.137627322805, 161.766896981877, 153.497054198988, 4.69854518665972, 28.9778049689257, 23.8035405216692, 25.0374124876847, 23.8882468202084
0.53460502624512, -0.28268766403198, 0.25994682312012, -0.72500449419022, -1.72918772697449, -4.08550500869751, -1.91219294071198, 0.81611710786819, -2.22422337532043, 0.72077459096909, -0.90765601396561, 1.05022096633911, -2.1550977230072, 1.27558827400208, -1.96072483062744, -0.85920906066895, 0.03993273153901, 0.33622774481773, -2.39589667320251, 0.89360654354095, -0.02848982810974, 0.39414390921593, 1.30133926868439, -2.68597292900085, -1.92310178279877, 0.84620416164398, -2.21254444122314, 1.39212357997894, -3.01197814941406, -0.20912119746208, -2.52228450775146, 0.84457302093506, 0.00340868905187, -2.48649859428406, 0.81858599185944, 0.10937874019146, -2.46526026725769, 0.80739390850067, 0.12622174620628, -2.43532252311707, 0.79567086696625, 0.11780817806721, -2.41122531890869, 0.79509860277176, 0.09513371437788, -1.81666338443756, 0.75639265775681, -2.21185898780823, -1.75014448165894, 0.83335423469543, -2.26512980461121, -1.74155414104462, 0.86131435632706, -2.26724076271057, -1.75174534320831, 0.88808292150497, -2.2503867149353, -1.77554547786713, 0.90167015790939, -2.23183727264404, -2.4670946598053, 0.85836523771286, -0.00864551216364, -2.47152733802795, 0.83897376060486, 0.07041312754154, -2.45057106018066, 0.83065724372864, 0.0818744674325, -2.42519164085388, 0.82298570871353, 0.07612603157759, -2.40525770187378, 0.81867927312851, 0.0607116445899, -1.8569244146347, 0.79818457365036, -2.20812273025513, -1.79391193389893, 0.82763355970383, -2.25064492225647, -1.79039597511292, 0.85267758369446, -2.25100755691528, -1.79970133304596, 0.87530732154846, -2.2392897605896, -1.81479907035828, 0.88871014118195, -2.22360730171204, 30.9949544912218, 162.659520744128, 169.158677965827, 162.146600858217, 153.634901076817, 4.69854518665972, 28.9778049689257, 23.8035405216692, 25.0374124876847, 23.8882468202084
0.72193908691406, 0.52633953094482, 0.09424209594727, 1.48031556606293, -7.54385709762573, -15.4458131790161, -1.90859150886536, 0.80577313899994, -2.21556782722473, 0.6432278752327, -1.0075695514679, 0.96837157011032, -2.15309286117554, 1.27582621574402, -1.96163213253021, -0.85890710353851, 0.03625850751996, 0.33391872048378, -2.39589667320251, 0.89360654354095, -0.02848982810974, 0.39414390921593, 1.30133926868439, -2.68597292900085, -1.91581320762634, 0.8362243771553, -2.20227527618408, 1.27552783489227, -2.35387229919434, 0.59726178646088, -2.52228450775146, 0.84457302093506, 0.00340868905187, -2.48649859428406, 0.81858599185944, 0.10937874019146, -2.46526026725769, 0.80739390850067, 0.12622174620628, -2.43532252311707, 0.79567086696625, 0.11780817806721, -2.41122531890869, 0.79509860277176, 0.09513371437788, -1.83161163330078, 0.72589617967606, -2.19072198867798, -1.74411010742188, 0.78705477714539, -2.2330150604248, -1.7296394109726, 0.81256109476089, -2.23324203491211, -1.7360668182373, 0.8408682346344, -2.21705961227417, -1.75867056846619, 0.85917598009109, -2.20127892494202, -2.4670946598053, 0.85836523771286, -0.00864551216364, -2.47152733802795, 0.83897376060486, 0.07041312754154, -2.45057106018066, 0.83065724372864, 0.0818744674325, -2.42519164085388, 0.82298570871353, 0.07612603157759, -2.40525770187378, 0.81867927312851, 0.0607116445899, -1.86233401298523, 0.77526789903641, -2.19091033935547, -1.78959667682648, 0.79072779417038, -2.22432017326355, -1.78088188171387, 0.81445819139481, -2.22353386878967, -1.78665781021118, 0.83853679895401, -2.21244955062866, -1.80049669742584, 0.85482239723206, -2.19842195510864, 30.5533588557184, 163.870322038674, 169.191298949303, 162.608253344218, 153.688996175043, 4.69854518665972, 28.9778049689257, 23.8035405216692, 25.0374124876847, 23.8882468202084
0.63272666931152, -0.19783973693848, 0.38690757751465, 0.53109920024872, -3.47200512886047, -7.19680309295654, -1.90985321998596, 0.79363906383514, -2.20458245277405, 0.45907157659531, -1.20380067825317, 0.84107905626297, -2.15111947059631, 1.27597451210022, -1.96248638629913, -0.85881960391998, 0.03133192285895, 0.33263054490089, -2.39589667320251, 0.89360654354095, -0.02848982810974, 0.39414390921593, 1.30133926868439, -2.68597292900085, -1.91192817687988, 0.82456505298615, -2.19191956520081, 1.20246601104736, -2.24247980117798, 0.77278351783752, -2.52228450775146, 0.84457302093506, 0.00340868905187, -2.48649859428406, 0.81858599185944, 0.10937874019146, -2.46526026725769, 0.80739390850067, 0.12622174620628, -2.43532252311707, 0.79567086696625, 0.11780817806721, -2.41122531890869, 0.79509860277176, 0.09513371437788, -1.83899784088135, 0.70689660310745, -2.17672109603882, -1.74405252933502, 0.75984907150269, -2.21369457244873, -1.72730541229248, 0.78391075134277, -2.21292495727539, -1.73197817802429, 0.81263846158981, -2.19688248634338, -1.75363230705261, 0.83290469646454, -2.18220233917236, -2.4670946598053, 0.85836523771286, -0.00864551216364, -2.47152733802795, 0.83897376060486, 0.07041312754154, -2.45057106018066, 0.83065724372864, 0.0818744674325, -2.42519164085388, 0.82298570871353, 0.07612603157759, -2.40525770187378, 0.81867927312851, 0.0607116445899, -1.86498951911926, 0.75889468193054, -2.1781702041626, -1.78941607475281, 0.76767873764038, -2.20745253562927, -1.77861070632935, 0.79050040245056, -2.20599842071533, -1.78274536132813, 0.8149738907814, -2.19504594802856, -1.79577505588531, 0.83242279291153, -2.1816565990448, 30.1394323165427, 165.313336104623, 169.232580612646, 163.094549152744, 153.771518520595, 4.69854518665972, 28.9778049689257, 23.8035405216692, 25.0374124876847, 23.8882468202084
1.00120639801025, 0.14303684234619, 0.25170707702637, 1.04988884925842, -9.26875877380371, -15.3496332168579, -1.90979504585266, 0.78161895275116, -2.19425082206726, 0.37361416220665, -1.27422225475311, 0.80227208137512, -2.1491641998291, 1.27608132362366, -1.96326613426209, -0.85896718502045, 0.02574151568115, 0.3330836892128, -2.39589667320251, 0.89360654354095, -0.02848982810974, 0.39414390921593, 1.30133926868439, -2.68597292900085, -1.9087837934494, 0.81318271160126, -2.18221092224121, 1.15844428539276, -2.20069646835327, 0.85110074281693, -2.52228450775146, 0.84457302093506, 0.00340868905187, -2.48649859428406, 0.81858599185944, 0.10937874019146, -2.46526026725769, 0.80739390850067, 0.12622174620628, -2.43532252311707, 0.79567086696625, 0.11780817806721, -2.41122531890869, 0.79509860277176, 0.09513371437788, -1.84269046783447, 0.69177800416946, -2.16523265838623, -1.74398243427277, 0.73969638347626, -2.19908809661865, -1.72601580619812, 0.76283383369446, -2.19771695137024, -1.7296507358551, 0.79173481464386, -2.18171691894531, -1.75064170360565, 0.81309020519257, -2.16762924194336, -2.4670946598053, 0.85836523771286, -0.00864551216364, -2.47152733802795, 0.83897376060486, 0.07041312754154, -2.45057106018066, 0.83065724372864, 0.0818744674325, -2.42519164085388, 0.82298570871353, 0.07612603157759, -2.40525770187378, 0.81867927312851, 0.0607116445899, -1.86583435535431, 0.74508500099182, -2.16728019714355, -1.78903782367706, 0.74990886449814, -2.19420599937439, -1.77708852291107, 0.77212184667587, -2.19233679771423, -1.78025543689728, 0.79675686359406, -2.1814239025116, -1.79274761676788, 0.81484407186508, -2.16837358474731, 29.7611525346453, 166.723059828557, 169.282345370939, 163.589614924165, 153.920730833204, 4.69854518665972, 28.9778049689257, 23.8035405216692, 25.0374124876847, 23.8882468202084
0.5551872253418, -0.50262451171875, 0.56332397460938, 0.41285774111748, -3.93625640869141, -6.64979219436646, -1.90885806083679, 0.77018892765045, -2.18463730812073, 0.32340946793556, -1.31120920181274, 0.78376793861389, -2.14732694625854, 1.27608180046082, -1.96398842334747, -0.85860067605972, 0.0200405344367, 0.33385142683983, -2.39589667320251, 0.89360654354095, -0.02848982810974, 0.39414390921593, 1.30133926868439, -2.68597292900085, -1.91084468364716, 0.80346864461899, -2.17325496673584, 1.07749700546265, -2.07426309585571, 1.11478877067566, -2.52228450775146, 0.84457302093506, 0.00340868905187, -2.48649859428406, 0.81858599185944, 0.10937874019146, -2.46526026725769, 0.80739390850067, 0.12622174620628, -2.43532252311707, 0.79567086696625, 0.11780817806721, -2.41122531890869, 0.79509860277176, 0.09513371437788, -1.86353945732117, 0.67596954107285, -2.14322352409363, -1.75632548332214, 0.70892345905304, -2.16781640052795, -1.73571419715881, 0.72965449094772, -2.16548824310303, -1.73719382286072, 0.7597039937973, -2.15137028694153, -1.75656855106354, 0.78435122966766, -2.1407744884491, -2.4670946598053, 0.85836523771286, -0.00864551216364, -2.47152733802795, 0.83897376060486, 0.07041312754154, -2.45057106018066, 0.83065724372864, 0.0818744674325, -2.42519164085388, 0.82298570871353, 0.07612603157759, -2.40525770187378, 0.81867927312851, 0.0607116445899, -1.87909686565399, 0.73154193162918, -2.1503746509552, -1.79990148544312, 0.72500681877136, -2.16857695579529, -1.78539526462555, 0.74561047554016, -2.1663966178894, -1.78643274307251, 0.77106708288193, -2.15707492828369, -1.79775249958038, 0.79134476184845, -2.14638900756836, 28.3239646200587, 169.239998198085, 169.371998433985, 163.642699154395, 153.917124493322, 4.69854518665972, 28.9778049689257, 23.8035405216692, 25.0374124876847, 23.8882468202084
0.39967918395996, -0.63899660110474, 0.60429954528809, 0.21196247637272, -2.20726823806763, -3.81943583488464, -1.91632986068726, 0.76075917482376, -2.17366790771484, 0.18550828099251, -1.41551971435547, 0.81080937385559, -2.14553689956665, 1.27603077888489, -1.96479749679565, -0.8582666516304, 0.01571323908865, 0.33370399475098, -2.39589667320251, 0.89360654354095, -0.02848982810974, 0.39414390921593, 1.30133926868439, -2.68597292900085, -1.91366839408875, 0.79423087835312, -2.16395711898804, 1.02745938301086, -2.03571557998657, 1.22526907920837, -2.52228450775146, 0.84457302093506, 0.00340868905187, -2.48649859428406, 0.81858599185944, 0.10937874019146, -2.46526026725769, 0.80739390850067, 0.12622174620628, -2.43532252311707, 0.79567086696625, 0.11780817806721, -2.41122531890869, 0.79509860277176, 0.09513371437788, -1.87721884250641, 0.66463822126389, -2.1282799243927, -1.76673519611359, 0.68944942951202, -2.14734244346619, -1.74488151073456, 0.70876705646515, -2.14429807662964, -1.74503946304321, 0.73921912908554, -2.13098931312561, -1.76320040225983, 0.765420794487, -2.12211298942566, -2.4670946598053, 0.85836523771286, -0.00864551216364, -2.47152733802795, 0.83897376060486, 0.07041312754154, -2.45057106018066, 0.83065724372864, 0.0818744674325, -2.42519164085388, 0.82298570871353, 0.07612603157759, -2.40525770187378, 0.81867927312851, 0.0607116445899, -1.88840079307556, 0.72093570232391, -2.13760876655579, -1.80895960330963, 0.70846951007843, -2.15101146697998, -1.7931866645813, 0.72807663679123, -2.14846730232239, -1.7929562330246, 0.75378775596619, -2.13981342315674, -1.8034074306488, 0.77507954835892, -2.13027667999268, 27.3103816227018, 171.064587612206, 169.473372101646, 163.701343158608, 153.909665926748, 4.69854518665972, 28.9778049689257, 23.8035405216692, 25.0374124876847, 23.8882468202084
0.4643440246582, -0.56175756454468, 0.27144813537598, -3.89195013046265, -7.98867893218994, -9.33219337463379, -1.92211139202118, 0.75200521945953, -2.16370058059692, 0.1131728515029, -1.47057390213013, 0.82707190513611, -2.14388155937195, 1.27586984634399, -1.96566224098206, -0.85779005289078, 0.01140078250319, 0.33328169584274, -2.39589667320251, 0.89360654354095, -0.02848982810974, 0.39414390921593, 1.30133926868439, -2.68597292900085, -1.92021441459656, 0.79013782739639, -2.15348315238953, 0.93112349510193, -1.87896084785461, 1.47185873985291, -2.52228450775146, 0.84457302093506, 0.00340868905187, -2.48649859428406, 0.81858599185944, 0.10937874019146, -2.46526026725769, 0.80739390850067, 0.12622174620628, -2.43532252311707, 0.79567086696625, 0.11780817806721, -2.41122531890869, 0.79509860277176, 0.09513371437788, -1.90404343605042, 0.66069972515106, -2.10469818115234, -1.79045844078064, 0.66818106174469, -2.11980104446411, -1.76623129844666, 0.684510409832, -2.11726713180542, -1.76262247562408, 0.71581041812897, -2.10669541358948, -1.77723670005798, 0.74497771263123, -2.10114312171936, -2.4670946598053, 0.85836523771286, -0.00864551216364, -2.47152733802795, 0.83897376060486, 0.07041312754154, -2.45057106018066, 0.83065724372864, 0.0818744674325, -2.42519164085388, 0.82298570871353, 0.07612603157759, -2.40525770187378, 0.81867927312851, 0.0607116445899, -1.90672481060028, 0.71687066555023, -2.11950016021729, -1.82936644554138, 0.69239574670792, -2.12741279602051, -1.81109130382538, 0.70979958772659, -2.12573313713074, -1.80757665634155, 0.73593372106552, -2.11935663223267, -1.81529009342194, 0.75926178693771, -2.11229872703552, 24.8734657494896, 171.361236388238, 169.506826368201, 163.712476366955, 153.875036867656, 4.69854518665972, 28.9778049689257, 23.8035405216692, 25.0374124876847, 23.8882468202084
0.13836765289307, -0.61508846282959, 0.50482177734375, -1.81247997283936, -4.13638830184937, -5.01879835128784, -1.93456661701202, 0.74968713521957, -2.15000319480896, -0.03392849862576, -1.5158953666687, 0.90702319145203, -2.14231705665588, 1.27562856674194, -1.96641778945923, -0.85761290788651, 0.00804647244513, 0.33260577917099, -2.39589667320251, 0.89360654354095, -0.02848982810974, 0.39414390921593, 1.30133926868439, -2.68597292900085, -1.92604315280914, 0.78642356395721, -2.14326524734497, 0.87280410528183, -1.8268791437149, 1.5740031003952, -2.52228450775146, 0.84457302093506, 0.00340868905187, -2.48649859428406, 0.81858599185944, 0.10937874019146, -2.46526026725769, 0.80739390850067, 0.12622174620628, -2.43532252311707, 0.79567086696625, 0.11780817806721, -2.41122531890869, 0.79509860277176, 0.09513371437788, -1.92080366611481, 0.65850991010666, -2.08843517303467, -1.80661725997925, 0.65699970722198, -2.10046911239624, -1.78132212162018, 0.67161905765533, -2.09792971611023, -1.77568411827087, 0.70302224159241, -2.088627576828, -1.78823816776276, 0.73339945077896, -2.08478617668152, -2.4670946598053, 0.85836523771286, -0.00864551216364, -2.47152733802795, 0.83897376060486, 0.07041312754154, -2.45057106018066, 0.83065724372864, 0.0818744674325, -2.42519164085388, 0.82298570871353, 0.07612603157759, -2.40525770187378, 0.81867927312851, 0.0607116445899, -1.91892290115356, 0.71399366855621, -2.10574078559875, -1.84340906143188, 0.68361258506775, -2.11027956008911, -1.82394516468048, 0.69969713687897, -2.10881686210632, -1.8186731338501, 0.72576916217804, -2.10348200798035, -1.82482028007507, 0.74989461898804, -2.0976779460907, 23.3118744769077, 171.745939963049, 169.540171351729, 163.72182006574, 153.833755204313, 4.69854518665972, 28.9778049689257, 23.8035405216692, 25.0374124876847, 23.8882468202084
-0.07823467254639, -0.44150447845459, 0.54959106445313, -6.56074666976929, -3.48382067680359, -10.1088027954102, -1.94344055652618, 0.74732679128647, -2.13845610618591, -0.10921783000231, -1.54700171947479, 0.9487988948822, -2.14079737663269, 1.27534174919128, -1.96708869934082, -0.85824102163315, 0.00508323637769, 0.3322988152504, -2.39589667320251, 0.89360654354095, -0.02848982810974, 0.39414390921593, 1.30133926868439, -2.68597292900085, -1.93179416656494, 0.78616189956665, -2.13652348518372, 0.78253084421158, -1.7636706829071, 1.68295156955719, -2.52228450775146, 0.84457302093506, 0.00340868905187, -2.48649859428406, 0.81858599185944, 0.10937874019146, -2.46526026725769, 0.80739390850067, 0.12622174620628, -2.43532252311707, 0.79567086696625, 0.11780817806721, -2.41122531890869, 0.79509860277176, 0.09513371437788, -1.94074058532715, 0.66145431995392, -2.07517457008362, -1.82717621326447, 0.64748919010162, -2.0848560333252, -1.80053079128265, 0.65952175855637, -2.0825629234314, -1.79177606105804, 0.69061702489853, -2.07475781440735, -1.80114054679871, 0.72229135036469, -2.07271337509155, -2.4670946598053, 0.85836523771286, -0.00864551216364, -2.47152733802795, 0.83897376060486, 0.07041312754154, -2.45057106018066, 0.83065724372864, 0.0818744674325, -2.42519164085388, 0.82298570871353, 0.07612603157759, -2.40525770187378, 0.81867927312851, 0.0607116445899, -1.93282282352448, 0.7154575586319, -2.09523510932922, -1.86084032058716, 0.67721855640411, -2.09673118591309, -1.83982503414154, 0.69125413894653, -2.09570264816284, -1.8319343328476, 0.71688365936279, -2.09159564971924, -1.83560919761658, 0.74178785085678, -2.08714723587036, 22.0900116910004, 171.801783589703, 169.546222899333, 163.733759236409, 153.820108486351, 4.69854518665972, 28.9778049689257, 23.8035405216692, 25.0374124876847, 23.8882468202084
-0.20596790313721, -0.35873365402222, 0.64101791381836, -3.21185302734375, -2.02311563491821, -5.29796075820923, -1.95324969291687, 0.74938559532166, -2.13007974624634, -0.2141165882349, -1.57240426540375, 1.00008463859558, -2.13939905166626, 1.27500200271606, -1.96767055988312, -0.85973709821701, 0.00259673083201, 0.33178275823593, -2.39589667320251, 0.89360654354095, -0.02848982810974, 0.39414390921593, 1.30133926868439, -2.68597292900085, -1.93666291236877, 0.78504514694214, -2.12926125526428, 0.72633117437363, -1.73758637905121, 1.74002885818481, -2.52228450775146, 0.84457302093506, 0.00340868905187, -2.48649859428406, 0.81858599185944, 0.10937874019146, -2.46526026725769, 0.80739390850067, 0.12622174620628, -2.43532252311707, 0.79567086696625, 0.11780817806721, -2.41122531890869, 0.79509860277176, 0.09513371437788, -1.95416927337646, 0.66311848163605, -2.06427597999573, -1.84159910678864, 0.64179146289825, -2.07193922996521, -1.81427943706512, 0.65220201015472, -2.06964111328125, -1.80368208885193, 0.68291842937469, -2.06266450881958, -1.81106078624725, 0.71516418457031, -2.06171631813049, -2.4670946598053, 0.85836523771286, -0.00864551216364, -2.47152733802795, 0.83897376060486, 0.07041312754154, -2.45057106018066, 0.83065724372864, 0.0818744674325, -2.42519164085388, 0.82298570871353, 0.07612603157759, -2.40525770187378, 0.81867927312851, 0.0607116445899, -1.942631483078, 0.7158682346344, -2.08585834503174, -1.87318229675293, 0.67317974567413, -2.08518314361572, -1.85134017467499, 0.68590050935745, -2.08428859710693, -1.84190392494202, 0.7111029624939, -2.0808539390564, -1.84405934810638, 0.73631489276886, -2.07721734046936, 20.9805874792098, 171.869429783243, 169.543490823665, 163.744646557946, 153.805109390934, 4.69854518665972, 28.9778049689257, 23.8035405216692, 25.0374124876847, 23.8882468202084
-0.22771739959717, -0.11920166015625, 0.40932655334473, -3.72967195510864, -1.23227608203888, -7.51022577285767, -1.96046388149261, 0.74990022182465, -2.12200164794922, -0.27645915746689, -1.59335267543793, 1.03268420696259, -2.13813519477844, 1.27463245391846, -1.96822285652161, -0.86159801483154, -0.00021858102991, 0.33064395189285, -2.39589667320251, 0.89360654354095, -0.02848982810974, 0.39414390921593, 1.30133926868439, -2.68597292900085, -1.94089567661285, 0.78300756216049, -2.12168765068054, 0.68488758802414, -1.72378945350647, 1.77852463722229, -2.52228450775146, 0.84457302093506, 0.00340868905187, -2.48649859428406, 0.81858599185944, 0.10937874019146, -2.46526026725769, 0.80739390850067, 0.12622174620628, -2.43532252311707, 0.79567086696625, 0.11780817806721, -2.41122531890869, 0.79509860277176, 0.09513371437788, -1.96464490890503, 0.66350042819977, -2.05423617362976, -1.85309112071991, 0.63691383600235, -2.06011199951172, -1.825350522995, 0.64612179994583, -2.05772542953491, -1.81343603134155, 0.67647475004196, -2.05130529403687, -1.81934380531311, 0.70903563499451, -2.05115509033203, -2.4670946598053, 0.85836523771286, -0.00864551216364, -2.47152733802795, 0.83897376060486, 0.07041312754154, -2.45057106018066, 0.83065724372864, 0.0818744674325, -2.42519164085388, 0.82298570871353, 0.07612603157759, -2.40525770187378, 0.81867927312851, 0.0607116445899, -1.95048022270203, 0.71517086029053, -2.07684135437012, -1.8830646276474, 0.66939747333527, -2.07441329956055, -1.86067497730255, 0.68112981319427, -2.07354474067688, -1.85013461112976, 0.70594871044159, -2.07055711746216, -1.85117471218109, 0.73130822181702, -2.06750321388245, 19.9029492602691, 172.035294097048, 169.532193690778, 163.754563992621, 153.788894521844, 4.69854518665972, 28.9778049689257, 23.8035405216692, 25.0374124876847, 23.8882468202084
-0.22992324829102, -0.15088176727295, 0.47812843322754, -2.22290563583374, -0.93760877847672, -4.51549053192139, -1.96635329723358, 0.74915301799774, -2.11393260955811, -0.32130289077759, -1.61185312271118, 1.0575567483902, -2.1369845867157, 1.27432346343994, -1.96866607666016, -0.86360973119736, -0.00264327041805, 0.32971802353859, -2.39589667320251, 0.89360654354095, -0.02848982810974, 0.39414390921593, 1.30133926868439, -2.68597292900085, -1.94221007823944, 0.78062921762466, -2.12009382247925, 0.65286135673523, -1.71422290802002, 1.82646262645721, -2.52228450775146, 0.84457302093506, 0.00340868905187, -2.48649859428406, 0.81858599185944, 0.10937874019146, -2.46526026725769, 0.80739390850067, 0.12622174620628, -2.43532252311707, 0.79567086696625, 0.11780817806721, -2.41122531890869, 0.79509860277176, 0.09513371437788, -1.97174203395844, 0.66435796022415, -2.04935097694397, -1.86117112636566, 0.63349711894989, -2.05205416679382, -1.83315646648407, 0.64174920320511, -2.04938888549805, -1.82023894786835, 0.67183655500412, -2.04369974136353, -1.82492232322693, 0.70458048582077, -2.04471659660339, -2.4670946598053, 0.85836523771286, -0.00864551216364, -2.47152733802795, 0.83897376060486, 0.07041312754154, -2.45057106018066, 0.83065724372864, 0.0818744674325, -2.42519164085388, 0.82298570871353, 0.07612603157759, -2.40525770187378, 0.81867927312851, 0.0607116445899, -1.95520877838135, 0.71470093727112, -2.07330298423767, -1.88961899280548, 0.66657704114914, -2.0680091381073, -1.86682605743408, 0.67749786376953, -2.06705284118652, -1.8554220199585, 0.70199584960938, -2.0646448135376, -1.8555691242218, 0.72746306657791, -2.06242823600769, 19.7864416009543, 172.03215221003, 169.533067954992, 163.761885955411, 153.774154973615, 4.69854518665972, 28.9778049689257, 23.8035405216692, 25.0374124876847, 23.8882468202084
-0.21120357513428, -0.2031569480896, 0.51328468322754, -1.6079785823822, -0.8043766617775, -3.28126454353333, -1.96906709671021, 0.74800932407379, -2.11178684234619, -0.35661038756371, -1.64420175552368, 1.09418308734894, -2.13602304458618, 1.27399384975433, -1.96906185150146, -0.86569160223007, -0.00460434891284, 0.32874089479446, -2.39589667320251, 0.89360654354095, -0.02848982810974, 0.39414390921593, 1.30133926868439, -2.68597292900085, -1.9436719417572, 0.77779048681259, -2.11713457107544, 0.62219834327698, -1.70792543888092, 1.86549723148346, -2.52228450775146, 0.84457302093506, 0.00340868905187, -2.48649859428406, 0.81858599185944, 0.10937874019146, -2.46526026725769, 0.80739390850067, 0.12622174620628, -2.43532252311707, 0.79567086696625, 0.11780817806721, -2.41122531890869, 0.79509860277176, 0.09513371437788, -1.97841131687164, 0.66456413269043, -2.04386329650879, -1.86895728111267, 0.62984472513199, -2.04382467269897, -1.84071898460388, 0.63719439506531, -2.04089164733887, -1.8268529176712, 0.66696101427078, -2.03577709197998, -1.83037137985229, 0.69980752468109, -2.03774189949036, -2.4670946598053, 0.85836523771286, -0.00864551216364, -2.47152733802795, 0.83897376060486, 0.07041312754154, -2.45057106018066, 0.83065724372864, 0.0818744674325, -2.42519164085388, 0.82298570871353, 0.07612603157759, -2.40525770187378, 0.81867927312851, 0.0607116445899, -1.95973610877991, 0.71364015340805, -2.06884837150574, -1.89596474170685, 0.66344267129898, -2.06114220619202, -1.87282288074493, 0.67359244823456, -2.0600790977478, -1.86061060428619, 0.69773852825165, -2.05812215805054, -1.85990381240845, 0.72324627637863, -2.05658340454102, 19.4955284762779, 172.028381945608, 169.528546369761, 163.768128748313, 153.758554821551, 4.69854518665972, 28.9778049689257, 23.8035405216692, 25.0374124876847, 23.8882468202084
0.03379154205322, -0.29305601119995, 0.06871604919434, -2.33759450912476, -1.45164263248444, -2.67987632751465, -1.97178590297699, 0.74635344743729, -2.10843563079834, -0.38887828588486, -1.67276322841644, 1.12608516216278, -2.13517880439758, 1.27366638183594, -1.96947360038757, -0.86758065223694, -0.00638892920688, 0.327377140522, -2.39589667320251, 0.89360654354095, -0.02848982810974, 0.39414390921593, 1.30133926868439, -2.68597292900085, -1.94369316101074, 0.77744781970978, -2.11736488342285, 0.63409286737442, -1.69072914123535, 1.8901207447052, -2.52228450775146, 0.84457302093506, 0.00340868905187, -2.48649859428406, 0.81858599185944, 0.10937874019146, -2.46526026725769, 0.80739390850067, 0.12622174620628, -2.43532252311707, 0.79567086696625, 0.11780817806721, -2.41122531890869, 0.79509860277176, 0.09513371437788, -1.97718870639801, 0.66549217700958, -2.0416042804718, -1.8674179315567, 0.63179123401642, -2.04113626480103, -1.83924126625061, 0.63946145772934, -2.03843998908997, -1.82563853263855, 0.66945672035217, -2.03399872779846, -1.82946646213531, 0.70222020149231, -2.03665161132813, -2.4670946598053, 0.85836523771286, -0.00864551216364, -2.47152733802795, 0.83897376060486, 0.07041312754154, -2.45057106018066, 0.83065724372864, 0.0818744674325, -2.42519164085388, 0.82298570871353, 0.07612603157759, -2.40525770187378, 0.81867927312851, 0.0607116445899, -1.95903503894806, 0.71419495344162, -2.06768012046814, -1.8947811126709, 0.66476255655289, -2.05908823013306, -1.8717315196991, 0.67514544725418, -2.05830645561218, -1.85973858833313, 0.69943922758102, -2.05689787864685, -1.85926425457001, 0.72497940063477, -2.05590391159058, 19.4327692830892, 171.972374394414, 169.538859955408, 163.7516133509, 153.734567197186, 4.69854518665972, 28.9778049689257, 23.8035405216692, 25.0374124876847, 23.8882468202084
0.00204277038574, -0.30563879013062, 0.17974662780762, -1.92743277549744, -1.21941125392914, -2.50119352340698, -1.97149157524109, 0.74594551324844, -2.10791993141174, -0.3774625658989, -1.67818093299866, 1.14786601066589, -2.13445281982422, 1.27338933944702, -1.96980428695679, -0.86861795186996, -0.00714685535058, 0.32542523741722, -2.39589667320251, 0.89360654354095, -0.02848982810974, 0.39414390921593, 1.30133926868439, -2.68597292900085, -1.94386100769043, 0.77659821510315, -2.11691069602966, 0.63840585947037, -1.67568957805634, 1.9154098033905, -2.52228450775146, 0.84457302093506, 0.00340868905187, -2.48649859428406, 0.81858599185944, 0.10937874019146, -2.46526026725769, 0.80739390850067, 0.12622174620628, -2.43532252311707, 0.79567086696625, 0.11780817806721, -2.41122531890869, 0.79509860277176, 0.09513371437788, -1.97713279724121, 0.66616749763489, -2.03884840011597, -1.86729466915131, 0.63270342350006, -2.03768658638, -1.83913350105286, 0.64048427343369, -2.0351505279541, -1.82559084892273, 0.67059224843979, -2.03133153915405, -1.82948446273804, 0.70328599214554, -2.03466176986694, -2.4670946598053, 0.85836523771286, -0.00864551216364, -2.47152733802795, 0.83897376060486, 0.07041312754154, -2.45057106018066, 0.83065724372864, 0.0818744674325, -2.42519164085388, 0.82298570871353, 0.07612603157759, -2.40525770187378, 0.81867927312851, 0.0607116445899, -1.95907652378082, 0.71435648202896, -2.06592702865601, -1.89472377300262, 0.66524130105972, -2.05631613731384, -1.87169504165649, 0.6756843328476, -2.05575013160706, -1.85975074768066, 0.70002603530884, -2.05484509468079, -1.85932755470276, 0.72558218240738, -2.05437994003296, 19.2643094974, 171.908703370971, 169.54690591825, 163.731068141876, 153.708735421745, 4.69854518665972, 28.9778049689257, 23.8035405216692, 25.0374124876847, 23.8882468202084
-0.02017879486084, -0.14035892486572, -0.02542304992676, -1.53159713745117, 0.19579218327999, 0.66432511806488, -1.97159624099731, 0.74524241685867, -2.10681486129761, -0.37317046523094, -1.68618440628052, 1.16973316669464, -2.13387680053711, 1.2731693983078, -1.96999943256378, -0.86945670843124, -0.00786415021867, 0.32381924986839, -2.39589667320251, 0.89360654354095, -0.02848982810974, 0.39414390921593, 1.30133926868439, -2.68597292900085, -1.94422316551209, 0.7754522562027, -2.11591529846191, 0.63792824745178, -1.6609114408493, 1.94334268569946, -2.52228450775146, 0.84457302093506, 0.00340868905187, -2.48649859428406, 0.81858599185944, 0.10937874019146, -2.46526026725769, 0.80739390850067, 0.12622174620628, -2.43532252311707, 0.79567086696625, 0.11780817806721, -2.41122531890869, 0.79509860277176, 0.09513371437788, -1.97793388366699, 0.66687655448914, -2.03547525405884, -1.8681880235672, 0.6331570148468, -2.03336048126221, -1.84001088142395, 0.64091813564301, -2.03094530105591, -1.82639455795288, 0.67106783390045, -2.02777218818665, -1.8301944732666, 0.70368945598602, -2.03183746337891, -2.4670946598053, 0.85836523771286, -0.00864551216364, -2.47152733802795, 0.83897376060486, 0.07041312754154, -2.45057106018066, 0.83065724372864, 0.0818744674325, -2.42519164085388, 0.82298570871353, 0.07612603157759, -2.40525770187378, 0.81867927312851, 0.0607116445899, -1.95969879627228, 0.71440243721008, -2.06358647346497, -1.89549565315247, 0.66534399986267, -2.05276203155518, -1.87244009971619, 0.67573618888855, -2.0523853302002, -1.86043238639832, 0.70006042718887, -2.05200028419495, -1.85994160175323, 0.72561937570572, -2.05210375785828, 18.9341193699014, 171.837519139441, 169.552738899802, 163.706602404269, 153.681127797119, 4.69854518665972, 28.9778049689257, 23.8035405216692, 25.0374124876847, 23.8882468202084
-0.01299476623535, -0.16752004623413, 0.02399826049805, -1.49116194248199, 0.00108134502079, 0.14478436112404, -1.97206079959869, 0.74440252780914, -2.10517597198486, -0.37312725186348, -1.69683277606964, 1.1938316822052, -2.13339424133301, 1.27295410633087, -1.97013938426971, -0.87048673629761, -0.00917764101177, 0.32333958148956, -2.39589667320251, 0.89360654354095, -0.02848982810974, 0.39414390921593, 1.30133926868439, -2.68597292900085, -1.94429004192352, 0.77619767189026, -2.11731123924255, 0.64427679777145, -1.66711723804474, 1.93553400039673, -2.52228450775146, 0.84457302093506, 0.00340868905187, -2.48649859428406, 0.81858599185944, 0.10937874019146, -2.46526026725769, 0.80739390850067, 0.12622174620628, -2.43532252311707, 0.79567086696625, 0.11780817806721, -2.41122531890869, 0.79509860277176, 0.09513371437788, -1.97737181186676, 0.66693961620331, -2.03753685951233, -1.86739897727966, 0.63396662473679, -2.03544139862061, -1.83927989006042, 0.64190816879272, -2.0329384803772, -1.82587695121765, 0.67213273048401, -2.02957463264465, -1.82989585399628, 0.70474976301193, -2.03346180915833, -2.4670946598053, 0.85836523771286, -0.00864551216364, -2.47152733802795, 0.83897376060486, 0.07041312754154, -2.45057106018066, 0.83065724372864, 0.0818744674325, -2.42519164085388, 0.82298570871353, 0.07612603157759, -2.40525770187378, 0.81867927312851, 0.0607116445899, -1.95942294597626, 0.71474808454514, -2.06535148620605, -1.89489889144897, 0.66607344150543, -2.05470371246338, -1.8719162940979, 0.67662215232849, -2.05423259735107, -1.86007738113403, 0.70102608203888, -2.05369186401367, -1.85976302623749, 0.72658801078796, -2.05365061759949, 18.9136288023913, 171.757360039342, 169.58443097755, 163.705181724922, 153.674133683409, 4.69854518665972, 28.9778049689257, 23.8035405216692, 25.0374124876847, 23.8882468202084
-0.01581859588623, -0.19277572631836, 0.0629825592041, -1.60408341884613, -0.13409462571144, -0.1913810968399, -1.97192883491516, 0.7448964715004, -2.10679030418396, -0.36698430776596, -1.69586205482483, 1.18690252304077, -2.13308525085449, 1.27280604839325, -1.9702000617981, -0.87119191884995, -0.01081181876361, 0.32408946752548, -2.39589667320251, 0.89360654354095, -0.02848982810974, 0.39414390921593, 1.30133926868439, -2.68597292900085, -1.94445252418518, 0.77713084220886, -2.11877918243408, 0.65481275320053, -1.67871344089508, 1.92280292510986, -2.52228450775146, 0.84457302093506, 0.00340868905187, -2.48649859428406, 0.81858599185944, 0.10937874019146, -2.46526026725769, 0.80739390850067, 0.12622174620628, -2.43532252311707, 0.79567086696625, 0.11780817806721, -2.41122531890869, 0.79509860277176, 0.09513371437788, -1.97657859325409, 0.666783452034, -2.04012131690979, -1.8662416934967, 0.63505935668945, -2.03788828849792, -1.83822584152222, 0.64330071210861, -2.03520321846008, -1.82518541812897, 0.67364573478699, -2.0315146446228, -1.82956516742706, 0.70624822378159, -2.0351243019104, -2.4670946598053, 0.85836523771286, -0.00864551216364, -2.47152733802795, 0.83897376060486, 0.07041312754154, -2.45057106018066, 0.83065724372864, 0.0818744674325, -2.42519164085388, 0.82298570871353, 0.07612603157759, -2.40525770187378, 0.81867927312851, 0.0607116445899, -1.95907545089722, 0.71504443883896, -2.06743407249451, -1.89403581619263, 0.66702055931091, -2.05696964263916, -1.87117838859558, 0.67782819271088, -2.05631303787231, -1.85962378978729, 0.70236068964005, -2.05550599098206, -1.8596043586731, 0.72792315483093, -2.05523371696472, 18.8877782439301, 171.670001919857, 169.617461772377, 163.703405875738, 153.668218739588, 4.69854518665972, 28.9778049689257, 23.8035405216692, 25.0374124876847, 23.8882468202084
0.0010986328125, 0.07596015930176, -0.10037040710449, 0.40632894635201, -0.11076520383358, 0.49779972434044, -1.97176873683929, 0.74542021751404, -2.10864925384521, -0.35668370127678, -1.69583022594452, 1.17580664157867, -2.13301014900208, 1.27263641357422, -1.97021532058716, -0.87168127298355, -0.012923986651, 0.32491245865822, -2.39589667320251, 0.89360654354095, -0.02848982810974, 0.39414390921593, 1.30133926868439, -2.68597292900085, -1.94459748268127, 0.78194427490234, -2.12415385246277, 0.66916787624359, -1.68967115879059, 1.89283120632172, -2.52228450775146, 0.84457302093506, 0.00340868905187, -2.48649859428406, 0.81858599185944, 0.10937874019146, -2.46526026725769, 0.80739390850067, 0.12622174620628, -2.43532252311707, 0.79567086696625, 0.11780817806721, -2.41122531890869, 0.79509860277176, 0.09513371437788, -1.97425663471222, 0.66937786340714, -2.04770231246948, -1.86338698863983, 0.63949465751648, -2.04696893692017, -1.83549416065216, 0.64815104007721, -2.04430770874023, -1.82293915748596, 0.6786260008812, -2.04004979133606, -1.82789528369904, 0.71122014522552, -2.04291200637817, -2.4670946598053, 0.85836523771286, -0.00864551216364, -2.47152733802795, 0.83897376060486, 0.07041312754154, -2.45057106018066, 0.83065724372864, 0.0818744674325, -2.42519164085388, 0.82298570871353, 0.07612603157759, -2.40525770187378, 0.81867927312851, 0.0607116445899, -1.95777869224548, 0.71851354837418, -2.07407712936401, -1.89186084270477, 0.67138665914536, -2.06514191627502, -1.86918437480927, 0.6825647354126, -2.06441497802734, -1.85803914070129, 0.70726692676544, -2.06315445899963, -1.85844850540161, 0.73281395435333, -2.06232190132141, 18.9033459525959, 171.613256708233, 169.668483285477, 163.726751462321, 153.652864474334, 4.69854518665972, 28.9778049689257, 23.8035405216692, 25.0374124876847, 23.8882468202084
0.00460052490234, 0.10249900817871, -0.10649871826172, 0.64733421802521, -0.27996382117271, 0.82714706659317, -1.97129714488983, 0.7495601773262, -2.11452317237854, -0.34241396188736, -1.67972671985626, 1.15058994293213, -2.13316822052002, 1.27251327037811, -1.97016549110413, -0.87139791250229, -0.01531551685184, 0.32699862122536, -2.39589667320251, 0.89360654354095, -0.02848982810974, 0.39414390921593, 1.30133926868439, -2.68597292900085, -1.9450501203537, 0.78572481870651, -2.12795686721802, 0.68075025081635, -1.69964206218719, 1.86660623550415, -2.52228450775146, 0.84457302093506, 0.00340868905187, -2.48649859428406, 0.81858599185944, 0.10937874019146, -2.46526026725769, 0.80739390850067, 0.12622174620628, -2.43532252311707, 0.79567086696625, 0.11780817806721, -2.41122531890869, 0.79509860277176, 0.09513371437788, -1.97263360023499, 0.67133152484894, -2.05346512794495, -1.86135518550873, 0.64300400018692, -2.05399417877197, -1.83356904983521, 0.65200066566467, -2.051344871521, -1.82141315937042, 0.68256372213364, -2.04658985137939, -1.82684242725372, 0.71513301134109, -2.04880332946777, -2.4670946598053, 0.85836523771286, -0.00864551216364, -2.47152733802795, 0.83897376060486, 0.07041312754154, -2.45057106018066, 0.83065724372864, 0.0818744674325, -2.42519164085388, 0.82298570871353, 0.07612603157759, -2.40525770187378, 0.81867927312851, 0.0607116445899, -1.95701634883881, 0.72118258476257, -2.07900810241699, -1.89038991928101, 0.6748286485672, -2.07138109207153, -1.8678674697876, 0.68630921840668, -2.07058501243591, -1.85706007480621, 0.71113777160645, -2.06892728805542, -1.85782051086426, 0.73665630817413, -2.06760859489441, 18.9200730858732, 171.554694666289, 169.722974534675, 163.753102332139, 153.637086737351, 4.69854518665972, 28.9778049689257, 23.8035405216692, 25.0374124876847, 23.8882468202084
-0.05433940887451, 0.44171047210693, -0.37226486206055, 1.5737270116806, 0.53673696517944, 1.21944844722748, -1.97123146057129, 0.75279223918915, -2.1187732219696, -0.33039087057114, -1.66623890399933, 1.12917053699493, -2.13282155990601, 1.2723206281662, -1.97029459476471, -0.87089490890503, -0.01679147221148, 0.32887610793114, -2.39589667320251, 0.89360654354095, -0.02848982810974, 0.39414390921593, 1.30133926868439, -2.68597292900085, -1.94371008872986, 0.79079270362854, -2.13583707809448, 0.6852735877037, -1.71469593048096, 1.82450795173645, -2.52228450775146, 0.84457302093506, 0.00340868905187, -2.48649859428406, 0.81858599185944, 0.10937874019146, -2.46526026725769, 0.80739390850067, 0.12622174620628, -2.43532252311707, 0.79567086696625, 0.11780817806721, -2.41122531890869, 0.79509860277176, 0.09513371437788, -1.9694230556488, 0.67385077476501, -2.06470966339111, -1.85791516304016, 0.64656817913055, -2.06740427017212, -1.83017981052399, 0.65572881698608, -2.06478643417358, -1.81823658943176, 0.68623530864716, -2.05920124053955, -1.82397568225861, 0.71880757808685, -2.06031632423401, -2.4670946598053, 0.85836523771286, -0.00864551216364, -2.47152733802795, 0.83897376060486, 0.07041312754154, -2.45057106018066, 0.83065724372864, 0.0818744674325, -2.42519164085388, 0.82298570871353, 0.07612603157759, -2.40525770187378, 0.81867927312851, 0.0607116445899, -1.95454072952271, 0.72462606430054, -2.08883118629456, -1.88742744922638, 0.67866200208664, -2.08343958854675, -1.86499845981598, 0.6903161406517, -2.08253526687622, -1.85438978672028, 0.71517699956894, -2.08021211624146, -1.85535764694214, 0.74063301086426, -2.07807469367981, 18.9581599282325, 171.523712928214, 169.784610161745, 163.778674560391, 153.617142584975, 4.69854518665972, 28.9778049689257, 23.8035405216692, 25.0374124876847, 23.8882468202084
-0.07126522064209, 0.35407733917236, -0.25919151306152, 1.36105680465698, 0.4623986184597, 1.0105459690094, -1.9694938659668, 0.75734883546829, -2.12740755081177, -0.32417076826096, -1.64372932910919, 1.09498226642609, -2.1331250667572, 1.27235913276672, -1.97012138366699, -0.86974668502808, -0.01744010858238, 0.33099588751793, -2.39589667320251, 0.89360654354095, -0.02848982810974, 0.39414390921593, 1.30133926868439, -2.68597292900085, -1.94304001331329, 0.79459565877914, -2.14133548736572, 0.68746745586395, -1.72694706916809, 1.79036164283752, -2.52228450775146, 0.84457302093506, 0.00340868905187, -2.48649859428406, 0.81858599185944, 0.10937874019146, -2.46526026725769, 0.80739390850067, 0.12622174620628, -2.43532252311707, 0.79567086696625, 0.11780817806721, -2.41122531890869, 0.79509860277176, 0.09513371437788, -1.96737694740295, 0.67570245265961, -2.07301425933838, -1.8557380437851, 0.64919424057007, -2.07745003700256, -1.82803452014923, 0.65845727920532, -2.07485508918762, -1.81622219085693, 0.68888366222382, -2.06859564781189, -1.82216656208038, 0.72143745422363, -2.06881618499756, -2.4670946598053, 0.85836523771286, -0.00864551216364, -2.47152733802795, 0.83897376060486, 0.07041312754154, -2.45057106018066, 0.83065724372864, 0.0818744674325, -2.42519164085388, 0.82298570871353, 0.07612603157759, -2.40525770187378, 0.81867927312851, 0.0607116445899, -1.95302820205688, 0.72717392444611, -2.09595465660095, -1.8855926990509, 0.68150579929352, -2.09237623214722, -1.86322629451752, 0.69327241182327, -2.09138011932373, -1.85274541378021, 0.71813088655472, -2.08851504325867, -1.85384559631348, 0.74351686239243, -2.08571219444275, 18.9991803368403, 171.495067114835, 169.848882241835, 163.805872373666, 153.596624696708, 4.69854518665972, 28.9778049689257, 23.8035405216692, 25.0374124876847, 23.8882468202084
0.03361988067627, 0.5152416229248, -0.53783226013184, 2.28535676002502, 0.82936102151871, 0.64240592718124, -1.96854186058044, 0.7607855796814, -2.13353228569031, -0.31971243023872, -1.62562441825867, 1.06744050979614, -2.13349103927612, 1.27240014076233, -1.96990585327148, -0.86899703741074, -0.01792615093291, 0.33302327990532, -2.39589667320251, 0.89360654354095, -0.02848982810974, 0.39414390921593, 1.30133926868439, -2.68597292900085, -1.94282913208008, 0.79735618829727, -2.14495372772217, 0.68812936544418, -1.73669731616974, 1.7630707025528, -2.52228450775146, 0.84457302093506, 0.00340868905187, -2.48649859428406, 0.81858599185944, 0.10937874019146, -2.46526026725769, 0.80739390850067, 0.12622174620628, -2.43532252311707, 0.79567086696625, 0.11780817806721, -2.41122531890869, 0.79509860277176, 0.09513371437788, -1.96617460250854, 0.6769757270813, -2.07892918586731, -1.85446870326996, 0.65102434158325, -2.08475422859192, -1.82678306102753, 0.66034555435181, -2.08217668533325, -1.81504380702972, 0.69068419933319, -2.07537722587585, -1.82111847400665, 0.72321087121964, -2.07487845420837, -2.4670946598053, 0.85836523771286, -0.00864551216364, -2.47152733802795, 0.83897376060486, 0.07041312754154, -2.45057106018066, 0.83065724372864, 0.0818744674325, -2.42519164085388, 0.82298570871353, 0.07612603157759, -2.40525770187378, 0.81867927312851, 0.0607116445899, -1.95220470428467, 0.72896945476532, -2.10090565681458, -1.8845636844635, 0.68351471424103, -2.0987823009491, -1.86223721504211, 0.69535011053085, -2.09771132469177, -1.85183310508728, 0.7201868891716, -2.09441065788269, -1.85301232337952, 0.74550467729568, -2.09107422828674, 19.0440922457278, 171.468866509179, 169.916856284455, 163.835351470124, 153.575191563093, 4.69854518665972, 28.9778049689257, 23.8035405216692, 25.0374124876847, 23.8882468202084
-0.00290966033936, 0.39603137969971, -0.36778450012207, 1.85620105266571, 0.67582046985626, 0.44026783108711, -1.96813690662384, 0.76328730583191, -2.13766098022461, -0.31666815280914, -1.61117243766785, 1.04546177387238, -2.13399624824524, 1.27246761322021, -1.96958088874817, -0.86863458156586, -0.01786157488823, 0.33490917086601, -2.39589667320251, 0.89360654354095, -0.02848982810974, 0.39414390921593, 1.30133926868439, -2.68597292900085, -1.9420793056488, 0.80461758375168, -2.15127730369568, 0.72208893299103, -1.74126815795898, 1.69508135318756, -2.52228450775146, 0.84457302093506, 0.00340868905187, -2.48649859428406, 0.81858599185944, 0.10937874019146, -2.46526026725769, 0.80739390850067, 0.12622174620628, -2.43532252311707, 0.79567086696625, 0.11780817806721, -2.41122531890869, 0.79509860277176, 0.09513371437788, -1.95775747299194, 0.68052649497986, -2.09002947807312, -1.84540402889252, 0.65968644618988, -2.10134339332581, -1.81804442405701, 0.67006540298462, -2.09940624237061, -1.80729985237122, 0.70054805278778, -2.09167098999023, -1.81468439102173, 0.73272907733917, -2.08943772315979, -2.4670946598053, 0.85836523771286, -0.00864551216364, -2.47152733802795, 0.83897376060486, 0.07041312754154, -2.45057106018066, 0.83065724372864, 0.0818744674325, -2.42519164085388, 0.82298570871353, 0.07612603157759, -2.40525770187378, 0.81867927312851, 0.0607116445899, -1.94684135913849, 0.73399901390076, -2.11010432243347, -1.87735450267792, 0.69144487380981, -2.11268758773804, -1.85550951957703, 0.70416980981827, -2.11193180084229, -1.84601271152496, 0.72925943136215, -2.10789155960083, -1.84809827804565, 0.75432956218719, -2.10334730148315, 19.104040816073, 171.47897518915, 169.985759232802, 163.865144755284, 153.48806567004, 4.69854518665972, 28.9778049689257, 23.8035405216692, 25.0374124876847, 23.8882468202084
-0.02570629119873, 0.29707717895508, -0.23529624938965, 1.49042642116547, 0.54524731636047, 0.2903761267662, -1.96564650535584, 0.76920145750046, -2.14459586143494, -0.27514964342117, -1.55765461921692, 0.99744582176208, -2.13497734069824, 1.27263331413269, -1.96891975402832, -0.86830747127533, -0.01808543130755, 0.33773508667946, -2.39589667320251, 0.89360654354095, -0.02848982810974, 0.39414390921593, 1.30133926868439, -2.68597292900085, -1.941854596138, 0.81028985977173, -2.15601253509521, 0.74765121936798, -1.74771177768707, 1.63841009140015, -2.52228450775146, 0.84457302093506, 0.00340868905187, -2.48649859428406, 0.81858599185944, 0.10937874019146, -2.46526026725769, 0.80739390850067, 0.12622174620628, -2.43532252311707, 0.79567086696625, 0.11780817806721, -2.41122531890869, 0.79509860277176, 0.09513371437788, -1.95159792900085, 0.68359816074371, -2.09900403022766, -1.83905959129334, 0.66690373420715, -2.11456155776978, -1.81199610233307, 0.67810243368149, -2.11308431625366, -1.80198442935944, 0.70862078666687, -2.10454773902893, -1.8103141784668, 0.74043768644333, -2.10088229179382, -2.4670946598053, 0.85836523771286, -0.00864551216364, -2.47152733802795, 0.83897376060486, 0.07041312754154, -2.45057106018066, 0.83065724372864, 0.0818744674325, -2.42519164085388, 0.82298570871353, 0.07612603157759, -2.40525770187378, 0.81867927312851, 0.0607116445899, -1.94304037094116, 0.73809826374054, -2.1173882484436, -1.87235295772552, 0.69798302650452, -2.12371349334717, -1.85091114044189, 0.71138590574265, -2.1231575012207, -1.84209299087524, 0.73661124706268, -2.11847519874573, -1.84482836723328, 0.76141655445099, -2.11293172836304, 19.1691051981065, 171.495859416779, 170.057763087032, 163.896782191519, 153.379083171643, 4.69854518665972, 28.9778049689257, 23.8035405216692, 25.0374124876847, 23.8882468202084
-0.1797981262207, 0.69306993484497, -0.36320114135742, 3.26689314842224, 2.84393548965454, 3.03356313705444, -1.9640554189682, 0.77389520406723, -2.14993739128113, -0.24148333072662, -1.51660943031311, 0.96033352613449, -2.13570809364319, 1.27274012565613, -1.96849012374878, -0.86835694313049, -0.0183229111135, 0.34063300490379, -2.39589667320251, 0.89360654354095, -0.02848982810974, 0.39414390921593, 1.30133926868439, -2.68597292900085, -1.93779838085175, 0.81376641988754, -2.16560411453247, 0.80928283929825, -1.77202308177948, 1.56443631649017, -2.52228450775146, 0.84457302093506, 0.00340868905187, -2.48649859428406, 0.81858599185944, 0.10937874019146, -2.46526026725769, 0.80739390850067, 0.12622174620628, -2.43532252311707, 0.79567086696625, 0.11780817806721, -2.41122531890869, 0.79509860277176, 0.09513371437788, -1.93702077865601, 0.68456906080246, -2.11361241340637, -1.82409131526947, 0.67651385068893, -2.13278675079346, -1.79784345626831, 0.68953591585159, -2.13156056404114, -1.78974151611328, 0.72032952308655, -2.12204265594482, -1.80016052722931, 0.75130820274353, -2.11685633659363, -2.4670946598053, 0.85836523771286, -0.00864551216364, -2.47152733802795, 0.83897376060486, 0.07041312754154, -2.45057106018066, 0.83065724372864, 0.0818744674325, -2.42519164085388, 0.82298570871353, 0.07612603157759, -2.40525770187378, 0.81867927312851, 0.0607116445899, -1.93282330036163, 0.7402161359787, -2.12996029853821, -1.85972321033478, 0.70548975467682, -2.13977837562561, -1.83926153182983, 0.72034645080566, -2.13923454284668, -1.83209240436554, 0.74593073129654, -2.1337525844574, -1.83638942241669, 0.77024376392365, -2.12712526321411, 19.2411124674314, 171.515789908777, 170.107172675488, 163.898353135028, 153.087871226191, 4.69854518665972, 28.9778049689257, 23.8035405216692, 25.0374124876847, 23.8882468202084
-0.17146396636963, 0.53947591781616, -0.25440216064453, 2.663982629776, 2.27222752571106, 2.33565402030945, -1.95722055435181, 0.77568012475967, -2.16044950485229, -0.16838259994984, -1.48165905475616, 0.92458134889603, -2.13656139373779, 1.27286243438721, -1.96799635887146, -0.86805319786072, -0.0177950784564, 0.34328517317772, -2.39589667320251, 0.89360654354095, -0.02848982810974, 0.39414390921593, 1.30133926868439, -2.68597292900085, -1.9349524974823, 0.81669121980667, -2.173091173172, 0.85294556617737, -1.79587161540985, 1.50162613391876, -2.52228450775146, 0.84457302093506, 0.00340868905187, -2.48649859428406, 0.81858599185944, 0.10937874019146, -2.46526026725769, 0.80739390850067, 0.12622174620628, -2.43532252311707, 0.79567086696625, 0.11780817806721, -2.41122531890869, 0.79509860277176, 0.09513371437788, -1.92634403705597, 0.68613308668137, -2.1253821849823, -1.81362926959991, 0.68456310033798, -2.14725732803345, -1.78806138038635, 0.69888573884964, -2.14617586135864, -1.78132688999176, 0.72974300384521, -2.13583421707153, -1.79319477081299, 0.75995969772339, -2.12941241264343, -2.4670946598053, 0.85836523771286, -0.00864551216364, -2.47152733802795, 0.83897376060486, 0.07041312754154, -2.45057106018066, 0.83065724372864, 0.0818744674325, -2.42519164085388, 0.82298570871353, 0.07612603157759, -2.40525770187378, 0.81867927312851, 0.0607116445899, -1.9253853559494, 0.74241101741791, -2.1399884223938, -1.85085213184357, 0.71185529232025, -2.15252208709717, -1.83117115497589, 0.72773009538651, -2.15193700790405, -1.82519543170929, 0.75346654653549, -2.1457781791687, -1.83057606220245, 0.77730244398117, -2.13826727867126, 19.3638185234179, 171.541567042704, 170.154546867571, 163.897096380221, 152.817819206787, 4.69854518665972, 28.9778049689257, 23.8035405216692, 25.0374124876847, 23.8882468202084
0.07668972015381, 0.32365036010742, -0.5965576171875, 2.89127612113953, 1.99110865592957, 5.06877565383911, -1.952272772789, 0.77750390768051, -2.16876459121704, -0.11375322937965, -1.45529901981354, 0.89761018753052, -2.13744807243347, 1.27301168441772, -1.96753227710724, -0.86745846271515, -0.01712389476597, 0.34575816988945, -2.39589667320251, 0.89360654354095, -0.02848982810974, 0.39414390921593, 1.30133926868439, -2.68597292900085, -1.93281602859497, 0.81927543878555, -2.17928075790405, 0.88604962825775, -1.81896281242371, 1.44611310958862, -2.52228450775146, 0.84457302093506, 0.00340868905187, -2.48649859428406, 0.81858599185944, 0.10937874019146, -2.46526026725769, 0.80739390850067, 0.12622174620628, -2.43532252311707, 0.79567086696625, 0.11780817806721, -2.41122531890869, 0.79509860277176, 0.09513371437788, -1.91800856590271, 0.68795204162598, -2.13534235954285, -1.80577886104584, 0.69156700372696, -2.15936422348022, -1.78079235553741, 0.70688718557358, -2.15837025642395, -1.77510237693787, 0.73770695924759, -2.14731383323669, -1.78804802894592, 0.76723223924637, -2.13984370231628, -2.4670946598053, 0.85836523771286, -0.00864551216364, -2.47152733802795, 0.83897376060486, 0.07041312754154, -2.45057106018066, 0.83065724372864, 0.0818744674325, -2.42519164085388, 0.82298570871353, 0.07612603157759, -2.40525770187378, 0.81867927312851, 0.0607116445899, -1.91960835456848, 0.74459153413773, -2.14841413497925, -1.84416830539703, 0.71744799613953, -2.16317844390869, -1.82513511180878, 0.73409152030945, -2.16252732276917, -1.82007992267609, 0.75987708568573, -2.15577793121338, -1.82626616954803, 0.78326481580734, -2.14751625061035, 19.5219852140279, 171.572999573265, 170.199926644417, 163.893039247854, 152.573598962824, 4.69854518665972, 28.9778049689257, 23.8035405216692, 25.0374124876847, 23.8882468202084
0.03496742248535, 0.26434564590454, -0.45673942565918, 2.3146550655365, 1.6243017911911, 3.71628832817078, -1.94845414161682, 0.77931255102158, -2.17570662498474, -0.07010177522898, -1.43396294116974, 0.87577831745148, -2.1383204460144, 1.27315664291382, -1.96709108352661, -0.86677116155624, -0.01586204580963, 0.34782862663269, -2.39589667320251, 0.89360654354095, -0.02848982810974, 0.39414390921593, 1.30133926868439, -2.68597292900085, -1.93170034885406, 0.82558578252792, -2.18654632568359, 0.92310047149658, -1.82461547851563, 1.3952271938324, -2.52228450775146, 0.84457302093506, 0.00340868905187, -2.48649859428406, 0.81858599185944, 0.10937874019146, -2.46526026725769, 0.80739390850067, 0.12622174620628, -2.43532252311707, 0.79567086696625, 0.11780817806721, -2.41122531890869, 0.79509860277176, 0.09513371437788, -1.90970015525818, 0.69416856765747, -2.14603471755981, -1.79863631725311, 0.70321345329285, -2.1737585067749, -1.7743171453476, 0.71959543228149, -2.17327475547791, -1.76958584785461, 0.7504026889801, -2.1617419719696, -1.78352999687195, 0.77916991710663, -2.15318989753723, -2.4670946598053, 0.85836523771286, -0.00864551216364, -2.47152733802795, 0.83897376060486, 0.07041312754154, -2.45057106018066, 0.83065724372864, 0.0818744674325, -2.42519164085388, 0.82298570871353, 0.07612603157759, -2.40525770187378, 0.81867927312851, 0.0607116445899, -1.91420495510101, 0.75093877315521, -2.15779542922974, -1.83821988105774, 0.72745168209076, -2.17569994926453, -1.81991410255432, 0.74490034580231, -2.17532801628113, -1.81574845314026, 0.77073967456818, -2.16818809509277, -1.82265031337738, 0.79365807771683, -2.15920877456665, 19.5797344634604, 171.599350443083, 170.236714043287, 163.876701435359, 152.391588081821, 4.69854518665972, 28.9778049689257, 23.8035405216692, 25.0374124876847, 23.8882468202084
0.01242828369141, 0.22820663452148, -0.37138938903809, 1.94837927818298, 1.39154636859894, 2.92081785202026, -1.94545948505402, 0.78490817546844, -2.18332457542419, -0.02366094477475, -1.39893007278442, 0.86147034168243, -2.13920879364014, 1.273282289505, -1.9665549993515, -0.86581373214722, -0.0141901569441, 0.34965711832047, -2.39589667320251, 0.89360654354095, -0.02848982810974, 0.39414390921593, 1.30133926868439, -2.68597292900085, -1.93067979812622, 0.83073335886002, -2.19277238845825, 0.95418733358383, -1.8366824388504, 1.34526610374451, -2.52228450775146, 0.84457302093506, 0.00340868905187, -2.48649859428406, 0.81858599185944, 0.10937874019146, -2.46526026725769, 0.80739390850067, 0.12622174620628, -2.43532252311707, 0.79567086696625, 0.11780817806721, -2.41122531890869, 0.79509860277176, 0.09513371437788, -1.90264093875885, 0.69946014881134, -2.15566658973694, -1.7928307056427, 0.71325999498367, -2.18627548217773, -1.76913595199585, 0.73053878545761, -2.18612408638, -1.76522934436798, 0.76126635074615, -2.17408108711243, -1.77998673915863, 0.78930771350861, -2.16453981399536, -2.4670946598053, 0.85836523771286, -0.00864551216364, -2.47152733802795, 0.83897376060486, 0.07041312754154, -2.45057106018066, 0.83065724372864, 0.0818744674325, -2.42519164085388, 0.82298570871353, 0.07612603157759, -2.40525770187378, 0.81867927312851, 0.0607116445899, -1.90959560871124, 0.7562427520752, -2.16609883308411, -1.83333051204681, 0.73601484298706, -2.18660306930542, -1.81568539142609, 0.75413376092911, -2.18637323379517, -1.81228423118591, 0.77996432781219, -2.17880916595459, -1.81977677345276, 0.80242049694061, -2.16916060447693, 19.6392202884893, 171.629635501862, 170.270851328758, 163.856552377308, 152.213046936917, 4.69854518665972, 28.9778049689257, 23.8035405216692, 25.0374124876847, 23.8882468202084
-0.13156127929688, 0.45418167114258, -0.41986656188965, 1.53109288215637, 2.47364854812622, 3.14596724510193, -1.94281363487244, 0.78950732946396, -2.19002652168274, 0.01710991933942, -1.37063944339752, 0.84823906421661, -2.14010882377625, 1.27346503734589, -1.96601581573486, -0.86526161432266, -0.01186964102089, 0.35067689418793, -2.39589667320251, 0.89360654354095, -0.02848982810974, 0.39414390921593, 1.30133926868439, -2.68597292900085, -1.93374228477478, 0.84306573867798, -2.19703769683838, 0.99454760551453, -1.82421910762787, 1.30787003040314, -2.52228450775146, 0.84457302093506, 0.00340868905187, -2.48649859428406, 0.81858599185944, 0.10937874019146, -2.46526026725769, 0.80739390850067, 0.12622174620628, -2.43532252311707, 0.79567086696625, 0.11780817806721, -2.41122531890869, 0.79509860277176, 0.09513371437788, -1.89834368228912, 0.71284550428391, -2.16260933876038, -1.79068875312805, 0.73180156946182, -2.19777631759644, -1.7677960395813, 0.7501175403595, -2.1984589099884, -1.76472854614258, 0.78087943792343, -2.18626165390015, -1.78027975559235, 0.8081482052803, -2.17578744888306, -2.4670946598053, 0.85836523771286, -0.00864551216364, -2.47152733802795, 0.83897376060486, 0.07041312754154, -2.45057106018066, 0.83065724372864, 0.0818744674325, -2.42519164085388, 0.82298570871353, 0.07612603157759, -2.40525770187378, 0.81867927312851, 0.0607116445899, -1.90824687480927, 0.76935291290283, -2.17211222648621, -1.83212959766388, 0.75273013114929, -2.1961076259613, -1.81530845165253, 0.77161490917206, -2.19644212722778, -1.81272459030151, 0.79750257730484, -2.18875098228455, -1.82077348232269, 0.81951487064362, -2.17854380607605, 19.8274329812582, 171.660344032371, 170.320588766294, 163.842564149888, 152.02794881041, 4.69854518665972, 28.9778049689257, 23.8035405216692, 25.0374124876847, 23.8882468202084
-0.10018157958984, 0.37120056152344, -0.35387992858887, 1.47883188724518, 2.03296113014221, 2.70801758766174, -1.94391274452209, 0.80131673812866, -2.19422030448914, 0.0626036003232, -1.32722640037537, 0.84831094741821, -2.14104008674622, 1.2736337184906, -1.96546626091003, -0.86483788490295, -0.00937759503722, 0.35124877095222, -2.39589667320251, 0.89360654354095, -0.02848982810974, 0.39414390921593, 1.30133926868439, -2.68597292900085, -1.93575966358185, 0.8528658747673, -2.20117163658142, 1.02869832515717, -1.82261073589325, 1.26792275905609, -2.52228450775146, 0.84457302093506, 0.00340868905187, -2.48649859428406, 0.81858599185944, 0.10937874019146, -2.46526026725769, 0.80739390850067, 0.12622174620628, -2.43532252311707, 0.79567086696625, 0.11780817806721, -2.41122531890869, 0.79509860277176, 0.09513371437788, -1.89421558380127, 0.72372651100159, -2.16966271400452, -1.78868532180786, 0.74721503257751, -2.20835733413696, -1.76654648780823, 0.76640653610229, -2.20961427688599, -1.76422095298767, 0.79712408781052, -2.19714426994324, -1.78041684627533, 0.82365292310715, -2.18578433990479, -2.4670946598053, 0.85836523771286, -0.00864551216364, -2.47152733802795, 0.83897376060486, 0.07041312754154, -2.45057106018066, 0.83065724372864, 0.0818744674325, -2.42519164085388, 0.82298570871353, 0.07612603157759, -2.40525770187378, 0.81867927312851, 0.0607116445899, -1.9065990447998, 0.77991384267807, -2.1780948638916, -1.83080804347992, 0.76651018857956, -2.20496535301209, -1.81474184989929, 0.78603202104568, -2.20565295219421, -1.81287407875061, 0.81191152334213, -2.19773054122925, -1.82138705253601, 0.83348041772842, -2.1869683265686, 20.0441036572039, 171.694317393302, 170.37032620383, 163.826431243068, 151.843192193361, 4.69854518665972, 28.9778049689257, 23.8035405216692, 25.0374124876847, 23.8882468202084
-0.46315956115723, 0.81572198867798, -0.18218421936035, 0.71606510877609, 3.12508511543274, 3.19686937332153, -1.94422388076782, 0.81072664260864, -2.19852662086487, 0.10275503247976, -1.2918872833252, 0.84663391113281, -2.14206409454346, 1.27376532554626, -1.96487426757813, -0.86409485340118, -0.00716629764065, 0.35214787721634, -2.39589667320251, 0.89360654354095, -0.02848982810974, 0.39414390921593, 1.30133926868439, -2.68597292900085, -1.93541383743286, 0.86187958717346, -2.20620894432068, 1.09531390666962, -1.80815625190735, 1.21200752258301, -2.52228450775146, 0.84457302093506, 0.00340868905187, -2.48649859428406, 0.81858599185944, 0.10937874019146, -2.46526026725769, 0.80739390850067, 0.12622174620628, -2.43532252311707, 0.79567086696625, 0.11780817806721, -2.41122531890869, 0.79509860277176, 0.09513371437788, -1.88291466236115, 0.73578876256943, -2.17899441719055, -1.78198504447937, 0.76706612110138, -2.22394514083862, -1.76138496398926, 0.78779953718185, -2.22634959220886, -1.76045155525208, 0.81850349903107, -2.21366596221924, -1.77772974967957, 0.84371542930603, -2.20097923278809, -2.4670946598053, 0.85836523771286, -0.00864551216364, -2.47152733802795, 0.83897376060486, 0.07041312754154, -2.45057106018066, 0.83065724372864, 0.0818744674325, -2.42519164085388, 0.82298570871353, 0.07612603157759, -2.40525770187378, 0.81867927312851, 0.0607116445899, -1.89975488185883, 0.7910138964653, -2.18592643737793, -1.82506680488586, 0.7832750082016, -2.21767163276672, -1.8104989528656, 0.80389958620071, -2.21912240982056, -1.80996799468994, 0.82978183031082, -2.21100902557373, -1.81928503513336, 0.85060030221939, -2.19946360588074, 20.9042481624038, 171.807807816551, 170.874489787226, 163.852249358131, 151.829108343292, 4.69854518665972, 28.9778049689257, 23.8035405216692, 25.0374124876847, 23.8882468202084
-0.33952045440674, 0.64789295196533, -0.18357467651367, 0.86294835805893, 2.55412149429321, 2.76196074485779, -1.94068884849548, 0.81922346353531, -2.20356607437134, 0.17369410395622, -1.22689867019653, 0.85875636339188, -2.14317941665649, 1.27390146255493, -1.96435868740082, -0.8636382818222, -0.00422075018287, 0.3524871468544, -2.39589667320251, 0.89360654354095, -0.02848982810974, 0.39414390921593, 1.30133926868439, -2.68597292900085, -1.93454957008362, 0.86950176954269, -2.2108895778656, 1.1429477930069, -1.80783808231354, 1.16210758686066, -2.52228450775146, 0.84457302093506, 0.00340868905187, -2.48649859428406, 0.81858599185944, 0.10937874019146, -2.46526026725769, 0.80739390850067, 0.12622174620628, -2.43532252311707, 0.79567086696625, 0.11780817806721, -2.41122531890869, 0.79509860277176, 0.09513371437788, -1.87448823451996, 0.74605256319046, -2.1874668598175, -1.77743721008301, 0.78289043903351, -2.23655533790588, -1.75805497169495, 0.8046795129776, -2.23965191841125, -1.75811767578125, 0.83527773618698, -2.22668194770813, -1.7760683298111, 0.85945188999176, -2.21295166015625, -2.4670946598053, 0.85836523771286, -0.00864551216364, -2.47152733802795, 0.83897376060486, 0.07041312754154, -2.45057106018066, 0.83065724372864, 0.0818744674325, -2.42519164085388, 0.82298570871353, 0.07612603157759, -2.40525770187378, 0.81867927312851, 0.0607116445899, -1.89442837238312, 0.80039429664612, -2.19302010536194, -1.82096183300018, 0.79679918289185, -2.22817254066467, -1.80754888057709, 0.81815981864929, -2.23004674911499, -1.80797410011292, 0.84396249055862, -2.22167754173279, -1.8178094625473, 0.86417001485825, -2.20949411392212, 21.5887850889481, 171.99832911326, 171.361987709046, 163.882712001829, 151.81537966306, 4.69854518665972, 28.9778049689257, 23.8035405216692, 25.0374124876847, 23.8882468202084
-0.30682754516602, 0.47186279296875, -0.15727615356445, 0.74205505847931, 4.5571141242981, 5.12792253494263, -1.93751060962677, 0.82660865783691, -2.20848751068115, 0.22525298595428, -1.17981934547424, 0.86809235811234, -2.14428997039795, 1.27402329444885, -1.9638819694519, -0.86299246549606, -0.00148923171218, 0.35292488336563, -2.39589667320251, 0.89360654354095, -0.02848982810974, 0.39414390921593, 1.30133926868439, -2.68597292900085, -1.93342888355255, 0.87628048658371, -2.21539640426636, 1.17959845066071, -1.816046833992, 1.11499798297882, -2.52228450775146, 0.84457302093506, 0.00340868905187, -2.48649859428406, 0.81858599185944, 0.10937874019146, -2.46526026725769, 0.80739390850067, 0.12622174620628, -2.43532252311707, 0.79567086696625, 0.11780817806721, -2.41122531890869, 0.79509860277176, 0.09513371437788, -1.86770570278168, 0.7551457285881, -2.19533371925354, -1.77398800849915, 0.7962846159935, -2.24739336967468, -1.75561094284058, 0.81886160373688, -2.25094103813171, -1.75643754005432, 0.8493178486824, -2.2376663684845, -1.77484369277954, 0.87262946367264, -2.2230749130249, -2.4670946598053, 0.85836523771286, -0.00864551216364, -2.47152733802795, 0.83897376060486, 0.07041312754154, -2.45057106018066, 0.83065724372864, 0.0818744674325, -2.42519164085388, 0.82298570871353, 0.07612603157759, -2.40525770187378, 0.81867927312851, 0.0607116445899, -1.88997995853424, 0.80868822336197, -2.19963717460632, -1.81771075725555, 0.80835801362991, -2.23736000061035, -1.80523455142975, 0.83025634288788, -2.23948264122009, -1.80639362335205, 0.8559467792511, -2.23084187507629, -1.81659233570099, 0.87563496828079, -2.21811890602112, 22.147837780061, 172.227891771264, 171.801278155705, 163.917600608109, 151.801937850774, 4.69854518665972, 28.9778049689257, 23.8035405216692, 25.0374124876847, 23.8882468202084
-0.15900993347168, 0.41506004333496, -0.17643356323242, 0.71860778331757, 3.25564193725586, 3.70135283470154, -1.93459069728851, 0.83328360319138, -2.21332859992981, 0.265770226717, -1.14298498630524, 0.87558072805405, -2.14529418945313, 1.27410089969635, -1.96339273452759, -0.86219727993011, 0.001827555825, 0.35294806957245, -2.39589667320251, 0.89360654354095, -0.02848982810974, 0.39414390921593, 1.30133926868439, -2.68597292900085, -1.93657982349396, 0.8834023475647, -2.22077608108521, 1.26064741611481, -1.83340203762054, 1.0289717912674, -2.52228450775146, 0.84457302093506, 0.00340868905187, -2.48649859428406, 0.81858599185944, 0.10937874019146, -2.46526026725769, 0.80739390850067, 0.12622174620628, -2.43532252311707, 0.79567086696625, 0.11780817806721, -2.41122531890869, 0.79509860277176, 0.09513371437788, -1.85960865020752, 0.76825314760208, -2.206223487854, -1.77325344085693, 0.81757897138596, -2.26362872123718, -1.75713491439819, 0.84167063236237, -2.26807904243469, -1.75971186161041, 0.87186938524246, -2.25444555282593, -1.7790744304657, 0.89343243837357, -2.23846864700317, -2.4670946598053, 0.85836523771286, -0.00864551216364, -2.47152733802795, 0.83897376060486, 0.07041312754154, -2.45057106018066, 0.83065724372864, 0.0818744674325, -2.42519164085388, 0.82298570871353, 0.07612603157759, -2.40525770187378, 0.81867927312851, 0.0607116445899, -1.8866024017334, 0.81970691680908, -2.20852756500244, -1.81711935997009, 0.82579559087753, -2.25072908401489, -1.8067193031311, 0.84869623184204, -2.25339317321777, -1.80951511859894, 0.87414389848709, -2.24441528320313, -1.82052636146545, 0.89281243085861, -2.23085999488831, 23.0529744488711, 172.329484004979, 172.284800907428, 164.099666130625, 151.839148721372, 4.69854518665972, 28.9778049689257, 23.8035405216692, 25.0374124876847, 23.8882468202084
-0.08088684082031, 0.3812255859375, -0.19294738769531, 0.68132883310318, 2.52029585838318, 2.88407349586487, -1.93393170833588, 0.84045392274857, -2.21911096572876, 0.34619289636612, -1.06966280937195, 0.90813255310059, -2.14626669883728, 1.27415132522583, -1.96284627914429, -0.86122804880142, 0.00552930682898, 0.35288551449776, -2.39589667320251, 0.89360654354095, -0.02848982810974, 0.39414390921593, 1.30133926868439, -2.68597292900085, -1.93791937828064, 0.88992714881897, -2.22586631774902, 1.31438088417053, -1.86852025985718, 0.94680404663086, -2.52228450775146, 0.84457302093506, 0.00340868905187, -2.48649859428406, 0.81858599185944, 0.10937874019146, -2.46526026725769, 0.80739390850067, 0.12622174620628, -2.43532252311707, 0.79567086696625, 0.11780817806721, -2.41122531890869, 0.79509860277176, 0.09513371437788, -1.85386252403259, 0.77935636043549, -2.21565675735474, -1.77310705184937, 0.83395302295685, -2.27634739875793, -1.75861763954163, 0.85896593332291, -2.28129100799561, -1.76233220100403, 0.88888251781464, -2.26730227470398, -1.78218638896942, 0.90918964147568, -2.25031495094299, -2.4670946598053, 0.85836523771286, -0.00864551216364, -2.47152733802795, 0.83897376060486, 0.07041312754154, -2.45057106018066, 0.83065724372864, 0.0818744674325, -2.42519164085388, 0.82298570871353, 0.07612603157759, -2.40525770187378, 0.81867927312851, 0.0607116445899, -1.88385736942291, 0.82916897535324, -2.21634650230408, -1.8167644739151, 0.8395322561264, -2.26148080825806, -1.80783128738403, 0.86301344633102, -2.26440072059631, -1.81169438362122, 0.88820207118988, -2.25509405136108, -1.82315862178802, 0.90611886978149, -2.24091410636902, 23.8014760969925, 172.457249523593, 172.738530373992, 164.309953994792, 151.883312724545, 4.69854518665972, 28.9778049689257, 23.8035405216692, 25.0374124876847, 23.8882468202084
-0.50198936462402, 0.21952486038208, -0.14395523071289, 0.59518533945084, 4.5701208114624, 6.17934083938599, -1.93272507190704, 0.84719574451447, -2.22468256950378, 0.39989957213402, -1.0168799161911, 0.93275237083435, -2.14720797538757, 1.27419245243073, -1.9622927904129, -0.86102241277695, 0.00854434724897, 0.35340362787247, -2.39589667320251, 0.89360654354095, -0.02848982810974, 0.39414390921593, 1.30133926868439, -2.68597292900085, -1.9417998790741, 0.89303755760193, -2.23194265365601, 1.43324565887451, -2.00391244888306, 0.75361377000809, -2.52228450775146, 0.84457302093506, 0.00340868905187, -2.48649859428406, 0.81858599185944, 0.10937874019146, -2.46526026725769, 0.80739390850067, 0.12622174620628, -2.43532252311707, 0.79567086696625, 0.11780817806721, -2.41122531890869, 0.79509860277176, 0.09513371437788, -1.84427177906036, 0.79380089044571, -2.22593951225281, -1.77427804470062, 0.85731852054596, -2.29114699363709, -1.76328444480896, 0.88387632369995, -2.29696488380432, -1.76991760730743, 0.91324853897095, -2.28290247917175, -1.79119157791138, 0.93112397193909, -2.26492977142334, -2.4670946598053, 0.85836523771286, -0.00864551216364, -2.47152733802795, 0.83897376060486, 0.07041312754154, -2.45057106018066, 0.83065724372864, 0.0818744674325, -2.42519164085388, 0.82298570871353, 0.07612603157759, -2.40525770187378, 0.81867927312851, 0.0607116445899, -1.88019740581512, 0.83951979875565, -2.22517013549805, -1.81742775440216, 0.85761898756027, -2.27393841743469, -1.8116409778595, 0.88199198246002, -2.27742671966553, -1.81808757781982, 0.90660589933395, -2.26801419258118, -1.83090341091156, 0.92311608791351, -2.25329399108887, 24.5228567714672, 172.510634282146, 172.783309094191, 164.385564188904, 151.955712729748, 4.69854518665972, 28.9778049689257, 23.8035405216692, 25.0374124876847, 23.8882468202084
-0.26168918609619, 0.26326847076416, -0.18982315063477, 0.52002996206284, 3.1531674861908, 4.17240858078003, -1.93129825592041, 0.85128873586655, -2.23089003562927, 0.49840134382248, -0.92590814828873, 1.01679718494415, -2.14815044403076, 1.27418720722198, -1.96171748638153, -0.86115777492523, 0.01096705719829, 0.3543812930584, -2.39589667320251, 0.89360654354095, -0.02848982810974, 0.39414390921593, 1.30133926868439, -2.68597292900085, -1.94346988201141, 0.89719074964523, -2.23777961730957, 1.49653565883636, -2.34641480445862, 0.37439393997192, -2.52228450775146, 0.84457302093506, 0.00340868905187, -2.48649859428406, 0.81858599185944, 0.10937874019146, -2.46526026725769, 0.80739390850067, 0.12622174620628, -2.43532252311707, 0.79567086696625, 0.11780817806721, -2.41122531890869, 0.79509860277176, 0.09513371437788, -1.83873820304871, 0.80543261766434, -2.23505759239197, -1.77592396736145, 0.87368565797806, -2.3027446269989, -1.76712763309479, 0.90095889568329, -2.30897498130798, -1.77541756629944, 0.92981594800949, -2.29472637176514, -1.79731607437134, 0.94614374637604, -2.27604484558105, -2.4670946598053, 0.85836523771286, -0.00864551216364, -2.47152733802795, 0.83897376060486, 0.07041312754154, -2.45057106018066, 0.83065724372864, 0.0818744674325, -2.42519164085388, 0.82298570871353, 0.07612603157759, -2.40525770187378, 0.81867927312851, 0.0607116445899, -1.87788987159729, 0.84838312864304, -2.23309278488159, -1.81835544109344, 0.8708718419075, -2.28404235839844, -1.81450664997101, 0.89559143781662, -2.28776049613953, -1.82242095470428, 0.91969919204712, -2.27815937995911, -1.83590149879456, 0.93527626991272, -2.26302170753479, 25.1816438848406, 172.564852323777, 172.829822682439, 164.468195817482, 152.037647679031, 4.69854518665972, 28.9778049689257, 23.8035405216692, 25.0374124876847, 23.8882468202084
-0.44807052612305, -0.31104612350464, -0.21258544921875, -0.50393664836884, 3.91319298744202, 8.92958164215088, -1.92988705635071, 0.85633343458176, -2.23704195022583, 0.55439007282257, -0.86308193206787, 1.07249224185944, -2.14912438392639, 1.27418994903564, -1.96112644672394, -0.86128163337708, 0.01343126129359, 0.35546740889549, -2.39589667320251, 0.89360654354095, -0.02848982810974, 0.39414390921593, 1.30133926868439, -2.68597292900085, -1.94408297538757, 0.90184682607651, -2.24346089363098, 1.52013897895813, -3.0718195438385, -0.37798351049423, -2.52228450775146, 0.84457302093506, 0.00340868905187, -2.48649859428406, 0.81858599185944, 0.10937874019146, -2.46526026725769, 0.80739390850067, 0.12622174620628, -2.43532252311707, 0.79567086696625, 0.11780817806721, -2.41122531890869, 0.79509860277176, 0.09513371437788, -1.83478736877441, 0.81553250551224, -2.24342489242554, -1.77728044986725, 0.88679683208466, -2.31270670890808, -1.77004444599152, 0.91447329521179, -2.31916236877441, -1.77942228317261, 0.94289118051529, -2.30470728874207, -1.80163598060608, 0.95811063051224, -2.28547048568726, -2.4670946598053, 0.85836523771286, -0.00864551216364, -2.47152733802795, 0.83897376060486, 0.07041312754154, -2.45057106018066, 0.83065724372864, 0.0818744674325, -2.42519164085388, 0.82298570871353, 0.07612603157759, -2.40525770187378, 0.81867927312851, 0.0607116445899, -1.87600839138031, 0.85644084215164, -2.24045729637146, -1.81902039051056, 0.88185614347458, -2.29292058944702, -1.81652963161469, 0.9067342877388, -2.29673767089844, -1.82541024684906, 0.93042176961899, -2.28693771362305, -1.83927237987518, 0.94531434774399, -2.27145981788635, 25.808434977047, 172.619930969244, 172.878098459492, 164.55775325788, 152.128953647856, 4.69854518665972, 28.9778049689257, 23.8035405216692, 25.0374124876847, 23.8882468202084
-0.18990898132324, -0.02232885360718, -0.27105331420898, -0.18185447156429, 2.5063464641571, 5.31343030929565, -1.92842662334442, 0.86173349618912, -2.24307012557983, 0.5917541384697, -0.81512677669525, 1.1135493516922, -2.15017986297607, 1.27418446540833, -1.9605700969696, -0.8616658449173, 0.01580857113004, 0.35651168227196, -2.39589667320251, 0.89360654354095, -0.02848982810974, 0.39414390921593, 1.30133926868439, -2.68597292900085, -1.94867420196533, 0.90489476919174, -2.24987697601318, 1.45755779743195, 1.99200749397278, -1.63321149349213, -2.52228450775146, 0.84457302093506, 0.00340868905187, -2.48649859428406, 0.81858599185944, 0.10937874019146, -2.46526026725769, 0.80739390850067, 0.12622174620628, -2.43532252311707, 0.79567086696625, 0.11780817806721, -2.41122531890869, 0.79509860277176, 0.09513371437788, -1.83072245121002, 0.83091843128204, -2.2531270980835, -1.78357827663422, 0.90744775533676, -2.32458543777466, -1.77960062026978, 0.93569380044937, -2.33139443397522, -1.79152631759644, 0.96304124593735, -2.31675314903259, -1.81461787223816, 0.97591614723206, -2.29684948921204, -2.4670946598053, 0.85836523771286, -0.00864551216364, -2.47152733802795, 0.83897376060486, 0.07041312754154, -2.45057106018066, 0.83065724372864, 0.0818744674325, -2.42519164085388, 0.82298570871353, 0.07612603157759, -2.40525770187378, 0.81867927312851, 0.0607116445899, -1.87601637840271, 0.86714726686478, -2.24895668029785, -1.82386672496796, 0.89817261695862, -2.30339741706848, -1.824214220047, 0.92314386367798, -2.3073992729187, -1.83528530597687, 0.9458065032959, -2.29740738868713, -1.85016655921936, 0.95923113822937, -2.28153800964355, 26.0556229382043, 172.68226327561, 172.895556423011, 164.626997715685, 152.222718484782, 4.69854518665972, 28.9778049689257, 23.8035405216692, 25.0374124876847, 23.8882468202084
-0.07987403869629, 0.11425352096558, -0.29793548583984, -0.05104816704988, 1.84910273551941, 3.66104292869568, -1.9287565946579, 0.86671561002731, -2.2498414516449, 0.66299343109131, -0.72232884168625, 1.21505498886108, -2.15120267868042, 1.27415359020233, -1.96002602577209, -0.86174941062927, 0.01890749298036, 0.35648033022881, -2.39589667320251, 0.89360654354095, -0.02848982810974, 0.39414390921593, 1.30133926868439, -2.68597292900085, -1.95143258571625, 0.90897184610367, -2.25607872009277, 1.39225268363953, 1.8343870639801, -1.81652343273163, -2.52228450775146, 0.84457302093506, 0.00340868905187, -2.48649859428406, 0.81858599185944, 0.10937874019146, -2.46526026725769, 0.80739390850067, 0.12622174620628, -2.43532252311707, 0.79567086696625, 0.11780817806721, -2.41122531890869, 0.79509860277176, 0.09513371437788, -1.8286908864975, 0.84343242645264, -2.26197338104248, -1.78874027729034, 0.92278647422791, -2.33472299575806, -1.78691697120667, 0.95121389627457, -2.34169292449951, -1.80038189888, 0.9777175784111, -2.3268358707428, -1.82384157180786, 0.98902314901352, -2.30641651153564, -2.4670946598053, 0.85836523771286, -0.00864551216364, -2.47152733802795, 0.83897376060486, 0.07041312754154, -2.45057106018066, 0.83065724372864, 0.0818744674325, -2.42519164085388, 0.82298570871353, 0.07612603157759, -2.40525770187378, 0.81867927312851, 0.0607116445899, -1.87630379199982, 0.87641406059265, -2.25680708885193, -1.82776498794556, 0.91079658269882, -2.31255459785461, -1.82995855808258, 0.9356654882431, -2.3166069984436, -1.84235262870789, 0.95753687620163, -2.30640745162964, -1.85775876045227, 0.96994990110397, -2.29021859169006, 26.3711452344604, 172.746166525484, 172.910500876915, 164.699179154834, 152.324297058118, 4.69854518665972, 28.9778049689257, 23.8035405216692, 25.0374124876847, 23.8882468202084
-0.30476760864258, -0.26470184326172, -0.31287002563477, -0.43054124712944, 2.38384819030762, 7.81598711013794, -1.92888987064362, 0.87228310108185, -2.25642824172974, 0.70505613088608, -0.65254658460617, 1.2877049446106, -2.15217304229736, 1.27405643463135, -1.95954132080078, -0.86165601015091, 0.02194669470191, 0.35656595230103, -2.39589667320251, 0.89360654354095, -0.02848982810974, 0.39414390921593, 1.30133926868439, -2.68597292900085, -1.95710062980652, 0.91489195823669, -2.25824165344238, 1.29708790779114, 1.89471018314362, -1.80722773075104, -2.52228450775146, 0.84457302093506, 0.00340868905187, -2.48649859428406, 0.81858599185944, 0.10937874019146, -2.46526026725769, 0.80739390850067, 0.12622174620628, -2.43532252311707, 0.79567086696625, 0.11780817806721, -2.41122531890869, 0.79509860277176, 0.09513371437788, -1.82946121692657, 0.86098796129227, -2.27232098579407, -1.80064916610718, 0.94559866189957, -2.34440779685974, -1.80174744129181, 0.9742528796196, -2.35055208206177, -1.81673395633698, 0.99900645017624, -2.33420777320862, -1.84000849723816, 1.00756931304932, -2.31229639053345, -2.4670946598053, 0.85836523771286, -0.00864551216364, -2.47152733802795, 0.83897376060486, 0.07041312754154, -2.45057106018066, 0.83065724372864, 0.0818744674325, -2.42519164085388, 0.82298570871353, 0.07612603157759, -2.40525770187378, 0.81867927312851, 0.0607116445899, -1.87949979305267, 0.88934361934662, -2.26374435424805, -1.8372266292572, 0.92950636148453, -2.32071709632874, -1.84184813499451, 0.95417302846909, -2.32386183738709, -1.85559916496277, 0.97453945875168, -2.31236743927002, -1.87118470668793, 0.98505312204361, -2.2950451374054, 26.7571704508766, 172.784921018835, 172.906880876655, 164.741116516338, 152.687676782341, 4.69854518665972, 28.9778049689257, 23.8035405216692, 25.0374124876847, 23.8882468202084
-0.15737915039063, -0.01492595672607, -0.3398551940918, -0.23306092619896, 1.71654558181763, 5.05403423309326, -1.93141210079193, 0.88043189048767, -2.26087975502014, 0.78059977293015, -0.54800993204117, 1.36640405654907, -2.15312957763672, 1.27393662929535, -1.9590744972229, -0.86161547899246, 0.02504129335284, 0.35687765479088, -2.39589667320251, 0.89360654354095, -0.02848982810974, 0.39414390921593, 1.30133926868439, -2.68597292900085, -1.96083033084869, 0.92067909240723, -2.26145458221436, 1.23460876941681, 1.91590225696564, -1.81985604763031, -2.52228450775146, 0.84457302093506, 0.00340868905187, -2.48649859428406, 0.81858599185944, 0.10937874019146, -2.46526026725769, 0.80739390850067, 0.12622174620628, -2.43532252311707, 0.79567086696625, 0.11780817806721, -2.41122531890869, 0.79509860277176, 0.09513371437788, -1.83073723316193, 0.87482607364655, -2.28066301345825, -1.80949461460114, 0.96216130256653, -2.35212588310242, -1.81251466274261, 0.99079078435898, -2.35771656036377, -1.82839822769165, 1.01432919502258, -2.34045004844666, -1.85139203071594, 1.02111852169037, -2.31763958930969, -2.4670946598053, 0.85836523771286, -0.00864551216364, -2.47152733802795, 0.83897376060486, 0.07041312754154, -2.45057106018066, 0.83065724372864, 0.0818744674325, -2.42519164085388, 0.82298570871353, 0.07612603157759, -2.40525770187378, 0.81867927312851, 0.0607116445899, -1.88206768035889, 0.89996266365051, -2.26994848251343, -1.84422218799591, 0.94351077079773, -2.32754397392273, -1.85041725635529, 0.96789962053299, -2.33009362220764, -1.86496865749359, 0.98721134662628, -2.31779265403748, -1.88056349754334, 0.99648594856262, -2.29978442192078, 27.187557745952, 172.821530832786, 172.898670989272, 164.781373651306, 153.12392096463, 4.69854518665972, 28.9778049689257, 23.8035405216692, 25.0374124876847, 23.8882468202084
-0.37056541442871, 0.11161422729492, 0.01007652282715, 2.127769947052, 3.68744707107544, 6.51552963256836, -1.9332263469696, 0.88788247108459, -2.26554822921753, 0.82474064826965, -0.46878927946091, 1.43030488491058, -2.15407943725586, 1.27381753921509, -1.95862197875977, -0.86171478033066, 0.02789230830967, 0.35697513818741, -2.39589667320251, 0.89360654354095, -0.02848982810974, 0.39414390921593, 1.30133926868439, -2.68597292900085, -1.96425080299377, 0.92105394601822, -2.2647876739502, 1.13943147659302, 1.9632031917572, -1.79930603504181, -2.52228450775146, 0.84457302093506, 0.00340868905187, -2.48649859428406, 0.81858599185944, 0.10937874019146, -2.46526026725769, 0.80739390850067, 0.12622174620628, -2.43532252311707, 0.79567086696625, 0.11780817806721, -2.41122531890869, 0.79509860277176, 0.09513371437788, -1.83135497570038, 0.88742810487747, -2.28935790061951, -1.8197865486145, 0.97907507419586, -2.35756778717041, -1.8254029750824, 1.00753784179688, -2.36185145378113, -1.8427118062973, 1.02890169620514, -2.34318423271179, -1.86550760269165, 1.03275537490845, -2.31950640678406, -2.4670946598053, 0.85836523771286, -0.00864551216364, -2.47152733802795, 0.83897376060486, 0.07041312754154, -2.45057106018066, 0.83065724372864, 0.0818744674325, -2.42519164085388, 0.82298570871353, 0.07612603157759, -2.40525770187378, 0.81867927312851, 0.0607116445899, -1.88429808616638, 0.90758210420609, -2.27623128890991, -1.85204553604126, 0.95651906728745, -2.3328959941864, -1.86037135124207, 0.9803638458252, -2.33423948287964, -1.87614178657532, 0.99783509969711, -2.32074689865112, -1.89192450046539, 1.00499534606934, -2.30195450782776, 27.4684202472648, 172.841297400244, 172.889846384865, 164.811221577979, 153.546395485552, 4.69854518665972, 28.9778049689257, 23.8035405216692, 25.0374124876847, 23.8882468202084
-0.22103118896484, 0.20108413696289, -0.12579345703125, 1.21900224685669, 2.39274907112122, 4.33887529373169, -1.93408560752869, 0.8909575343132, -2.27100229263306, 0.89767891168594, -0.36864775419235, 1.5250107049942, -2.15498948097229, 1.27369475364685, -1.95815539360046, -0.86164808273315, 0.03030109591782, 0.35768282413483, -2.39589667320251, 0.89360654354095, -0.02848982810974, 0.39414390921593, 1.30133926868439, -2.68597292900085, -1.9668345451355, 0.92273288965225, -2.2686231136322, 1.07515358924866, 1.98467993736267, -1.79818558692932, -2.52228450775146, 0.84457302093506, 0.00340868905187, -2.48649859428406, 0.81858599185944, 0.10937874019146, -2.46526026725769, 0.80739390850067, 0.12622174620628, -2.43532252311707, 0.79567086696625, 0.11780817806721, -2.41122531890869, 0.79509860277176, 0.09513371437788, -1.83274710178375, 0.89765250682831, -2.29668045043945, -1.82802021503448, 0.9915035367012, -2.36267471313477, -1.83538508415222, 1.01968264579773, -2.36609792709351, -1.8535168170929, 1.03951096534729, -2.34653878211975, -1.87599205970764, 1.04141497612, -2.3223237991333, -2.4670946598053, 0.85836523771286, -0.00864551216364, -2.47152733802795, 0.83897376060486, 0.07041312754154, -2.45057106018066, 0.83065724372864, 0.0818744674325, -2.42519164085388, 0.82298570871353, 0.07612603157759, -2.40525770187378, 0.81867927312851, 0.0607116445899, -1.88649034500122, 0.91430455446243, -2.28198909759521, -1.8583710193634, 0.96646791696548, -2.33797311782837, -1.86810684204102, 0.98980468511581, -2.33852577209473, -1.88458466529846, 1.00596904754639, -2.32427096366882, -1.90035796165466, 1.01171004772186, -2.30499005317688, 27.7892786288099, 172.856815590039, 172.877347138684, 164.838077881795, 153.976137327751, 4.69854518665972, 28.9778049689257, 23.8035405216692, 25.0374124876847, 23.8882468202084
-0.11348533630371, -0.23743343353271, -0.21732330322266, 2.98708033561707, 2.03068709373474, 6.19238567352295, -1.93509542942047, 0.8946385383606, -2.2762188911438, 0.94096368551254, -0.2857863008976, 1.6034334897995, -2.15590119361877, 1.27351427078247, -1.95774281024933, -0.86167973279953, 0.03289676830173, 0.35873007774353, -2.39589667320251, 0.89360654354095, -0.02848982810974, 0.39414390921593, 1.30133926868439, -2.68597292900085, -1.96891140937805, 0.92522919178009, -2.27276253700256, 1.02582097053528, 1.99765491485596, -1.80235707759857, -2.52228450775146, 0.84457302093506, 0.00340868905187, -2.48649859428406, 0.81858599185944, 0.10937874019146, -2.46526026725769, 0.80739390850067, 0.12622174620628, -2.43532252311707, 0.79567086696625, 0.11780817806721, -2.41122531890869, 0.79509860277176, 0.09513371437788, -1.8343141078949, 0.90685027837753, -2.30344581604004, -1.83500504493713, 1.00198245048523, -2.3677499294281, -1.84370756149292, 1.02984941005707, -2.37052845954895, -1.86239147186279, 1.04847002029419, -2.35031318664551, -1.88451540470123, 1.04890537261963, -2.32570648193359, -2.4670946598053, 0.85836523771286, -0.00864551216364, -2.47152733802795, 0.83897376060486, 0.07041312754154, -2.45057106018066, 0.83065724372864, 0.0818744674325, -2.42519164085388, 0.82298570871353, 0.07612603157759, -2.40525770187378, 0.81867927312851, 0.0607116445899, -1.88850474357605, 0.92074680328369, -2.28758001327515, -1.86375534534454, 0.97513979673386, -2.34303116798401, -1.87455582618713, 0.99800997972488, -2.34299159049988, -1.89151060581207, 1.01314198970795, -2.32817411422729, -1.90719962120056, 1.01780605316162, -2.30853700637817, 28.1480138243973, 172.868194685196, 172.861214231864, 164.862092826917, 154.4100729061, 4.69854518665972, 28.9778049689257, 23.8035405216692, 25.0374124876847, 23.8882468202084
-0.08397674560547, -0.05971670150757, -0.25788688659668, 1.84883236885071, 1.47360944747925, 4.24288988113403, -1.93605506420136, 0.89876514673233, -2.28139209747314, 0.96997153759003, -0.21263016760349, 1.67268192768097, -2.15682983398438, 1.27335023880005, -1.95740151405334, -0.86188542842865, 0.0352414175868, 0.35984146595001, -2.39589667320251, 0.89360654354095, -0.02848982810974, 0.39414390921593, 1.30133926868439, -2.68597292900085, -1.97095799446106, 0.92418485879898, -2.27509331703186, 0.9313633441925, 2.03021764755249, -1.78852307796478, -2.52228450775146, 0.84457302093506, 0.00340868905187, -2.48649859428406, 0.81858599185944, 0.10937874019146, -2.46526026725769, 0.80739390850067, 0.12622174620628, -2.43532252311707, 0.79567086696625, 0.11780817806721, -2.41122531890869, 0.79509860277176, 0.09513371437788, -1.83605170249939, 0.91840624809265, -2.30919003486633, -1.84596025943756, 1.01604747772217, -2.36880230903625, -1.85696363449097, 1.04320168495178, -2.37006616592407, -1.87663185596466, 1.05925858020782, -2.34862279891968, -1.89814674854279, 1.05672383308411, -2.32360649108887, -2.4670946598053, 0.85836523771286, -0.00864551216364, -2.47152733802795, 0.83897376060486, 0.07041312754154, -2.45057106018066, 0.83065724372864, 0.0818744674325, -2.42519164085388, 0.82298570871353, 0.07612603157759, -2.40525770187378, 0.81867927312851, 0.0607116445899, -1.89081490039825, 0.92703706026077, -2.29164123535156, -1.87185502052307, 0.98580604791641, -2.34486413002014, -1.88447725772858, 1.00768184661865, -2.34351491928101, -1.90226268768311, 1.02065932750702, -2.32766342163086, -1.91782414913177, 1.02309584617615, -2.30752825737, 28.7913032385439, 172.930281104751, 172.86305838294, 164.902363622263, 154.698061002264, 4.69854518665972, 28.9778049689257, 23.8035405216692, 25.0374124876847, 23.8882468202084
-0.06384086608887, 0.03939628601074, -0.28137016296387, 1.31311762332916, 1.19452917575836, 3.30339789390564, -1.93626356124878, 0.90094828605652, -2.28561520576477, 1.02886986732483, -0.07576769590378, 1.81021535396576, -2.15780901908875, 1.27311611175537, -1.9571647644043, -0.86168742179871, 0.03698650747538, 0.36083284020424, -2.39589667320251, 0.89360654354095, -0.02848982810974, 0.39414390921593, 1.30133926868439, -2.68597292900085, -1.97278022766113, 0.92426240444183, -2.27792072296143, 0.8645481467247, 2.04852199554443, -1.78577768802643, -2.52228450775146, 0.84457302093506, 0.00340868905187, -2.48649859428406, 0.81858599185944, 0.10937874019146, -2.46526026725769, 0.80739390850067, 0.12622174620628, -2.43532252311707, 0.79567086696625, 0.11780817806721, -2.41122531890869, 0.79509860277176, 0.09513371437788, -1.83836877346039, 0.92752689123154, -2.31423306465149, -1.85499227046967, 1.02622509002686, -2.37051749229431, -1.86758625507355, 1.05270826816559, -2.37074017524719, -1.88779187202454, 1.06689870357513, -2.34849500656128, -1.90869128704071, 1.06231868267059, -2.32324886322021, -2.4670946598053, 0.85836523771286, -0.00864551216364, -2.47152733802795, 0.83897376060486, 0.07041312754154, -2.45057106018066, 0.83065724372864, 0.0818744674325, -2.42519164085388, 0.82298570871353, 0.07612603157759, -2.40525770187378, 0.81867927312851, 0.0607116445899, -1.89323568344116, 0.9323570728302, -2.29558491706848, -1.8786598443985, 0.99377506971359, -2.34717297554016, -1.89251625537872, 1.01481461524963, -2.34492921829224, -1.91075766086578, 1.02621829509735, -2.32840013504028, -1.92608904838562, 1.02710223197937, -2.3079628944397, 29.3769543938321, 172.995714317, 172.864369779261, 164.942443172313, 155.015186685428, 4.69854518665972, 28.9778049689257, 23.8035405216692, 25.0374124876847, 23.8882468202084
0.03793716430664, -0.28284215927124, -0.22175216674805, 3.41850185394287, 1.51606810092926, 5.90552616119385, -1.93696975708008, 0.90345478057861, -2.289710521698, 1.06164133548737, 0.04096077010036, 1.92642843723297, -2.15873074531555, 1.27289819717407, -1.95683765411377, -0.86136960983276, 0.03890686482191, 0.36187401413918, -2.39589667320251, 0.89360654354095, -0.02848982810974, 0.39414390921593, 1.30133926868439, -2.68597292900085, -1.97342693805695, 0.92212718725204, -2.27791857719421, 0.75627392530441, 2.06849002838135, -1.81148934364319, -2.52228450775146, 0.84457302093506, 0.00340868905187, -2.48649859428406, 0.81858599185944, 0.10937874019146, -2.46526026725769, 0.80739390850067, 0.12622174620628, -2.43532252311707, 0.79567086696625, 0.11780817806721, -2.41122531890869, 0.79509860277176, 0.09513371437788, -1.84164142608643, 0.94060260057449, -2.31899094581604, -1.87060296535492, 1.03882884979248, -2.37093758583069, -1.88585758209229, 1.06384539604187, -2.36971807479858, -1.90650451183319, 1.07510709762573, -2.34623694419861, -1.92578566074371, 1.06753981113434, -2.32042789459229, -2.4670946598053, 0.85836523771286, -0.00864551216364, -2.47152733802795, 0.83897376060486, 0.07041312754154, -2.45057106018066, 0.83065724372864, 0.0818744674325, -2.42519164085388, 0.82298570871353, 0.07612603157759, -2.40525770187378, 0.81867927312851, 0.0607116445899, -1.89591729640961, 0.93906038999557, -2.29817700386047, -1.88984000682831, 1.00333285331726, -2.34795713424683, -1.90568900108337, 1.02272522449493, -2.34442973136902, -1.92432689666748, 1.03161060810089, -2.32683205604553, -1.93883121013641, 1.03021442890167, -2.30582761764526, 30.3937236744369, 173.248062486075, 172.870175440055, 164.984339552682, 155.122270391236, 4.69854518665972, 28.9778049689257, 23.8035405216692, 25.0374124876847, 23.8882468202084
0.00904655456543, -0.13732051849365, -0.23991394042969, 2.28269958496094, 1.1628737449646, 4.23686170578003, -1.9361674785614, 0.90557223558426, -2.29177570343018, 1.07985961437225, 0.27815487980843, 2.15247106552124, -2.15967988967896, 1.27266883850098, -1.95653080940247, -0.86075168848038, 0.04080142825842, 0.36279088258743, -2.39589667320251, 0.89360654354095, -0.02848982810974, 0.39414390921593, 1.30133926868439, -2.68597292900085, -1.97388160228729, 0.92118412256241, -2.27871751785278, 0.68647199869156, 2.08236384391785, -1.82772839069366, -2.52228450775146, 0.84457302093506, 0.00340868905187, -2.48649859428406, 0.81858599185944, 0.10937874019146, -2.46526026725769, 0.80739390850067, 0.12622174620628, -2.43532252311707, 0.79567086696625, 0.11780817806721, -2.41122531890869, 0.79509860277176, 0.09513371437788, -1.84470391273499, 0.94938451051712, -2.32246160507202, -1.88145518302917, 1.04657208919525, -2.37134456634521, -1.89830756187439, 1.07047343254089, -2.36916542053223, -1.91905736923218, 1.07979714870453, -2.3449375629425, -1.93713092803955, 1.07037901878357, -2.31886506080627, -2.4670946598053, 0.85836523771286, -0.00864551216364, -2.47152733802795, 0.83897376060486, 0.07041312754154, -2.45057106018066, 0.83065724372864, 0.0818744674325, -2.42519164085388, 0.82298570871353, 0.07612603157759, -2.40525770187378, 0.81867927312851, 0.0607116445899, -1.89821135997772, 0.94373524188995, -2.3004047870636, -1.89769506454468, 1.00936138629913, -2.34876680374146, -1.91470670700073, 1.02756130695343, -2.34440135955811, -1.93344354629517, 1.03478050231934, -2.32615804672241, -1.94728553295136, 1.0319459438324, -2.30485367774963, 31.2281303192969, 173.549847564363, 172.87622698766, 165.026372536834, 155.268928213094, 4.69854518665972, 28.9778049689257, 23.8035405216692, 25.0374124876847, 23.8882468202084
0.20111846923828, -0.4313850402832, 0.01965522766113, 2.52524375915527, 2.77811360359192, 7.48457098007202, -1.93596482276917, 0.90748327970505, -2.29384899139404, 1.07808363437653, 0.4351327419281, 2.30258107185364, -2.16063451766968, 1.27239990234375, -1.956179022789, -0.86043512821198, 0.04308309406042, 0.36370927095413, -2.39589667320251, 0.89360654354095, -0.02848982810974, 0.39414390921593, 1.30133926868439, -2.68597292900085, -1.97438561916351, 0.92107903957367, -2.28034639358521, 0.63525140285492, 2.09300422668457, -1.83950555324554, -2.52228450775146, 0.84457302093506, 0.00340868905187, -2.48649859428406, 0.81858599185944, 0.10937874019146, -2.46526026725769, 0.80739390850067, 0.12622174620628, -2.43532252311707, 0.79567086696625, 0.11780817806721, -2.41122531890869, 0.79509860277176, 0.09513371437788, -1.84756445884705, 0.95633774995804, -2.32583141326904, -1.88991606235504, 1.05240380764008, -2.37234234809875, -1.90787541866302, 1.07540607452393, -2.36944794654846, -1.92861032485962, 1.08328866958618, -2.34470105171204, -1.94572150707245, 1.07255566120148, -2.31848788261414, -2.4670946598053, 0.85836523771286, -0.00864551216364, -2.47152733802795, 0.83897376060486, 0.07041312754154, -2.45057106018066, 0.83065724372864, 0.0818744674325, -2.42519164085388, 0.82298570871353, 0.07612603157759, -2.40525770187378, 0.81867927312851, 0.0607116445899, -1.90031898021698, 0.9476905465126, -2.30294823646545, -1.90389966964722, 1.01406478881836, -2.3501455783844, -1.92169916629791, 1.03132891654968, -2.34516334533691, -1.94043016433716, 1.03730928897858, -2.32647156715393, -1.95372498035431, 1.0334392786026, -2.30498242378235, 31.953284673288, 173.861591058461, 172.882497101318, 165.068514804013, 155.466634868809, 4.69854518665972, 28.9778049689257, 23.8035405216692, 25.0374124876847, 23.8882468202084
0.14241027832031, -0.23175573348999, -0.05771255493164, 1.66113972663879, 1.77079796791077, 4.82385349273682, -1.93612658977509, 0.90951818227768, -2.29637622833252, 1.0700751543045, 0.54795926809311, 2.41056346893311, -2.16153073310852, 1.27211689949036, -1.95578336715698, -0.86045575141907, 0.04548569768667, 0.36462637782097, -2.39589667320251, 0.89360654354095, -0.02848982810974, 0.39414390921593, 1.30133926868439, -2.68597292900085, -1.97489213943481, 0.92064762115479, -2.28113007545471, 0.57211166620255, 2.11869406700134, -1.86299645900726, -2.52228450775146, 0.84457302093506, 0.00340868905187, -2.48649859428406, 0.81858599185944, 0.10937874019146, -2.46526026725769, 0.80739390850067, 0.12622174620628, -2.43532252311707, 0.79567086696625, 0.11780817806721, -2.41122531890869, 0.79509860277176, 0.09513371437788, -1.85247409343719, 0.96464908123016, -2.33086323738098, -1.90267276763916, 1.05844211578369, -2.37409019470215, -1.92193508148193, 1.08019602298737, -2.37012124061584, -1.9421374797821, 1.08637201786041, -2.34446597099304, -1.9574807882309, 1.0741856098175, -2.31779742240906, -2.4670946598053, 0.85836523771286, -0.00864551216364, -2.47152733802795, 0.83897376060486, 0.07041312754154, -2.45057106018066, 0.83065724372864, 0.0818744674325, -2.42519164085388, 0.82298570871353, 0.07612603157759, -2.40525770187378, 0.81867927312851, 0.0607116445899, -1.90362477302551, 0.95229536294937, -2.30611515045166, -1.91329407691956, 1.01896858215332, -2.35201859474182, -1.93194842338562, 1.03497731685638, -2.34606623649597, -1.95027029514313, 1.03947103023529, -2.32656955718994, -1.96243226528168, 1.03444600105286, -2.30465269088745, 32.4176077632546, 174.007524880267, 172.885502384553, 165.107884014389, 155.549348459658, 4.69854518665972, 28.9778049689257, 23.8035405216692, 25.0374124876847, 23.8882468202084
0.09918594360352, -0.11931324005127, -0.1241455078125, 1.2403769493103, 1.28644096851349, 3.5368230342865, -1.93663609027863, 0.91180562973022, -2.2988121509552, 1.04528844356537, 0.69573909044266, 2.53533720970154, -2.16241240501404, 1.27179479598999, -1.95543146133423, -0.86109632253647, 0.04796069487929, 0.36534094810486, -2.39589667320251, 0.89360654354095, -0.02848982810974, 0.39414390921593, 1.30133926868439, -2.68597292900085, -1.97515845298767, 0.92103809118271, -2.2828540802002, 0.52260357141495, 2.13763928413391, -1.88073396682739, -2.52228450775146, 0.84457302093506, 0.00340868905187, -2.48649859428406, 0.81858599185944, 0.10937874019146, -2.46526026725769, 0.80739390850067, 0.12622174620628, -2.43532252311707, 0.79567086696625, 0.11780817806721, -2.41122531890869, 0.79509860277176, 0.09513371437788, -1.85655081272125, 0.97175198793411, -2.33535170555115, -1.9125702381134, 1.06344556808472, -2.37584543228149, -1.93277132511139, 1.08415353298187, -2.37103700637817, -1.95251715183258, 1.08898365497589, -2.34474563598633, -1.966468334198, 1.07570695877075, -2.31783413887024, -2.4670946598053, 0.85836523771286, -0.00864551216364, -2.47152733802795, 0.83897376060486, 0.07041312754154, -2.45057106018066, 0.83065724372864, 0.0818744674325, -2.42519164085388, 0.82298570871353, 0.07612603157759, -2.40525770187378, 0.81867927312851, 0.0607116445899, -1.9062967300415, 0.95653545856476, -2.30936598777771, -1.92057907581329, 1.02321338653564, -2.35404276847839, -1.93983042240143, 1.03818941116333, -2.3473494052887, -1.95779049396515, 1.04151141643524, -2.32728958129883, -1.96905767917633, 1.03560614585876, -2.30511546134949, 32.9201321012491, 174.175165043256, 172.888275441356, 165.14696635682, 155.634042805366, 4.69854518665972, 28.9778049689257, 23.8035405216692, 25.0374124876847, 23.8882468202084
0.11592292785645, -0.18333435058594, -0.00077247619629, 1.12011659145355, 2.80944967269897, 4.62138223648071, -1.9370288848877, 0.91435098648071, -2.30171608924866, 1.02100372314453, 0.80065983533859, 2.62466216087341, -2.16325807571411, 1.27140140533447, -1.95506131649017, -0.8615403175354, 0.05127592012286, 0.36558613181114, -2.39589667320251, 0.89360654354095, -0.02848982810974, 0.39414390921593, 1.30133926868439, -2.68597292900085, -1.9751216173172, 0.92127811908722, -2.28452134132385, 0.49292099475861, 2.15803408622742, -1.90155827999115, -2.52228450775146, 0.84457302093506, 0.00340868905187, -2.48649859428406, 0.81858599185944, 0.10937874019146, -2.46526026725769, 0.80739390850067, 0.12622174620628, -2.43532252311707, 0.79567086696625, 0.11780817806721, -2.41122531890869, 0.79509860277176, 0.09513371437788, -1.86000716686249, 0.97611111402512, -2.34053635597229, -1.92039144039154, 1.06581592559814, -2.37916803359985, -1.94114434719086, 1.0858062505722, -2.37371563911438, -1.96023452281952, 1.08993530273438, -2.34682703018188, -1.97288751602173, 1.07616996765137, -2.31952238082886, -2.4670946598053, 0.85836523771286, -0.00864551216364, -2.47152733802795, 0.83897376060486, 0.07041312754154, -2.45057106018066, 0.83065724372864, 0.0818744674325, -2.42519164085388, 0.82298570871353, 0.07612603157759, -2.40525770187378, 0.81867927312851, 0.0607116445899, -1.90837740898132, 0.95916163921356, -2.31306838989258, -1.92632699012756, 1.02532041072845, -2.35719060897827, -1.94587433338165, 1.03961455821991, -2.34989142417908, -1.96331834793091, 1.04230117797852, -2.32928824424744, -1.97369134426117, 1.0359982252121, -2.30678963661194, 33.0033989374207, 174.266238785649, 172.886403969523, 165.169082509352, 155.682687412635, 4.69854518665972, 28.9778049689257, 23.8035405216692, 25.0374124876847, 23.8882468202084
0.11211204528809, -0.08141899108887, -0.09745216369629, 0.95987570285797, 2.02840185165405, 3.60186648368835, -1.93737602233887, 0.91592997312546, -2.30454707145691, 0.99583023786545, 0.86935663223267, 2.66978120803833, -2.16413807868958, 1.27095627784729, -1.95478081703186, -0.86226266622543, 0.05407307296991, 0.36601120233536, -2.39589667320251, 0.89360654354095, -0.02848982810974, 0.39414390921593, 1.30133926868439, -2.68597292900085, -1.97501075267792, 0.92194050550461, -2.28668093681335, 0.46307447552681, 2.17562055587769, -1.91940975189209, -2.52228450775146, 0.84457302093506, 0.00340868905187, -2.48649859428406, 0.81858599185944, 0.10937874019146, -2.46526026725769, 0.80739390850067, 0.12622174620628, -2.43532252311707, 0.79567086696625, 0.11780817806721, -2.41122531890869, 0.79509860277176, 0.09513371437788, -1.86328673362732, 0.98079347610474, -2.3454155921936, -1.92762434482574, 1.0685396194458, -2.38211560249329, -1.94888818264008, 1.08780312538147, -2.37604975700378, -1.96740460395813, 1.09120166301727, -2.34866237640381, -1.97887873649597, 1.07693123817444, -2.3210973739624, -2.4670946598053, 0.85836523771286, -0.00864551216364, -2.47152733802795, 0.83897376060486, 0.07041312754154, -2.45057106018066, 0.83065724372864, 0.0818744674325, -2.42519164085388, 0.82298570871353, 0.07612603157759, -2.40525770187378, 0.81867927312851, 0.0607116445899, -1.91033506393433, 0.9621387720108, -2.31678128242493, -1.93162822723389, 1.02779722213745, -2.36015772819519, -1.95144867897034, 1.0414023399353, -2.35229992866516, -1.96843457221985, 1.04343485832214, -2.33124399185181, -1.97800529003143, 1.03671455383301, -2.30851173400879, 33.1602542317101, 174.360071924467, 172.88371287499, 165.18868515227, 155.727944246076, 4.69854518665972, 28.9778049689257, 23.8035405216692, 25.0374124876847, 23.8882468202084
0.07604598999023, -0.07295179367065, -0.04289817810059, 0.0678328871727, 2.19698643684387, 2.50558567047119, -1.93763720989227, 0.91792911291122, -2.307692527771, 0.97176533937454, 0.93083506822586, 2.71262836456299, -2.16496729850769, 1.2705385684967, -1.95456874370575, -0.86303180456161, 0.05684497952461, 0.36552396416664, -2.39589667320251, 0.89360654354095, -0.02848982810974, 0.39414390921593, 1.30133926868439, -2.68597292900085, -1.97491562366486, 0.92282372713089, -2.28907918930054, 0.43258839845657, 2.19217133522034, -1.93614208698273, -2.52228450775146, 0.84457302093506, 0.00340868905187, -2.48649859428406, 0.81858599185944, 0.10937874019146, -2.46526026725769, 0.80739390850067, 0.12622174620628, -2.43532252311707, 0.79567086696625, 0.11780817806721, -2.41122531890869, 0.79509860277176, 0.09513371437788, -1.86666262149811, 0.98568600416183, -2.35011458396912, -1.93476498126984, 1.07139182090759, -2.38478708267212, -1.95651209354401, 1.08989918231964, -2.3781111240387, -1.97447299957275, 1.09254086017609, -2.35027384757996, -1.9848005771637, 1.07775986194611, -2.32252502441406, -2.4670946598053, 0.85836523771286, -0.00864551216364, -2.47152733802795, 0.83897376060486, 0.07041312754154, -2.45057106018066, 0.83065724372864, 0.0818744674325, -2.42519164085388, 0.82298570871353, 0.07612603157759, -2.40525770187378, 0.81867927312851, 0.0607116445899, -1.91236162185669, 0.96532064676285, -2.32047820091248, -1.93687462806702, 1.03043270111084, -2.36296916007996, -1.95694708824158, 1.04332494735718, -2.354567527771, -1.97348403930664, 1.04468321800232, -2.33310389518738, -1.98227846622467, 1.03753542900085, -2.31018948554993, 33.4127902309876, 174.456582497439, 172.880229478513, 165.205828927087, 155.769977230228, 4.69854518665972, 28.9778049689257, 23.8035405216692, 25.0374124876847, 23.8882468202084
0.09087753295898, -0.03141832351685, -0.10371780395508, 0.26188442111015, 1.85823965072632, 2.42016744613647, -1.93794095516205, 0.92017382383347, -2.3109929561615, 0.94722265005112, 0.98824232816696, 2.75366640090942, -2.16573596000671, 1.27007448673248, -1.95438158512115, -0.86364352703094, 0.0591541454196, 0.36551976203918, -2.39589667320251, 0.89360654354095, -0.02848982810974, 0.39414390921593, 1.30133926868439, -2.68597292900085, -1.97629570960999, 0.92388719320297, -2.29001617431641, 0.43122100830078, 2.20056581497192, -1.93751990795136, -2.52228450775146, 0.84457302093506, 0.00340868905187, -2.48649859428406, 0.81858599185944, 0.10937874019146, -2.46526026725769, 0.80739390850067, 0.12622174620628, -2.43532252311707, 0.79567086696625, 0.11780817806721, -2.41122531890869, 0.79509860277176, 0.09513371437788, -1.8687105178833, 0.9869350194931, -2.35203313827515, -1.93727898597717, 1.07250773906708, -2.38611102104187, -1.95899939537048, 1.09097647666931, -2.37924385070801, -1.97671461105347, 1.09359121322632, -2.35124731063843, -1.98676574230194, 1.07879745960236, -2.32340383529663, -2.4670946598053, 0.85836523771286, -0.00864551216364, -2.47152733802795, 0.83897376060486, 0.07041312754154, -2.45057106018066, 0.83065724372864, 0.0818744674325, -2.42519164085388, 0.82298570871353, 0.07612603157759, -2.40525770187378, 0.81867927312851, 0.0607116445899, -1.91410434246063, 0.96649217605591, -2.3219838142395, -1.93911743164063, 1.03154957294464, -2.36426639556885, -1.95913732051849, 1.04440677165985, -2.35568785667419, -1.97548353672028, 1.04573941230774, -2.33407711982727, -1.9840589761734, 1.03858041763306, -2.3110830783844, 33.4632414232918, 174.524474577789, 172.871650760916, 165.213041606851, 155.793377458324, 4.69854518665972, 28.9778049689257, 23.8035405216692, 25.0374124876847, 23.8882468202084
0.0974006652832, -0.00974607467651, -0.13478851318359, 0.37471741437912, 1.71263647079468, 2.41927742958069, -1.93951427936554, 0.92130041122437, -2.31226015090942, 0.9455634355545, 0.99835985898972, 2.75507950782776, -2.16645193099976, 1.26960968971252, -1.95422208309174, -0.86389154195786, 0.06162014603615, 0.3656507730484, -2.39589667320251, 0.89360654354095, -0.02848982810974, 0.39414390921593, 1.30133926868439, -2.68597292900085, -1.97746860980988, 0.92497497797012, -2.29121398925781, 0.42531353235245, 2.20910906791687, -1.94075524806976, -2.52228450775146, 0.84457302093506, 0.00340868905187, -2.48649859428406, 0.81858599185944, 0.10937874019146, -2.46526026725769, 0.80739390850067, 0.12622174620628, -2.43532252311707, 0.79567086696625, 0.11780817806721, -2.41122531890869, 0.79509860277176, 0.09513371437788, -1.87091398239136, 0.98878961801529, -2.35421800613403, -1.94037067890167, 1.07395148277283, -2.38751697540283, -1.96214151382446, 1.09227097034454, -2.38041424751282, -1.97959578037262, 1.09473967552185, -2.35224103927612, -1.98927450180054, 1.07985031604767, -2.32431674003601, -2.4670946598053, 0.85836523771286, -0.00864551216364, -2.47152733802795, 0.83897376060486, 0.07041312754154, -2.45057106018066, 0.83065724372864, 0.0818744674325, -2.42519164085388, 0.82298570871353, 0.07612603157759, -2.40525770187378, 0.81867927312851, 0.0607116445899, -1.91587460041046, 0.96801888942719, -2.3237452507019, -1.9417268037796, 1.03295838832855, -2.36570310592651, -1.9617440700531, 1.04567563533783, -2.35691213607788, -1.97788405418396, 1.04687809944153, -2.33513927459717, -1.98618483543396, 1.03963828086853, -2.3120698928833, 33.5190133329596, 174.59104160144, 172.861815288511, 165.217071418461, 155.811859950218, 4.69854518665972, 28.9778049689257, 23.8035405216692, 25.0374124876847, 23.8882468202084
-0.10897064208984, 0.07166004180908, -0.0446662902832, -0.01533607207239, 0.64590412378311, 0.13279248774052, -1.94089293479919, 0.92265206575394, -2.31382346153259, 0.94067281484604, 1.01435518264771, 2.76262640953064, -2.16715955734253, 1.26900935173035, -1.95406973361969, -0.86424005031586, 0.06435930728912, 0.36591157317162, -2.39589667320251, 0.89360654354095, -0.02848982810974, 0.39414390921593, 1.30133926868439, -2.68597292900085, -1.9794590473175, 0.92467135190964, -2.29213523864746, 0.41404277086258, 2.2034695148468, -1.94520354270935, -2.52228450775146, 0.84457302093506, 0.00340868905187, -2.48649859428406, 0.81858599185944, 0.10937874019146, -2.46526026725769, 0.80739390850067, 0.12622174620628, -2.43532252311707, 0.79567086696625, 0.11780817806721, -2.41122531890869, 0.79509860277176, 0.09513371437788, -1.87340545654297, 0.98992103338242, -2.35451173782349, -1.94370865821838, 1.0743944644928, -2.38778805732727, -1.9657154083252, 1.09243834018707, -2.38070678710938, -1.98330390453339, 1.09460961818695, -2.3525927066803, -1.99291729927063, 1.07951414585114, -2.32475662231445, -2.4670946598053, 0.85836523771286, -0.00864551216364, -2.47152733802795, 0.83897376060486, 0.07041312754154, -2.45057106018066, 0.83065724372864, 0.0818744674325, -2.42519164085388, 0.82298570871353, 0.07612603157759, -2.40525770187378, 0.81867927312851, 0.0607116445899, -1.91824018955231, 0.96853089332581, -2.32428288459778, -1.94467675685883, 1.03331363201141, -2.36611890792847, -1.96487212181091, 1.04576992988586, -2.35736179351807, -1.9811075925827, 1.04671216011047, -2.33564734458923, -1.98941242694855, 1.03929817676544, -2.31263470649719, 33.5594514679406, 174.646215869555, 172.843373777752, 165.223710362334, 155.835779272692, 4.69854518665972, 28.9778049689257, 23.8035405216692, 25.0374124876847, 23.8882468202084
-0.07638931274414, 0.06457042694092, -0.06674194335938, 0.0811762213707, 0.71146899461746, 0.4678803384304, -1.94277322292328, 0.92284613847733, -2.31461143493652, 0.932692527771, 1.0226788520813, 2.77770900726318, -2.16781163215637, 1.26844441890717, -1.95387649536133, -0.86520212888718, 0.06755898892879, 0.36513036489487, -2.39589667320251, 0.89360654354095, -0.02848982810974, 0.39414390921593, 1.30133926868439, -2.68597292900085, -1.98139798641205, 0.92452782392502, -2.29343128204346, 0.39763584733009, 2.19875502586365, -1.95173239707947, -2.52228450775146, 0.84457302093506, 0.00340868905187, -2.48649859428406, 0.81858599185944, 0.10937874019146, -2.46526026725769, 0.80739390850067, 0.12622174620628, -2.43532252311707, 0.79567086696625, 0.11780817806721, -2.41122531890869, 0.79509860277176, 0.09513371437788, -1.87632465362549, 0.99184954166412, -2.3552622795105, -1.94796657562256, 1.07529127597809, -2.38828539848328, -1.97028815746307, 1.092928647995, -2.38116550445557, -1.98796951770782, 1.0946683883667, -2.35307955741882, -1.9973863363266, 1.07927906513214, -2.32533740997314, -2.4670946598053, 0.85836523771286, -0.00864551216364, -2.47152733802795, 0.83897376060486, 0.07041312754154, -2.45057106018066, 0.83065724372864, 0.0818744674325, -2.42519164085388, 0.82298570871353, 0.07612603157759, -2.40525770187378, 0.81867927312851, 0.0607116445899, -1.92085707187653, 0.96956384181976, -2.32523441314697, -1.9482901096344, 1.03409552574158, -2.36681604385376, -1.968710064888, 1.04616856575012, -2.35804319381714, -1.98500466346741, 1.04673302173615, -2.33635973930359, -1.99323201179504, 1.03906941413879, -2.313401222229, 33.6021777162937, 174.698849307299, 172.822787587594, 165.22810900416, 155.856474745877, 4.69854518665972, 28.9778049689257, 23.8035405216692, 25.0374124876847, 23.8882468202084
-0.08856010437012, -0.04306554794312, -0.08969306945801, 0.24640117585659, -0.27503821253777, 0.82723081111908, -1.94463980197906, 0.92342740297318, -2.31583619117737, 0.9207803606987, 1.03756034374237, 2.79899024963379, -2.1683554649353, 1.26783609390259, -1.95371615886688, -0.86709117889404, 0.07022958993912, 0.36427253484726, -2.39589667320251, 0.89360654354095, -0.02848982810974, 0.39414390921593, 1.30133926868439, -2.68597292900085, -1.98380029201508, 0.92331403493881, -2.29369282722473, 0.38038676977158, 2.19463801383972, -1.96072793006897, -2.52228450775146, 0.84457302093506, 0.00340868905187, -2.48649859428406, 0.81858599185944, 0.10937874019146, -2.46526026725769, 0.80739390850067, 0.12622174620628, -2.43532252311707, 0.79567086696625, 0.11780817806721, -2.41122531890869, 0.79509860277176, 0.09513371437788, -1.87997341156006, 0.99281245470047, -2.35522031784058, -1.95315372943878, 1.07499933242798, -2.38801622390747, -1.97580862045288, 1.09218871593475, -2.3808536529541, -1.99353849887848, 1.09350025653839, -2.35277509689331, -2.00268220901489, 1.07784283161163, -2.32509160041809, -2.4670946598053, 0.85836523771286, -0.00864551216364, -2.47152733802795, 0.83897376060486, 0.07041312754154, -2.45057106018066, 0.83065724372864, 0.0818744674325, -2.42519164085388, 0.82298570871353, 0.07612603157759, -2.40525770187378, 0.81867927312851, 0.0607116445899, -1.92409789562225, 0.96959018707275, -2.3253002166748, -1.95271480083466, 1.03373277187347, -2.36668539047241, -1.9733647108078, 1.04538917541504, -2.35788726806641, -1.98968160152435, 1.04557323455811, -2.33621406555176, -1.99777853488922, 1.03767871856689, -2.31328749656677, 33.6383128320976, 174.72821912073, 172.783705245163, 165.235950061327, 155.870941086539, 4.69854518665972, 28.9778049689257, 23.8035405216692, 25.0374124876847, 23.8882468202084
-0.06562614440918, -0.04049062728882, -0.11842918395996, 0.34694856405258, -0.1536367982626, 1.20740592479706, -1.94701266288757, 0.92298227548599, -2.31607413291931, 0.90615451335907, 1.05287718772888, 2.81922888755798, -2.16882514953613, 1.26720643043518, -1.95360970497131, -0.86918312311172, 0.071682728827, 0.36446699500084, -2.39589667320251, 0.89360654354095, -0.02848982810974, 0.39414390921593, 1.30133926868439, -2.68597292900085, -1.98595011234283, 0.92234987020493, -2.29424858093262, 0.36030381917953, 2.19208002090454, -1.97082960605621, -2.52228450775146, 0.84457302093506, 0.00340868905187, -2.48649859428406, 0.81858599185944, 0.10937874019146, -2.46526026725769, 0.80739390850067, 0.12622174620628, -2.43532252311707, 0.79567086696625, 0.11780817806721, -2.41122531890869, 0.79509860277176, 0.09513371437788, -1.88373351097107, 0.99434435367584, -2.35560202598572, -1.95872569084167, 1.07504796981812, -2.38798570632935, -1.98174178600311, 1.09171009063721, -2.38072943687439, -1.99946403503418, 1.09252095222473, -2.35262703895569, -2.00823259353638, 1.07655596733093, -2.3249979019165, -2.4670946598053, 0.85836523771286, -0.00864551216364, -2.47152733802795, 0.83897376060486, 0.07041312754154, -2.45057106018066, 0.83065724372864, 0.0818744674325, -2.42519164085388, 0.82298570871353, 0.07612603157759, -2.40525770187378, 0.81867927312851, 0.0607116445899, -1.92730700969696, 0.97004449367523, -2.32573008537292, -1.95736277103424, 1.03371477127075, -2.36682367324829, -1.97825193405151, 1.04488229751587, -2.35795640945435, -1.99454414844513, 1.04462289810181, -2.33626532554626, -2.00244069099426, 1.03646087646484, -2.31336259841919, 33.6752983064532, 174.75224772623, 172.740265242041, 165.242548024065, 155.881937691103, 4.69854518665972, 28.9778049689257, 23.8035405216692, 25.0374124876847, 23.8882468202084
-0.09249114990234, -0.1236777305603, -0.03450393676758, 0.24242489039898, -0.05095205083489, 1.35994255542755, -1.94918966293335, 0.92291098833084, -2.31666994094849, 0.88908320665359, 1.07173705101013, 2.84194540977478, -2.16924786567688, 1.26658535003662, -1.95351314544678, -0.87106657028198, 0.07320018112659, 0.36501932144165, -2.39589667320251, 0.89360654354095, -0.02848982810974, 0.39414390921593, 1.30133926868439, -2.68597292900085, -1.98782980442047, 0.921595454216, -2.29499816894531, 0.33845490217209, 2.19100332260132, -1.98155188560486, -2.52228450775146, 0.84457302093506, 0.00340868905187, -2.48649859428406, 0.81858599185944, 0.10937874019146, -2.46526026725769, 0.80739390850067, 0.12622174620628, -2.43532252311707, 0.79567086696625, 0.11780817806721, -2.41122531890869, 0.79509860277176, 0.09513371437788, -1.88750529289246, 0.99626010656357, -2.35628342628479, -1.96446859836578, 1.07531297206879, -2.38810968399048, -1.98785257339478, 1.09139382839203, -2.38071918487549, -2.00551462173462, 1.09165954589844, -2.35256838798523, -2.01383018493652, 1.07536804676056, -2.32499003410339, -2.4670946598053, 0.85836523771286, -0.00864551216364, -2.47152733802795, 0.83897376060486, 0.07041312754154, -2.45057106018066, 0.83065724372864, 0.0818744674325, -2.42519164085388, 0.82298570871353, 0.07612603157759, -2.40525770187378, 0.81867927312851, 0.0607116445899, -1.93041336536407, 0.9708034992218, -2.326411485672, -1.96207356452942, 1.03392910957336, -2.36713886260986, -1.98319721221924, 1.04455995559692, -2.35816788673401, -1.99942123889923, 1.04381835460663, -2.33643698692322, -2.00706219673157, 1.03536939620972, -2.31355166435242, 33.7130999884147, 174.771085387961, 172.692563200878, 165.247861911239, 155.889587502973, 4.69854518665972, 28.9778049689257, 23.8035405216692, 25.0374124876847, 23.8882468202084
-0.06461334228516, -0.1091251373291, -0.05482864379883, 0.29201728105545, 0.07905726879835, 1.56829297542572, -1.95115232467651, 0.92312580347061, -2.31751012802124, 0.87033349275589, 1.09256172180176, 2.86560273170471, -2.16963911056519, 1.26598286628723, -1.95347392559052, -0.87306928634644, 0.07453445345163, 0.36608263850212, -2.39589667320251, 0.89360654354095, -0.02848982810974, 0.39414390921593, 1.30133926868439, -2.68597292900085, -1.98936891555786, 0.92119514942169, -2.29476022720337, 0.31755363941193, 2.19831681251526, -1.98377096652985, -2.52228450775146, 0.84457302093506, 0.00340868905187, -2.48649859428406, 0.81858599185944, 0.10937874019146, -2.46526026725769, 0.80739390850067, 0.12622174620628, -2.43532252311707, 0.79567086696625, 0.11780817806721, -2.41122531890869, 0.79509860277176, 0.09513371437788, -1.8909170627594, 0.99831169843674, -2.35604619979858, -1.96955823898315, 1.07627594470978, -2.38642287254334, -1.99316942691803, 1.09184980392456, -2.37867760658264, -2.0106041431427, 1.09149980545044, -2.35038638114929, -2.01839852333069, 1.07477271556854, -2.32291674613953, -2.4670946598053, 0.85836523771286, -0.00864551216364, -2.47152733802795, 0.83897376060486, 0.07041312754154, -2.45057106018066, 0.83065724372864, 0.0818744674325, -2.42519164085388, 0.82298570871353, 0.07612603157759, -2.40525770187378, 0.81867927312851, 0.0607116445899, -1.93311190605164, 0.97176682949066, -2.32610583305359, -1.9662424325943, 1.0347261428833, -2.36591076850891, -1.98748183250427, 1.04487597942352, -2.35666060447693, -2.00351285934448, 1.04361200332642, -2.33481073379517, -2.01081299781799, 1.03478682041168, -2.31195616722107, 33.7114300071626, 174.76739708581, 172.620887195728, 165.237684929376, 155.891950748426, 4.69854518665972, 28.9778049689257, 23.8035405216692, 25.0374124876847, 23.8882468202084
-0.03944778442383, -0.09486436843872, -0.06782341003418, 0.32518002390862, 0.18688496947289, 1.70288836956024, -1.9529093503952, 0.92362862825394, -2.31754469871521, 0.8587651848793, 1.12114715576172, 2.89262175559998, -2.17009663581848, 1.26543486118317, -1.95338797569275, -0.87416529655457, 0.0758548900485, 0.36458250880241, -2.39589667320251, 0.89360654354095, -0.02848982810974, 0.39414390921593, 1.30133926868439, -2.68597292900085, -1.99076211452484, 0.92088216543198, -2.29475235939026, 0.29601109027863, 2.20558261871338, -1.98726558685303, -2.52228450775146, 0.84457302093506, 0.00340868905187, -2.48649859428406, 0.81858599185944, 0.10937874019146, -2.46526026725769, 0.80739390850067, 0.12622174620628, -2.43532252311707, 0.79567086696625, 0.11780817806721, -2.41122531890869, 0.79509860277176, 0.09513371437788, -1.89433741569519, 1.00049936771393, -2.35606360435486, -1.97472274303436, 1.07722151279449, -2.38500356674194, -1.99856424331665, 1.0922566652298, -2.37690734863281, -2.01575016975403, 1.09128737449646, -2.3484787940979, -2.02298855781555, 1.07413995265961, -2.32111644744873, -2.4670946598053, 0.85836523771286, -0.00864551216364, -2.47152733802795, 0.83897376060486, 0.07041312754154, -2.45057106018066, 0.83065724372864, 0.0818744674325, -2.42519164085388, 0.82298570871353, 0.07612603157759, -2.40525770187378, 0.81867927312851, 0.0607116445899, -1.93575823307037, 0.97284466028214, -2.32604694366455, -1.97043251991272, 1.03554213047028, -2.36494016647339, -1.99178528785706, 1.0451854467392, -2.35541367530823, -2.00760436058044, 1.04339361190796, -2.33344650268555, -2.01454019546509, 1.03420186042786, -2.31062293052673, 33.7054399312605, 174.756646368056, 172.537285680287, 165.2244890039, 155.89092622005, 4.69854518665972, 28.9778049689257, 23.8035405216692, 25.0374124876847, 23.8882468202084
-0.04856300354004, -0.04452466964722, -0.01187896728516, 0.75560003519058, 0.57748341560364, 1.30800485610962, -1.95454943180084, 0.92424881458282, -2.31781029701233, 0.8454430103302, 1.14919471740723, 2.91882872581482, -2.17048645019531, 1.26483035087585, -1.95344352722168, -0.87570631504059, 0.07646325230598, 0.36445552110672, -2.39589667320251, 0.89360654354095, -0.02848982810974, 0.39414390921593, 1.30133926868439, -2.68597292900085, -1.99093222618103, 0.92021489143372, -2.29455852508545, 0.28284549713135, 2.21513962745667, -1.99103116989136, -2.52228450775146, 0.84457302093506, 0.00340868905187, -2.48649859428406, 0.81858599185944, 0.10937874019146, -2.46526026725769, 0.80739390850067, 0.12622174620628, -2.43532252311707, 0.79567086696625, 0.11780817806721, -2.41122531890869, 0.79509860277176, 0.09513371437788, -1.89618492126465, 1.00135350227356, -2.35648727416992, -1.9778413772583, 1.07718586921692, -2.3841872215271, -2.00178408622742, 1.09187614917755, -2.3757631778717, -2.01865220069885, 1.0905487537384, -2.34715938568115, -2.0253803730011, 1.07317674160004, -2.3198082447052, -2.4670946598053, 0.85836523771286, -0.00864551216364, -2.47152733802795, 0.83897376060486, 0.07041312754154, -2.45057106018066, 0.83065724372864, 0.0818744674325, -2.42519164085388, 0.82298570871353, 0.07612603157759, -2.40525770187378, 0.81867927312851, 0.0607116445899, -1.93692910671234, 0.97302669286728, -2.32617259025574, -1.97280883789063, 1.03546667098999, -2.36438035964966, -1.99417960643768, 1.04479050636292, -2.35457968711853, -2.0097393989563, 1.04268968105316, -2.33245539665222, -2.01631426811218, 1.03329873085022, -2.30960607528687, 33.6905637792482, 174.716881006708, 172.382855103153, 165.187551340868, 155.877375124737, 4.69854518665972, 28.9778049689257, 23.8035405216692, 25.0374124876847, 23.8882468202084
-0.03350830078125, -0.04001426696777, -0.02652168273926, 0.72172087430954, 0.59918570518494, 1.39393925666809, -1.95501315593719, 0.92415553331375, -2.3179817199707, 0.83576601743698, 1.17058217525482, 2.93326497077942, -2.17082643508911, 1.26433873176575, -1.95352160930634, -0.8770597577095, 0.07669614255428, 0.36526411771774, -2.39589667320251, 0.89360654354095, -0.02848982810974, 0.39414390921593, 1.30133926868439, -2.68597292900085, -1.99109995365143, 0.91965746879578, -2.29440975189209, 0.26875159144402, 2.22436738014221, -1.99546980857849, -2.52228450775146, 0.84457302093506, 0.00340868905187, -2.48649859428406, 0.81858599185944, 0.10937874019146, -2.46526026725769, 0.80739390850067, 0.12622174620628, -2.43532252311707, 0.79567086696625, 0.11780817806721, -2.41122531890869, 0.79509860277176, 0.09513371437788, -1.89813363552094, 1.00241053104401, -2.35689878463745, -1.98111307621002, 1.07724452018738, -2.3833544254303, -2.00516653060913, 1.09155941009521, -2.37460589408875, -2.02171421051025, 1.08985459804535, -2.34583520889282, -2.02791547775269, 1.07225346565247, -2.31850624084473, -2.4670946598053, 0.85836523771286, -0.00864551216364, -2.47152733802795, 0.83897376060486, 0.07041312754154, -2.45057106018066, 0.83065724372864, 0.0818744674325, -2.42519164085388, 0.82298570871353, 0.07612603157759, -2.40525770187378, 0.81867927312851, 0.0607116445899, -1.93816375732422, 0.97337013483047, -2.32630944252014, -1.97529888153076, 1.0354996919632, -2.36381769180298, -1.99669229984283, 1.04447734355927, -2.35374689102173, -2.0119891166687, 1.04204988479614, -2.33147311210632, -2.01819443702698, 1.03245365619659, -2.30860567092896, 33.6710021174653, 174.667457757874, 172.191486862988, 165.144958281204, 155.859398066842, 4.69854518665972, 28.9778049689257, 23.8035405216692, 25.0374124876847, 23.8882468202084
0.0212516784668, -0.06209421157837, 0.01263427734375, 0.35751277208328, 0.76530241966248, 0.91591203212738, -1.95548570156097, 0.92421281337738, -2.31818461418152, 0.82493281364441, 1.19193506240845, 2.94805312156677, -2.17115163803101, 1.26380848884583, -1.95365595817566, -0.87812983989716, 0.07692087441683, 0.36570975184441, -2.39589667320251, 0.89360654354095, -0.02848982810974, 0.39414390921593, 1.30133926868439, -2.68597292900085, -1.99128866195679, 0.919074177742, -2.29432535171509, 0.25357908010483, 2.2336483001709, -2.00057125091553, -2.52228450775146, 0.84457302093506, 0.00340868905187, -2.48649859428406, 0.81858599185944, 0.10937874019146, -2.46526026725769, 0.80739390850067, 0.12622174620628, -2.43532252311707, 0.79567086696625, 0.11780817806721, -2.41122531890869, 0.79509860277176, 0.09513371437788, -1.90024304389954, 1.00354671478271, -2.35733938217163, -1.98461163043976, 1.07726299762726, -2.38250851631165, -2.00878238677979, 1.09116792678833, -2.37342834472656, -2.02499580383301, 1.08906173706055, -2.34449458122253, -2.03064131736755, 1.07122468948364, -2.3171980381012, -2.4670946598053, 0.85836523771286, -0.00864551216364, -2.47152733802795, 0.83897376060486, 0.07041312754154, -2.45057106018066, 0.83065724372864, 0.0818744674325, -2.42519164085388, 0.82298570871353, 0.07612603157759, -2.40525770187378, 0.81867927312851, 0.0607116445899, -1.93950581550598, 0.97374558448792, -2.32648825645447, -1.97796487808228, 1.03550732135773, -2.36326241493225, -1.99938213825226, 1.04410862922668, -2.35291743278503, -2.0144031047821, 1.04133331775665, -2.33049726486206, -2.02022004127502, 1.03152370452881, -2.3076183795929, 33.6469188704518, 174.608704470633, 171.977688281588, 165.096901070204, 155.837104329391, 4.69854518665972, 28.9778049689257, 23.8035405216692, 25.0374124876847, 23.8882468202084
0.0267448425293, -0.05543375015259, 0.00789642333984, 0.36794596910477, 0.75076824426651, 0.99339693784714, -1.95600175857544, 0.92429083585739, -2.3184494972229, 0.81285661458969, 1.21368062496185, 2.9633150100708, -2.17126369476318, 1.26336550712585, -1.95382595062256, -0.87877452373505, 0.078737616539, 0.36597272753716, -2.39589667320251, 0.89360654354095, -0.02848982810974, 0.39414390921593, 1.30133926868439, -2.68597292900085, -1.99188637733459, 0.91866606473923, -2.29357075691223, 0.25391361117363, 2.24819445610046, -2.00428628921509, -2.52228450775146, 0.84457302093506, 0.00340868905187, -2.48649859428406, 0.81858599185944, 0.10937874019146, -2.46526026725769, 0.80739390850067, 0.12622174620628, -2.43532252311707, 0.79567086696625, 0.11780817806721, -2.41122531890869, 0.79509860277176, 0.09513371437788, -1.90199553966522, 1.00312376022339, -2.35824084281921, -1.98689031600952, 1.07659864425659, -2.38232254981995, -2.01094532012939, 1.09048402309418, -2.37291121482849, -2.02670478820801, 1.08843421936035, -2.3437237739563, -2.03189182281494, 1.07066929340363, -2.31628942489624, -2.4670946598053, 0.85836523771286, -0.00864551216364, -2.47152733802795, 0.83897376060486, 0.07041312754154, -2.45057106018066, 0.83065724372864, 0.0818744674325, -2.42519164085388, 0.82298570871353, 0.07612603157759, -2.40525770187378, 0.81867927312851, 0.0607116445899, -1.94071662425995, 0.97334015369415, -2.32669591903687, -1.97986328601837, 1.03491473197937, -2.36305618286133, -2.00113487243652, 1.04350566864014, -2.3524067401886, -2.01580166816711, 1.04076933860779, -2.3297483921051, -2.02124428749084, 1.03101801872253, -2.30675268173218, 33.6155136606481, 174.504721670709, 171.815129779342, 165.047928613855, 155.807324704609, 4.69854518665972, 28.9778049689257, 23.8035405216692, 25.0374124876847, 23.8882468202084
0.03033256530762, -0.05836486816406, 0.00188827514648, 0.38771775364876, 0.76347440481186, 1.08175563812256, -1.95698750019073, 0.92387801408768, -2.31825375556946, 0.80996596813202, 1.2268785238266, 2.96016979217529, -2.1714141368866, 1.26294338703156, -1.95387315750122, -0.87950229644775, 0.07987644523382, 0.36662012338638, -2.39589667320251, 0.89360654354095, -0.02848982810974, 0.39414390921593, 1.30133926868439, -2.68597292900085, -1.99245464801788, 0.91822534799576, -2.2928409576416, 0.25235235691071, 2.26287031173706, -2.00860524177551, -2.52228450775146, 0.84457302093506, 0.00340868905187, -2.48649859428406, 0.81858599185944, 0.10937874019146, -2.46526026725769, 0.80739390850067, 0.12622174620628, -2.43532252311707, 0.79567086696625, 0.11780817806721, -2.41122531890869, 0.79509860277176, 0.09513371437788, -1.90392124652863, 1.0028795003891, -2.35910725593567, -1.98946869373322, 1.07597303390503, -2.38201093673706, -2.01342606544495, 1.08978748321533, -2.37225270271301, -2.02871584892273, 1.08774387836456, -2.34281587600708, -2.03340125083923, 1.07002186775208, -2.31526374816895, -2.4670946598053, 0.85836523771286, -0.00864551216364, -2.47152733802795, 0.83897376060486, 0.07041312754154, -2.45057106018066, 0.83065724372864, 0.0818744674325, -2.42519164085388, 0.82298570871353, 0.07612603157759, -2.40525770187378, 0.81867927312851, 0.0607116445899, -1.94202506542206, 0.97301959991455, -2.32688999176025, -1.98197770118713, 1.03436052799225, -2.36276507377625, -2.00311207771301, 1.04289412498474, -2.3518009185791, -2.017409324646, 1.0401531457901, -2.32890820503235, -2.02245140075684, 1.03043353557587, -2.30580806732178, 33.5795492995734, 174.310375468066, 171.635058672063, 164.994420911897, 155.773146438003, 4.69854518665972, 28.9778049689257, 23.8035405216692, 25.0374124876847, 23.8882468202084
-0.06567764282227, -0.03906583786011, 0.0955982208252, -0.21735453605652, 1.1146457195282, 0.14296790957451, -1.95796930789948, 0.92351484298706, -2.31808257102966, 0.80558490753174, 1.24174427986145, 2.95893621444702, -2.17159724235535, 1.26263880729675, -1.95391511917114, -0.88117015361786, 0.07947692275047, 0.36751627922058, -2.39589667320251, 0.89360654354095, -0.02848982810974, 0.39414390921593, 1.30133926868439, -2.68597292900085, -1.99288868904114, 0.91806364059448, -2.29250860214233, 0.25547420978546, 2.27065825462341, -2.00839066505432, -2.52228450775146, 0.84457302093506, 0.00340868905187, -2.48649859428406, 0.81858599185944, 0.10937874019146, -2.46526026725769, 0.80739390850067, 0.12622174620628, -2.43532252311707, 0.79567086696625, 0.11780817806721, -2.41122531890869, 0.79509860277176, 0.09513371437788, -1.90465748310089, 1.00237143039703, -2.35961413383484, -1.99019479751587, 1.07563960552216, -2.381991147995, -2.01404118537903, 1.08953249454498, -2.37207341194153, -2.02910780906677, 1.08758175373077, -2.34251546859741, -2.03362441062927, 1.06992208957672, -2.31489539146423, -2.4670946598053, 0.85836523771286, -0.00864551216364, -2.47152733802795, 0.83897376060486, 0.07041312754154, -2.45057106018066, 0.83065724372864, 0.0818744674325, -2.42519164085388, 0.82298570871353, 0.07612603157759, -2.40525770187378, 0.81867927312851, 0.0607116445899, -1.94258606433868, 0.97266733646393, -2.32704782485962, -1.98266017436981, 1.03404355049133, -2.36272668838501, -2.00368762016296, 1.04265069961548, -2.35161519050598, -2.01781415939331, 1.03998804092407, -2.3286075592041, -2.02270174026489, 1.0303236246109, -2.30545115470886, 33.5260347674264, 174.078531526879, 171.53608923099, 164.929342869485, 155.742000775387, 4.69854518665972, 28.9778049689257, 23.8035405216692, 25.0374124876847, 23.8882468202084
-0.05520629882813, -0.04323291778564, 0.09123802185059, -0.16205942630768, 1.13405585289001, 0.27730256319046, -1.95858645439148, 0.92321938276291, -2.31802582740784, 0.80738967657089, 1.24681222438812, 2.95524287223816, -2.17171025276184, 1.26238346099854, -1.95398116111755, -0.88267731666565, 0.07766174525023, 0.36922439932823, -2.39589667320251, 0.89360654354095, -0.02848982810974, 0.39414390921593, 1.30133926868439, -2.68597292900085, -1.99330341815948, 0.91787922382355, -2.29221439361572, 0.25730839371681, 2.2782826423645, -2.0086236000061, -2.52228450775146, 0.84457302093506, 0.00340868905187, -2.48649859428406, 0.81858599185944, 0.10937874019146, -2.46526026725769, 0.80739390850067, 0.12622174620628, -2.43532252311707, 0.79567086696625, 0.11780817806721, -2.41122531890869, 0.79509860277176, 0.09513371437788, -1.90548539161682, 1.0019850730896, -2.36011052131653, -1.99110078811646, 1.07533037662506, -2.38192963600159, -2.01485276222229, 1.08926677703857, -2.3718478679657, -2.02969431877136, 1.0873749256134, -2.34217262268066, -2.03402066230774, 1.06975829601288, -2.31449460983276, -2.4670946598053, 0.85836523771286, -0.00864551216364, -2.47152733802795, 0.83897376060486, 0.07041312754154, -2.45057106018066, 0.83065724372864, 0.0818744674325, -2.42519164085388, 0.82298570871353, 0.07612603157759, -2.40525770187378, 0.81867927312851, 0.0607116445899, -1.943199634552, 0.97237277030945, -2.32721352577209, -1.98347008228302, 1.03375101089478, -2.36266708374023, -2.00440073013306, 1.04239964485168, -2.35140609741211, -2.01835346221924, 1.03978586196899, -2.32828712463379, -2.02307510375977, 1.03015899658203, -2.30508065223694, 33.4666087065527, 173.809189847148, 171.432693827334, 164.859128524817, 155.707699565376, 4.69854518665972, 28.9778049689257, 23.8035405216692, 25.0374124876847, 23.8882468202084
-0.05743789672852, -0.01056146621704, 0.04631423950195, -0.13257881999016, 0.55709630250931, -0.18155592679977, -1.95919179916382, 0.92295730113983, -2.31800150871277, 0.80814945697784, 1.25273406505585, 2.952805519104, -2.17173886299133, 1.26218748092651, -1.95400726795197, -0.88323003053665, 0.07579413801432, 0.37073555588722, -2.39589667320251, 0.89360654354095, -0.02848982810974, 0.39414390921593, 1.30133926868439, -2.68597292900085, -1.99365174770355, 0.91753351688385, -2.29180455207825, 0.26417276263237, 2.28318881988525, -2.01175808906555, -2.52228450775146, 0.84457302093506, 0.00340868905187, -2.48649859428406, 0.81858599185944, 0.10937874019146, -2.46526026725769, 0.80739390850067, 0.12622174620628, -2.43532252311707, 0.79567086696625, 0.11780817806721, -2.41122531890869, 0.79509860277176, 0.09513371437788, -1.90595400333405, 1.00089240074158, -2.36076927185059, -1.99145686626434, 1.07436645030975, -2.38259649276733, -2.0151059627533, 1.08844780921936, -2.372474193573, -2.02978324890137, 1.08680486679077, -2.34270238876343, -2.03400754928589, 1.06939005851746, -2.31488132476807, -2.4670946598053, 0.85836523771286, -0.00864551216364, -2.47152733802795, 0.83897376060486, 0.07041312754154, -2.45057106018066, 0.83065724372864, 0.0818744674325, -2.42519164085388, 0.82298570871353, 0.07612603157759, -2.40525770187378, 0.81867927312851, 0.0607116445899, -1.94357430934906, 0.97162598371506, -2.32745742797852, -1.98384976387024, 1.03289365768433, -2.36309623718262, -2.00468754768372, 1.04168629646301, -2.35177493095398, -2.01851606369019, 1.03927433490753, -2.32855939865112, -2.02313566207886, 1.02981984615326, -2.30526161193848, 33.4086204004993, 173.652696552885, 171.341210273591, 164.794351010729, 155.674272619578, 4.69854518665972, 28.9778049689257, 23.8035405216692, 25.0374124876847, 23.8882468202084
-0.0501766204834, -0.01355266571045, 0.04152488708496, -0.0975107178092, 0.55113214254379, -0.08997213095427, -1.95967221260071, 0.9223261475563, -2.31781959533691, 0.80909419059753, 1.25065124034882, 2.94202613830566, -2.17178916931152, 1.26195847988129, -1.95414304733276, -0.88326966762543, 0.07502988725901, 0.37143990397453, -2.39589667320251, 0.89360654354095, -0.02848982810974, 0.39414390921593, 1.30133926868439, -2.68597292900085, -1.9940367937088, 0.91716319322586, -2.2913670539856, 0.2708603143692, 2.28880000114441, -2.01542353630066, -2.52228450775146, 0.84457302093506, 0.00340868905187, -2.48649859428406, 0.81858599185944, 0.10937874019146, -2.46526026725769, 0.80739390850067, 0.12622174620628, -2.43532252311707, 0.79567086696625, 0.11780817806721, -2.41122531890869, 0.79509860277176, 0.09513371437788, -1.90657007694244, 0.99979221820831, -2.36149334907532, -1.99201571941376, 1.0733460187912, -2.38327693939209, -2.01555919647217, 1.08756327629089, -2.37309908866882, -2.03004455566406, 1.08617067337036, -2.34322071075439, -2.03413271903992, 1.0689640045166, -2.31525015830994, -2.4670946598053, 0.85836523771286, -0.00864551216364, -2.47152733802795, 0.83897376060486, 0.07041312754154, -2.45057106018066, 0.83065724372864, 0.0818744674325, -2.42519164085388, 0.82298570871353, 0.07612603157759, -2.40525770187378, 0.81867927312851, 0.0607116445899, -1.94404911994934, 0.97086501121521, -2.32772946357727, -1.98439252376556, 1.03199076652527, -2.36353445053101, -2.005131483078, 1.04092025756836, -2.35213899612427, -2.01881313323975, 1.0387099981308, -2.32881689071655, -2.02330470085144, 1.02943277359009, -2.30542302131653, 33.3473467734551, 173.482788767092, 171.248811474499, 164.727346854971, 155.639206428379, 4.69854518665972, 28.9778049689257, 23.8035405216692, 25.0374124876847, 23.8882468202084
-0.05012512207031, -0.03162002563477, 0.07010650634766, -0.48827680945396, 0.41457211971283, -0.23330844938755, -1.96021664142609, 0.92167884111404, -2.31763792037964, 0.80946087837219, 1.24930584430695, 2.93107628822327, -2.17187881469727, 1.26170146465302, -1.95422530174255, -0.88307219743729, 0.07569103688002, 0.37059170007706, -2.39589667320251, 0.89360654354095, -0.02848982810974, 0.39414390921593, 1.30133926868439, -2.68597292900085, -1.99444317817688, 0.91677701473236, -2.29091787338257, 0.27718156576157, 2.29488158226013, -2.01945853233337, -2.52228450775146, 0.84457302093506, 0.00340868905187, -2.48649859428406, 0.81858599185944, 0.10937874019146, -2.46526026725769, 0.80739390850067, 0.12622174620628, -2.43532252311707, 0.79567086696625, 0.11780817806721, -2.41122531890869, 0.79509860277176, 0.09513371437788, -1.9073041677475, 0.99871391057968, -2.36225390434265, -1.99274504184723, 1.07230007648468, -2.38394618034363, -2.01618432998657, 1.08664107322693, -2.37370109558105, -2.03045749664307, 1.08549213409424, -2.34371066093445, -2.03438186645508, 1.06849300861359, -2.31559014320374, -2.4670946598053, 0.85836523771286, -0.00864551216364, -2.47152733802795, 0.83897376060486, 0.07041312754154, -2.45057106018066, 0.83065724372864, 0.0818744674325, -2.42519164085388, 0.82298570871353, 0.07612603157759, -2.40525770187378, 0.81867927312851, 0.0607116445899, -1.94460213184357, 0.97010946273804, -2.32801795005798, -1.98506963253021, 1.03106904029846, -2.36396598815918, -2.00570678710938, 1.04012477397919, -2.35248589515686, -2.01922535896301, 1.03811001777649, -2.32905101776123, -2.02356886863709, 1.02900850772858, -2.30556035041809, 33.2816471838287, 173.259865052961, 171.154595845088, 164.65707786879, 155.601804312484, 4.69854518665972, 28.9778049689257, 23.8035405216692, 25.0374124876847, 23.8882468202084
-0.05196189880371, -0.03451251983643, 0.07518768310547, -0.50452774763107, 0.47061476111412, -0.1952677667141, -1.9608029127121, 0.92103177309036, -2.31746196746826, 0.80928975343704, 1.24869763851166, 2.92032599449158, -2.17180633544922, 1.2616263628006, -1.95437252521515, -0.88316607475281, 0.07637325674295, 0.36919605731964, -2.39589667320251, 0.89360654354095, -0.02848982810974, 0.39414390921593, 1.30133926868439, -2.68597292900085, -1.9948296546936, 0.91633462905884, -2.29033350944519, 0.29028275609016, 2.29580879211426, -2.02256274223328, -2.52228450775146, 0.84457302093506, 0.00340868905187, -2.48649859428406, 0.81858599185944, 0.10937874019146, -2.46526026725769, 0.80739390850067, 0.12622174620628, -2.43532252311707, 0.79567086696625, 0.11780817806721, -2.41122531890869, 0.79509860277176, 0.09513371437788, -1.90718352794647, 0.99680244922638, -2.36271286010742, -1.99208569526672, 1.0708155632019, -2.3850576877594, -2.01539301872253, 1.08545100688934, -2.37492871284485, -2.0296196937561, 1.08474111557007, -2.34490251541138, -2.03362512588501, 1.06808114051819, -2.31659126281738, -2.4670946598053, 0.85836523771286, -0.00864551216364, -2.47152733802795, 0.83897376060486, 0.07041312754154, -2.45057106018066, 0.83065724372864, 0.0818744674325, -2.42519164085388, 0.82298570871353, 0.07612603157759, -2.40525770187378, 0.81867927312851, 0.0607116445899, -1.94464111328125, 0.96886658668518, -2.32810115814209, -1.98469638824463, 1.02974593639374, -2.36464166641235, -2.00524091720581, 1.03908801078796, -2.35322499275208, -2.01873183250427, 1.03743505477905, -2.32974600791931, -2.02310299873352, 1.02862477302551, -2.30614972114563, 33.2386989543277, 173.040438395685, 171.074696292177, 164.602531978078, 155.581846499729, 4.69854518665972, 28.9778049689257, 23.8035405216692, 25.0374124876847, 23.8882468202084
-0.05189323425293, -0.03640508651733, 0.07755661010742, -0.5136251449585, 0.51937103271484, -0.15841646492481, -1.96120595932007, 0.92003554105759, -2.31698131561279, 0.81319141387939, 1.23695397377014, 2.90165448188782, -2.1716468334198, 1.26163077354431, -1.95450341701508, -0.88392013311386, 0.07522891461849, 0.36845579743385, -2.39589667320251, 0.89360654354095, -0.02848982810974, 0.39414390921593, 1.30133926868439, -2.68597292900085, -1.99527263641357, 0.9157794713974, -2.28966856002808, 0.30324679613113, 2.29706788063049, -2.02601337432861, -2.52228450775146, 0.84457302093506, 0.00340868905187, -2.48649859428406, 0.81858599185944, 0.10937874019146, -2.46526026725769, 0.80739390850067, 0.12622174620628, -2.43532252311707, 0.79567086696625, 0.11780817806721, -2.41122531890869, 0.79509860277176, 0.09513371437788, -1.90719318389893, 0.99478024244308, -2.36313009262085, -1.9915896654129, 1.06917810440063, -2.38610434532166, -2.01476311683655, 1.08409953117371, -2.37608647346497, -2.02892541885376, 1.08382892608643, -2.346022605896, -2.03299021720886, 1.06751370429993, -2.31751942634583, -2.4670946598053, 0.85836523771286, -0.00864551216364, -2.47152733802795, 0.83897376060486, 0.07041312754154, -2.45057106018066, 0.83065724372864, 0.0818744674325, -2.42519164085388, 0.82298570871353, 0.07612603157759, -2.40525770187378, 0.81867927312851, 0.0607116445899, -1.94477915763855, 0.96751147508621, -2.32812738418579, -1.98446118831635, 1.02828240394592, -2.36525130271912, -2.00490880012512, 1.0379045009613, -2.35389304161072, -2.0183572769165, 1.03661286830902, -2.33036708831787, -2.02274012565613, 1.02809727191925, -2.30666494369507, 33.1951599134634, 172.762531658736, 170.995192890238, 164.547480653368, 155.562298498324, 4.69854518665972, 28.9778049689257, 23.8035405216692, 25.0374124876847, 23.8882468202084
-0.06560897827148, -0.03564119338989, 0.09384727478027, -0.78552955389023, 0.12928767502308, -0.56385183334351, -1.96168375015259, 0.91893237829208, -2.31643056869507, 0.81658321619034, 1.22549510002136, 2.88278961181641, -2.17144727706909, 1.26164174079895, -1.95457541942596, -0.88429790735245, 0.07470762729645, 0.36735543608665, -2.39589667320251, 0.89360654354095, -0.02848982810974, 0.39414390921593, 1.30133926868439, -2.68597292900085, -1.99516999721527, 0.91441780328751, -2.28819870948792, 0.32953587174416, 2.29423379898071, -2.02940678596497, -2.52228450775146, 0.84457302093506, 0.00340868905187, -2.48649859428406, 0.81858599185944, 0.10937874019146, -2.46526026725769, 0.80739390850067, 0.12622174620628, -2.43532252311707, 0.79567086696625, 0.11780817806721, -2.41122531890869, 0.79509860277176, 0.09513371437788, -1.90559935569763, 0.99038875102997, -2.36303997039795, -1.98863971233368, 1.06578302383423, -2.38764953613281, -2.01156377792358, 1.08130419254303, -2.37797474861145, -2.02577662467957, 1.08187890052795, -2.34793901443481, -2.0301730632782, 1.06620657444, -2.31912612915039, -2.4670946598053, 0.85836523771286, -0.00864551216364, -2.47152733802795, 0.83897376060486, 0.07041312754154, -2.45057106018066, 0.83065724372864, 0.0818744674325, -2.42519164085388, 0.82298570871353, 0.07612603157759, -2.40525770187378, 0.81867927312851, 0.0607116445899, -1.94371438026428, 0.96448320150375, -2.32757711410522, -1.98226380348206, 1.02519094944, -2.36597585678101, -2.00255751609802, 1.03539347648621, -2.35485053062439, -2.01606440544128, 1.03480505943298, -2.33132982254028, -2.02063393592834, 1.02683997154236, -2.30747222900391, 33.1433631738926, 172.132911160666, 170.903244883632, 164.480749705177, 155.553009441053, 4.69854518665972, 28.9778049689257, 23.8035405216692, 25.0374124876847, 23.8882468202084
-0.06897354125977, -0.04381227493286, 0.10138320922852, -0.79706990718842, 0.16328476369381, -0.54055398702621, -1.96148800849915, 0.91644966602325, -2.31495237350464, 0.8260235786438, 1.19712316989899, 2.84646368026733, -2.17112469673157, 1.26168072223663, -1.95464324951172, -0.88408386707306, 0.07500122487545, 0.366062104702, -2.39589667320251, 0.89360654354095, -0.02848982810974, 0.39414390921593, 1.30133926868439, -2.68597292900085, -1.99499821662903, 0.9129296541214, -2.2866382598877, 0.35431891679764, 2.29175662994385, -2.03303170204163, -2.52228450775146, 0.84457302093506, 0.00340868905187, -2.48649859428406, 0.81858599185944, 0.10937874019146, -2.46526026725769, 0.80739390850067, 0.12622174620628, -2.43532252311707, 0.79567086696625, 0.11780817806721, -2.41122531890869, 0.79509860277176, 0.09513371437788, -1.90411484241486, 0.9859961271286, -2.36277770996094, -1.98588407039642, 1.06225597858429, -2.38892769813538, -2.0085620880127, 1.07832992076874, -2.37958097457886, -2.02279686927795, 1.07970571517944, -2.34958171844482, -2.02748084068298, 1.06465625762939, -2.32048344612122, -2.4670946598053, 0.85836523771286, -0.00864551216364, -2.47152733802795, 0.83897376060486, 0.07041312754154, -2.45057106018066, 0.83065724372864, 0.0818744674325, -2.42519164085388, 0.82298570871353, 0.07612603157759, -2.40525770187378, 0.81867927312851, 0.0607116445899, -1.9426873922348, 0.96139299869537, -2.32688450813293, -1.98019671440125, 1.02198326587677, -2.36648035049438, -2.00033330917358, 1.03272473812103, -2.35557889938354, -2.0138738155365, 1.03280282020569, -2.33207058906555, -2.01859951019287, 1.02536702156067, -2.30807280540466, 33.0899306040156, 171.519642135469, 170.809780575029, 164.411915058721, 155.545496232966, 4.69854518665972, 28.9778049689257, 23.8035405216692, 25.0374124876847, 23.8882468202084
-0.06725692749023, -0.09436655044556, 0.18990898132324, -1.42799425125122, -0.12781353294849, -1.26217412948608, -1.96125793457031, 0.9139039516449, -2.31337785720825, 0.83399820327759, 1.16993129253387, 2.81132626533508, -2.17082214355469, 1.26174712181091, -1.95474684238434, -0.88417285680771, 0.07486261427402, 0.36368468403816, -2.39589667320251, 0.89360654354095, -0.02848982810974, 0.39414390921593, 1.30133926868439, -2.68597292900085, -1.99483573436737, 0.9115663766861, -2.28520512580872, 0.3761225938797, 2.28972244262695, -2.03656339645386, -2.52228450775146, 0.84457302093506, 0.00340868905187, -2.48649859428406, 0.81858599185944, 0.10937874019146, -2.46526026725769, 0.80739390850067, 0.12622174620628, -2.43532252311707, 0.79567086696625, 0.11780817806721, -2.41122531890869, 0.79509860277176, 0.09513371437788, -1.90287256240845, 0.98203980922699, -2.36248350143433, -1.98353183269501, 1.05900228023529, -2.38998794555664, -2.00598502159119, 1.07555210590363, -2.3809335231781, -2.02021837234497, 1.07763564586639, -2.35097455978394, -2.02513480186462, 1.06314694881439, -2.32163095474243, -2.4670946598053, 0.85836523771286, -0.00864551216364, -2.47152733802795, 0.83897376060486, 0.07041312754154, -2.45057106018066, 0.83065724372864, 0.0818744674325, -2.42519164085388, 0.82298570871353, 0.07612603157759, -2.40525770187378, 0.81867927312851, 0.0607116445899, -1.941814661026, 0.95859605073929, -2.32621550559998, -1.97843241691589, 1.01903700828552, -2.36686015129089, -1.99842131137848, 1.03024578094482, -2.35615921020508, -2.01197481155396, 1.03091263771057, -2.33266758918762, -2.01682138442993, 1.02395033836365, -2.30855226516724, 33.0348724491162, 170.944185037517, 170.714950228593, 164.341004034758, 155.539758874063, 4.69854518665972, 28.9778049689257, 23.8035405216692, 25.0374124876847, 23.8882468202084
-0.0578498840332, -0.10173511505127, 0.193359375, -1.36514949798584, -0.09090940654278, -1.17734253406525, -1.9610675573349, 0.91161012649536, -2.31192708015442, 0.84025663137436, 1.14570212364197, 2.77974653244019, -2.17011904716492, 1.2621738910675, -1.95484292507172, -0.88444292545319, 0.0733225941658, 0.36135986447334, -2.39589667320251, 0.89360654354095, -0.02848982810974, 0.39414390921593, 1.30133926868439, -2.68597292900085, -1.99276661872864, 0.90757125616074, -2.2820086479187, 0.41251003742218, 2.28170442581177, -2.02936124801636, -2.52228450775146, 0.84457302093506, 0.00340868905187, -2.48649859428406, 0.81858599185944, 0.10937874019146, -2.46526026725769, 0.80739390850067, 0.12622174620628, -2.43532252311707, 0.79567086696625, 0.11780817806721, -2.41122531890869, 0.79509860277176, 0.09513371437788, -1.89779508113861, 0.97361052036285, -2.35956454277039, -1.97566306591034, 1.05255687236786, -2.38939213752747, -1.99766993522644, 1.06997978687286, -2.38089728355408, -2.01214289665222, 1.07308268547058, -2.35114192962646, -2.01782655715942, 1.05931746959686, -2.32158946990967, -2.4670946598053, 0.85836523771286, -0.00864551216364, -2.47152733802795, 0.83897376060486, 0.07041312754154, -2.45057106018066, 0.83065724372864, 0.0818744674325, -2.42519164085388, 0.82298570871353, 0.07612603157759, -2.40525770187378, 0.81867927312851, 0.0607116445899, -1.93784391880035, 0.9521073102951, -2.32329940795898, -1.97208511829376, 1.01289653778076, -2.36546754837036, -1.99181687831879, 1.02493524551392, -2.35519981384277, -2.00558757781982, 1.02647793292999, -2.33187627792358, -2.010906457901, 1.0201324224472, -2.30769038200378, 32.9809378603352, 170.508145760903, 170.626157769382, 164.274901463971, 155.562079932271, 4.69854518665972, 28.9778049689257, 23.8035405216692, 25.0374124876847, 23.8882468202084
-0.04986763000488, -0.09179592132568, 0.17584991455078, -1.21300780773163, -0.05564979463816, -1.02317833900452, -1.95873606204987, 0.90603590011597, -2.30835103988647, 0.86079841852188, 1.09985315799713, 2.73310232162476, -2.16954755783081, 1.26248717308044, -1.95492076873779, -0.88447779417038, 0.0711657255888, 0.36089649796486, -2.39589667320251, 0.89360654354095, -0.02848982810974, 0.39414390921593, 1.30133926868439, -2.68597292900085, -1.99108588695526, 0.9042689204216, -2.27932071685791, 0.44473996758461, 2.27511596679688, -2.02395153045654, -2.52228450775146, 0.84457302093506, 0.00340868905187, -2.48649859428406, 0.81858599185944, 0.10937874019146, -2.46526026725769, 0.80739390850067, 0.12622174620628, -2.43532252311707, 0.79567086696625, 0.11780817806721, -2.41122531890869, 0.79509860277176, 0.09513371437788, -1.89365446567535, 0.96630692481995, -2.35712885856628, -1.96904146671295, 1.0468442440033, -2.3890061378479, -1.99062836170197, 1.06501281261444, -2.38101029396057, -2.00526475906372, 1.06902921199799, -2.35144472122192, -2.01158237457275, 1.05594038963318, -2.32171416282654, -2.4670946598053, 0.85836523771286, -0.00864551216364, -2.47152733802795, 0.83897376060486, 0.07041312754154, -2.45057106018066, 0.83065724372864, 0.0818744674325, -2.42519164085388, 0.82298570871353, 0.07612603157759, -2.40525770187378, 0.81867927312851, 0.0607116445899, -1.93459510803223, 0.94654935598373, -2.32086634635925, -1.9667717218399, 1.00752091407776, -2.36437582969666, -1.98624920845032, 1.02027583122253, -2.35449481010437, -2.00017189979553, 1.02260220050812, -2.33132696151733, -2.00587248802185, 1.01682603359222, -2.3070855140686, 32.9258455544898, 170.06707946506, 170.537023800714, 164.207719723295, 155.589373368194, 4.69854518665972, 28.9778049689257, 23.8035405216692, 25.0374124876847, 23.8882468202084
0.02461624145508, -0.24117994308472, 0.28796195983887, -1.35666656494141, -0.77641695737839, -2.29279899597168, -1.95688581466675, 0.90133827924728, -2.30532312393188, 0.87707555294037, 1.0575966835022, 2.68934345245361, -2.16871428489685, 1.2627649307251, -1.95513367652893, -0.88342833518982, 0.07248575240374, 0.35916170477867, -2.39589667320251, 0.89360654354095, -0.02848982810974, 0.39414390921593, 1.30133926868439, -2.68597292900085, -1.98667347431183, 0.89886963367462, -2.27580809593201, 0.48369759321213, 2.2744619846344, -1.99875259399414, -2.52228450775146, 0.84457302093506, 0.00340868905187, -2.48649859428406, 0.81858599185944, 0.10937874019146, -2.46526026725769, 0.80739390850067, 0.12622174620628, -2.43532252311707, 0.79567086696625, 0.11780817806721, -2.41122531890869, 0.79509860277176, 0.09513371437788, -1.88568091392517, 0.95589101314545, -2.35291028022766, -1.95704519748688, 1.03941559791565, -2.38632297515869, -1.97789835929871, 1.05858659744263, -2.37873077392578, -1.99268889427185, 1.06349146366119, -2.3493766784668, -1.9999293088913, 1.05094194412231, -2.31962394714355, -2.4670946598053, 0.85836523771286, -0.00864551216364, -2.47152733802795, 0.83897376060486, 0.07041312754154, -2.45057106018066, 0.83065724372864, 0.0818744674325, -2.42519164085388, 0.82298570871353, 0.07612603157759, -2.40525770187378, 0.81867927312851, 0.0607116445899, -1.92788016796112, 0.93826472759247, -2.31699371337891, -1.95680975914001, 1.00023603439331, -2.36136245727539, -1.97581779956818, 1.01392138004303, -2.35181736946106, -1.98989510536194, 1.01705324649811, -2.32883858680725, -1.99613058567047, 1.01173615455627, -2.30462384223938, 32.8296218494627, 169.201434950031, 170.442835492059, 164.131863642373, 155.612527709481, 4.69854518665972, 28.9778049689257, 23.8035405216692, 25.0374124876847, 23.8882468202084
0.01285743713379, -0.19435930252075, 0.24690055847168, -1.23946142196655, -0.63636672496796, -1.99417042732239, -1.95233356952667, 0.89421397447586, -2.30137085914612, 0.91100162267685, 1.00882959365845, 2.64211392402649, -2.16785883903503, 1.26284027099609, -1.95559453964233, -0.88114762306213, 0.07818958908319, 0.35521218180656, -2.39589667320251, 0.89360654354095, -0.02848982810974, 0.39414390921593, 1.30133926868439, -2.68597292900085, -1.98330068588257, 0.89475244283676, -2.27303409576416, 0.51752609014511, 2.27447748184204, -1.97842586040497, -2.52228450775146, 0.84457302093506, 0.00340868905187, -2.48649859428406, 0.81858599185944, 0.10937874019146, -2.46526026725769, 0.80739390850067, 0.12622174620628, -2.43532252311707, 0.79567086696625, 0.11780817806721, -2.41122531890869, 0.79509860277176, 0.09513371437788, -1.87951397895813, 0.9473140835762, -2.34959316253662, -1.9473842382431, 1.03315508365631, -2.38438606262207, -1.96757841110229, 1.05315375328064, -2.37715601921082, -1.98245596885681, 1.05885517597198, -2.3479905128479, -1.99044513702393, 1.04683673381805, -2.31821036338806, -2.4670946598053, 0.85836523771286, -0.00864551216364, -2.47152733802795, 0.83897376060486, 0.07041312754154, -2.45057106018066, 0.83065724372864, 0.0818744674325, -2.42519164085388, 0.82298570871353, 0.07612603157759, -2.40525770187378, 0.81867927312851, 0.0607116445899, -1.92268455028534, 0.93157804012299, -2.31395411491394, -1.94885206222534, 0.99420684576035, -2.35910773277283, -1.96742606163025, 1.00867164134979, -2.34986233711243, -1.98159611225128, 1.01252055168152, -2.32705020904541, -1.98825776576996, 1.00764489173889, -2.30285573005676, 32.6904157639887, 168.410321459225, 170.347663636164, 164.044286956835, 155.639056164217, 4.69854518665972, 28.9778049689257, 23.8035405216692, 25.0374124876847, 23.8882468202084
0.14462471008301, -0.28634405136108, 0.2567195892334, -0.57842791080475, -0.85914266109467, -3.18712615966797, -1.94891536235809, 0.88860350847244, -2.29821729660034, 0.93755096197128, 0.96260786056519, 2.59641766548157, -2.1670286655426, 1.26309013366699, -1.95614743232727, -0.8804178237915, 0.08320374786854, 0.34750121831894, -2.39589667320251, 0.89360654354095, -0.02848982810974, 0.39414390921593, 1.30133926868439, -2.68597292900085, -1.97803819179535, 0.88926124572754, -2.26723313331604, 0.56919324398041, 2.28168773651123, -1.92320311069489, -2.52228450775146, 0.84457302093506, 0.00340868905187, -2.48649859428406, 0.81858599185944, 0.10937874019146, -2.46526026725769, 0.80739390850067, 0.12622174620628, -2.43532252311707, 0.79567086696625, 0.11780817806721, -2.41122531890869, 0.79509860277176, 0.09513371437788, -1.86921620368958, 0.93455910682678, -2.34140563011169, -1.93016040325165, 1.02499330043793, -2.37736511230469, -1.94905757904053, 1.04634368419647, -2.37050366401672, -1.96412134170532, 1.05302441120148, -2.34164309501648, -1.9735666513443, 1.04154586791992, -2.31207680702209, -2.4670946598053, 0.85836523771286, -0.00864551216364, -2.47152733802795, 0.83897376060486, 0.07041312754154, -2.45057106018066, 0.83065724372864, 0.0818744674325, -2.42519164085388, 0.82298570871353, 0.07612603157759, -2.40525770187378, 0.81867927312851, 0.0607116445899, -1.91413426399231, 0.92182332277298, -2.30674123764038, -1.93488776683807, 0.98620218038559, -2.35224509239197, -1.9525990486145, 1.00191557407379, -2.34335136413574, -1.96695053577423, 1.00670921802521, -2.32083344459534, -1.97445321083069, 1.00227224826813, -2.29680156707764, 32.5652662078265, 167.92763199058, 170.251235025462, 163.973580838547, 155.667565373813, 4.69854518665972, 28.9778049689257, 23.8035405216692, 25.0374124876847, 23.8882468202084
0.10002708435059, -0.20616960525513, 0.20789909362793, -0.59688138961792, -0.70140850543976, -2.68800234794617, -1.94363534450531, 0.88076317310333, -2.29169917106628, 0.99480491876602, 0.8828164935112, 2.52542901039124, -2.16603255271912, 1.26331257820129, -1.95656991004944, -0.88020998239517, 0.08652830868959, 0.33833700418472, -2.39589667320251, 0.89360654354095, -0.02848982810974, 0.39414390921593, 1.30133926868439, -2.68597292900085, -1.97363424301147, 0.88478195667267, -2.26257634162903, 0.61227858066559, 2.2897469997406, -1.87854194641113, -2.52228450775146, 0.84457302093506, 0.00340868905187, -2.48649859428406, 0.81858599185944, 0.10937874019146, -2.46526026725769, 0.80739390850067, 0.12622174620628, -2.43532252311707, 0.79567086696625, 0.11780817806721, -2.41122531890869, 0.79509860277176, 0.09513371437788, -1.86118340492249, 0.92377191781998, -2.3348970413208, -1.91627812385559, 1.01749706268311, -2.3718535900116, -1.9340443611145, 1.03989136219025, -2.36530542373657, -1.94918704032898, 1.0474374294281, -2.3367006778717, -1.95976483821869, 1.03653490543365, -2.30730032920837, -2.4670946598053, 0.85836523771286, -0.00864551216364, -2.47152733802795, 0.83897376060486, 0.07041312754154, -2.45057106018066, 0.83065724372864, 0.0818744674325, -2.42519164085388, 0.82298570871353, 0.07612603157759, -2.40525770187378, 0.81867927312851, 0.0607116445899, -1.90732872486115, 0.91363298892975, -2.30099606513977, -1.92362320423126, 0.97905480861664, -2.34682631492615, -1.94056010246277, 0.99575531482697, -2.33822798728943, -1.95499241352081, 1.0013724565506, -2.31595325469971, -1.96313774585724, 0.9973857998848, -2.29205203056335, 32.4299430848956, 167.446335880526, 170.153836527898, 163.90228732399, 155.699079866643, 4.69854518665972, 28.9778049689257, 23.8035405216692, 25.0374124876847, 23.8882468202084
0.12630844116211, -0.1884241104126, 0.34596633911133, 0.17062710225582, -1.53712904453278, -5.03916549682617, -1.93936371803284, 0.87432587146759, -2.2864625453949, 1.03715205192566, 0.80472618341446, 2.45337629318237, -2.16483116149902, 1.2635395526886, -1.95686519145966, -0.88093602657318, 0.08758433163166, 0.33360296487808, -2.39589667320251, 0.89360654354095, -0.02848982810974, 0.39414390921593, 1.30133926868439, -2.68597292900085, -1.96976745128632, 0.88085716962814, -2.2586190700531, 0.64872616529465, 2.2980751991272, -1.84142446517944, -2.52228450775146, 0.84457302093506, 0.00340868905187, -2.48649859428406, 0.81858599185944, 0.10937874019146, -2.46526026725769, 0.80739390850067, 0.12622174620628, -2.43532252311707, 0.79567086696625, 0.11780817806721, -2.41122531890869, 0.79509860277176, 0.09513371437788, -1.85463619232178, 0.91436219215393, -2.32945609092712, -1.90474545955658, 1.01050746440887, -2.36728143692017, -1.92152285575867, 1.03372704982758, -2.36100459098816, -1.93667805194855, 1.0420343875885, -2.33261823654175, -1.94815444946289, 1.03170001506805, -2.30335021018982, -2.4670946598053, 0.85836523771286, -0.00864551216364, -2.47152733802795, 0.83897376060486, 0.07041312754154, -2.45057106018066, 0.83065724372864, 0.0818744674325, -2.42519164085388, 0.82298570871353, 0.07612603157759, -2.40525770187378, 0.81867927312851, 0.0607116445899, -1.90166211128235, 0.90647584199905, -2.29617190361023, -1.91423273086548, 0.97250324487686, -2.3423056602478, -1.93047785758972, 0.99000024795532, -2.33396005630493, -1.94492900371552, 0.99633491039276, -2.31189107894897, -1.95357549190521, 0.99278330802917, -2.2880973815918, 32.2858602443542, 166.94382520291, 170.055509124606, 163.830406413165, 155.733435718168, 4.69854518665972, 28.9778049689257, 23.8035405216692, 25.0374124876847, 23.8882468202084
0.12318420410156, -0.14466762542725, 0.283447265625, -0.01640550792217, -1.2107892036438, -4.09215497970581, -1.93570840358734, 0.86875075101852, -2.28202366828918, 1.06872725486755, 0.72955799102783, 2.38248658180237, -2.16349411010742, 1.26385450363159, -1.95704710483551, -0.88284957408905, 0.08657114207745, 0.32982608675957, -2.39589667320251, 0.89360654354095, -0.02848982810974, 0.39414390921593, 1.30133926868439, -2.68597292900085, -1.96639955043793, 0.87428098917007, -2.2547767162323, 0.68231970071793, 2.26732611656189, -1.79083216190338, -2.52228450775146, 0.84457302093506, 0.00340868905187, -2.48649859428406, 0.81858599185944, 0.10937874019146, -2.46526026725769, 0.80739390850067, 0.12622174620628, -2.43532252311707, 0.79567086696625, 0.11780817806721, -2.41122531890869, 0.79509860277176, 0.09513371437788, -1.84552776813507, 0.90226298570633, -2.31804370880127, -1.88820946216583, 1.00111436843872, -2.35794734954834, -1.90413522720337, 1.02512741088867, -2.3524911403656, -1.9205801486969, 1.0340188741684, -2.32501411437988, -1.93436598777771, 1.02409815788269, -2.29661226272583, -2.4670946598053, 0.85836523771286, -0.00864551216364, -2.47152733802795, 0.83897376060486, 0.07041312754154, -2.45057106018066, 0.83065724372864, 0.0818744674325, -2.42519164085388, 0.82298570871353, 0.07612603157759, -2.40525770187378, 0.81867927312851, 0.0607116445899, -1.89487218856812, 0.89659595489502, -2.28780341148376, -1.90116047859192, 0.96348690986633, -2.33397722244263, -1.91697692871094, 0.98174399137497, -2.32647943496704, -1.93242835998535, 0.98867076635361, -2.30528330802917, -1.94270658493042, 0.98541367053986, -2.28210425376892, 32.2194708056217, 166.49105196283, 169.977781571851, 163.77596980548, 155.756029983943, 4.69854518665972, 28.9778049689257, 23.8035405216692, 25.0374124876847, 23.8882468202084
0.12543296813965, -0.12900352478027, 0.2460765838623, -0.11779173463583, -0.97634738683701, -3.39654803276062, -1.93161582946777, 0.86058664321899, -2.27615213394165, 1.1069221496582, 0.59998309612274, 2.30620241165161, -2.16199016571045, 1.26427793502808, -1.95730757713318, -0.88488864898682, 0.08404591679573, 0.32663777470589, -2.39589667320251, 0.89360654354095, -0.02848982810974, 0.39414390921593, 1.30133926868439, -2.68597292900085, -1.96314084529877, 0.86857575178146, -2.25107145309448, 0.7136088013649, 2.24906921386719, -1.74925208091736, -2.52228450775146, 0.84457302093506, 0.00340868905187, -2.48649859428406, 0.81858599185944, 0.10937874019146, -2.46526026725769, 0.80739390850067, 0.12622174620628, -2.43532252311707, 0.79567086696625, 0.11780817806721, -2.41122531890869, 0.79509860277176, 0.09513371437788, -1.83842158317566, 0.89139264822006, -2.30869245529175, -1.87484502792358, 0.9921942949295, -2.34989881515503, -1.88992214202881, 1.01687109470367, -2.34502387046814, -1.90717852115631, 1.02638149261475, -2.31826114654541, -1.92265546321869, 1.01697671413422, -2.2905638217926, -2.4670946598053, 0.85836523771286, -0.00864551216364, -2.47152733802795, 0.83897376060486, 0.07041312754154, -2.45057106018066, 0.83065724372864, 0.0818744674325, -2.42519164085388, 0.82298570871353, 0.07612603157759, -2.40525770187378, 0.81867927312851, 0.0607116445899, -1.88928067684174, 0.88781189918518, -2.28072834014893, -1.89051556587219, 0.95508992671967, -2.32675099372864, -1.9058301448822, 0.97400397062302, -2.31986474990845, -1.92189908027649, 0.98153114318848, -2.29934334754944, -1.93334531784058, 0.97864699363708, -2.27666783332825, 32.1515992158393, 166.020206042206, 169.901993792821, 163.723404669627, 155.779389230904, 4.69854518665972, 28.9778049689257, 23.8035405216692, 25.0374124876847, 23.8882468202084
0.16230583190918, -0.28417253494263, 0.03575706481934, 0.58974826335907, -4.4626293182373, -3.70316123962402, -1.92806959152222, 0.85342866182327, -2.27094435691834, 1.1338837146759, 0.4813346862793, 2.22439455986023, -2.16024088859558, 1.26457834243774, -1.95765066146851, -0.8850571513176, 0.08328264206648, 0.32428467273712, -2.39589667320251, 0.89360654354095, -0.02848982810974, 0.39414390921593, 1.30133926868439, -2.68597292900085, -1.95977687835693, 0.86093008518219, -2.24676084518433, 0.76233476400375, 2.22100377082825, -1.69141364097595, -2.52228450775146, 0.84457302093506, 0.00340868905187, -2.48649859428406, 0.81858599185944, 0.10937874019146, -2.46526026725769, 0.80739390850067, 0.12622174620628, -2.43532252311707, 0.79567086696625, 0.11780817806721, -2.41122531890869, 0.79509860277176, 0.09513371437788, -1.83026576042175, 0.87570667266846, -2.2957935333252, -1.85726618766785, 0.97871744632721, -2.33875131607056, -1.87101197242737, 1.00431156158447, -2.3347499370575, -1.88937282562256, 1.01487982273102, -2.30914378166199, -1.90724515914917, 1.00645589828491, -2.28259682655334, -2.4670946598053, 0.85836523771286, -0.00864551216364, -2.47152733802795, 0.83897376060486, 0.07041312754154, -2.45057106018066, 0.83065724372864, 0.0818744674325, -2.42519164085388, 0.82298570871353, 0.07612603157759, -2.40525770187378, 0.81867927312851, 0.0607116445899, -1.88300883769989, 0.87538594007492, -2.27130818367004, -1.87681376934052, 0.94267141819, -2.31691789627075, -1.89130282402039, 0.96252739429474, -2.31095933914185, -1.90819120407104, 0.97104889154434, -2.29151272773743, -1.92129290103912, 0.9688783288002, -2.26966905593872, 31.9382616722085, 165.710511604859, 169.839989335536, 163.682000062879, 155.807871119743, 4.69854518665972, 28.9778049689257, 23.8035405216692, 25.0374124876847, 23.8882468202084
0.16889762878418, -0.24685335159302, 0.09364128112793, 0.34357371926308, -3.23813390731812, -3.19637060165405, -1.92450368404388, 0.84357285499573, -2.26433610916138, 1.16151928901672, 0.28387668728828, 2.08137106895447, -2.15863919258118, 1.2648446559906, -1.95824241638184, -0.88398134708405, 0.08201891928911, 0.32129544019699, -2.39589667320251, 0.89360654354095, -0.02848982810974, 0.39414390921593, 1.30133926868439, -2.68597292900085, -1.9566091299057, 0.8538584113121, -2.24237442016602, 0.79960018396378, 2.20552730560303, -1.64804530143738, -2.52228450775146, 0.84457302093506, 0.00340868905187, -2.48649859428406, 0.81858599185944, 0.10937874019146, -2.46526026725769, 0.80739390850067, 0.12622174620628, -2.43532252311707, 0.79567086696625, 0.11780817806721, -2.41122531890869, 0.79509860277176, 0.09513371437788, -1.82441687583923, 0.86242145299911, -2.28535771369934, -1.84441483020782, 0.96666878461838, -2.32915472984314, -1.85708069801331, 0.99289220571518, -2.32570052146912, -1.87606990337372, 1.00430357456207, -2.30092835426331, -1.89553046226501, 0.99672043323517, -2.27525901794434, -2.4670946598053, 0.85836523771286, -0.00864551216364, -2.47152733802795, 0.83897376060486, 0.07041312754154, -2.45057106018066, 0.83065724372864, 0.0818744674325, -2.42519164085388, 0.82298570871353, 0.07612603157759, -2.40525770187378, 0.81867927312851, 0.0607116445899, -1.87818515300751, 0.86461895704269, -2.26332116127014, -1.86666142940521, 0.9315824508667, -2.30836629867554, -1.88043534755707, 0.95210784673691, -2.30301070213318, -1.89777052402496, 0.96141141653061, -2.28433084487915, -1.91195321083069, 0.95984953641891, -2.26311945915222, 31.724691902146, 165.373537391968, 169.781495595484, 163.643669041257, 155.837691725659, 4.69854518665972, 28.9778049689257, 23.8035405216692, 25.0374124876847, 23.8882468202084
0.17602157592773, -0.31226921081543, 0.06020164489746, 0.2640734910965, -4.82223129272461, -4.66183948516846, -1.92144215106964, 0.83483904600143, -2.25837111473084, 1.17370343208313, 0.12810088694096, 1.96206474304199, -2.15698575973511, 1.26525259017944, -1.95889818668365, -0.88315349817276, 0.08072661608458, 0.31627508997917, -2.39589667320251, 0.89360654354095, -0.02848982810974, 0.39414390921593, 1.30133926868439, -2.68597292900085, -1.9535436630249, 0.84721863269806, -2.23805570602417, 0.83031833171844, 2.19658756256104, -1.61228704452515, -2.52228450775146, 0.84457302093506, 0.00340868905187, -2.48649859428406, 0.81858599185944, 0.10937874019146, -2.46526026725769, 0.80739390850067, 0.12622174620628, -2.43532252311707, 0.79567086696625, 0.11780817806721, -2.41122531890869, 0.79509860277176, 0.09513371437788, -1.81969475746155, 0.85062634944916, -2.27637720108032, -1.83404433727264, 0.95562374591827, -2.32059550285339, -1.84578502178192, 0.98232090473175, -2.31752276420593, -1.86516690254211, 0.99444401264191, -2.29340124130249, -1.8857958316803, 0.98760479688644, -2.26844501495361, -2.4670946598053, 0.85836523771286, -0.00864551216364, -2.47152733802795, 0.83897376060486, 0.07041312754154, -2.45057106018066, 0.83065724372864, 0.0818744674325, -2.42519164085388, 0.82298570871353, 0.07612603157759, -2.40525770187378, 0.81867927312851, 0.0607116445899, -1.87407326698303, 0.85491174459457, -2.25622606277466, -1.85836338996887, 0.92141699790955, -2.30068039894104, -1.87150073051453, 0.9424621462822, -2.29575991630554, -1.88910043239594, 0.95242035388947, -2.27767419815063, -1.90406668186188, 0.95139503479004, -2.25697469711304, 31.5241268122631, 165.003231855926, 169.726403289638, 163.608302321734, 155.868837388275, 4.69854518665972, 28.9778049689257, 23.8035405216692, 25.0374124876847, 23.8882468202084
0.19057846069336, -0.32935380935669, 0.14271926879883, 0.1682696044445, -3.31209635734558, -3.47658920288086, -1.91861164569855, 0.82684892416, -2.25286078453064, 1.17791867256165, -0.00065023376374, 1.86046874523163, -2.15518188476563, 1.26564061641693, -1.9594202041626, -0.88160288333893, 0.07756689935923, 0.31268790364265, -2.39589667320251, 0.89360654354095, -0.02848982810974, 0.39414390921593, 1.30133926868439, -2.68597292900085, -1.95155227184296, 0.8396223783493, -2.23347520828247, 0.92149651050568, 2.19531106948853, -1.53487110137939, -2.52228450775146, 0.84457302093506, 0.00340868905187, -2.48649859428406, 0.81858599185944, 0.10937874019146, -2.46526026725769, 0.80739390850067, 0.12622174620628, -2.43532252311707, 0.79567086696625, 0.11780817806721, -2.41122531890869, 0.79509860277176, 0.09513371437788, -1.81600987911224, 0.82870155572891, -2.26355314254761, -1.8167849779129, 0.93388503789902, -2.3096125125885, -1.82587432861328, 0.96168923377991, -2.30753135681152, -1.84531438350677, 0.97612053155899, -2.28476524353027, -1.86799693107605, 0.97183245420456, -2.26105332374573, -2.4670946598053, 0.85836523771286, -0.00864551216364, -2.47152733802795, 0.83897376060486, 0.07041312754154, -2.45057106018066, 0.83065724372864, 0.0818744674325, -2.42519164085388, 0.82298570871353, 0.07612603157759, -2.40525770187378, 0.81867927312851, 0.0607116445899, -1.87076675891876, 0.83885198831558, -2.24681663513184, -1.84564983844757, 0.902672290802, -2.29088544845581, -1.85681927204132, 0.92502760887146, -2.28698921203613, -1.87435102462769, 0.93702548742294, -2.27011656761169, -1.89055705070496, 0.9378719329834, -2.25036406517029, 31.3420168935177, 164.617817941441, 169.676542908697, 163.593098320642, 155.878850445598, 4.69854518665972, 28.9778049689257, 23.8035405216692, 25.0374124876847, 23.8882468202084
0.19650077819824, -0.33080863952637, 0.17876815795898, 0.12334755063057, -2.51738476753235, -2.82762503623962, -1.91808152198792, 0.81554961204529, -2.24590754508972, 1.14962708950043, -0.29384237527847, 1.60765421390533, -2.15326428413391, 1.26608300209045, -1.95983147621155, -0.88108861446381, 0.07239816337824, 0.31125670671463, -2.39589667320251, 0.89360654354095, -0.02848982810974, 0.39414390921593, 1.30133926868439, -2.68597292900085, -1.94948220252991, 0.8319638967514, -2.22871208190918, 0.97990930080414, 2.20112037658691, -1.47761523723602, -2.52228450775146, 0.84457302093506, 0.00340868905187, -2.48649859428406, 0.81858599185944, 0.10937874019146, -2.46526026725769, 0.80739390850067, 0.12622174620628, -2.43532252311707, 0.79567086696625, 0.11780817806721, -2.41122531890869, 0.79509860277176, 0.09513371437788, -1.81386697292328, 0.81178033351898, -2.2531418800354, -1.80573809146881, 0.9163773059845, -2.29982161521912, -1.81302428245544, 0.9447420835495, -2.29828119277954, -1.83236157894135, 0.96063339710236, -2.27641773223877, -1.85622203350067, 0.9580717086792, -2.25363063812256, -2.4670946598053, 0.85836523771286, -0.00864551216364, -2.47152733802795, 0.83897376060486, 0.07041312754154, -2.45057106018066, 0.83065724372864, 0.0818744674325, -2.42519164085388, 0.82298570871353, 0.07612603157759, -2.40525770187378, 0.81867927312851, 0.0607116445899, -1.86845517158508, 0.82569968700409, -2.23872518539429, -1.83736109733582, 0.88732004165649, -2.28210759162903, -1.8471587896347, 0.91040259599686, -2.27880644798279, -1.8645179271698, 0.92368757724762, -2.2627387046814, -1.88141775131226, 0.92578303813934, -2.24367237091064, 31.1639299561933, 164.218497761805, 169.63011128272, 163.582921338779, 155.887196936764, 4.69854518665972, 28.9778049689257, 23.8035405216692, 25.0374124876847, 23.8882468202084
0.04150772094727, -0.19839334487915, 0.13703727722168, -0.94492775201797, -4.37488794326782, -7.41006708145142, -1.91722047328949, 0.80560851097107, -2.23961758613586, 1.11808168888092, -0.46192985773087, 1.46723914146423, -2.15128350257874, 1.26640486717224, -1.96021378040314, -0.8803431391716, 0.06560150533915, 0.31029060482979, -2.39589667320251, 0.89360654354095, -0.02848982810974, 0.39414390921593, 1.30133926868439, -2.68597292900085, -1.94327783584595, 0.82112628221512, -2.22292232513428, 1.09815084934235, 2.17284679412842, -1.39705610275269, -2.52228450775146, 0.84457302093506, 0.00340868905187, -2.48649859428406, 0.81858599185944, 0.10937874019146, -2.46526026725769, 0.80739390850067, 0.12622174620628, -2.43532252311707, 0.79567086696625, 0.11780817806721, -2.41122531890869, 0.79509860277176, 0.09513371437788, -1.80940651893616, 0.78412055969238, -2.23315691947937, -1.78424429893494, 0.88504505157471, -2.28180575370789, -1.78814959526062, 0.91411000490189, -2.28181886672974, -1.80740988254547, 0.93304562568665, -2.26245498657227, -1.83346521854401, 0.93424308300018, -2.24208784103394, -2.4670946598053, 0.85836523771286, -0.00864551216364, -2.47152733802795, 0.83897376060486, 0.07041312754154, -2.45057106018066, 0.83065724372864, 0.0818744674325, -2.42519164085388, 0.82298570871353, 0.07612603157759, -2.40525770187378, 0.81867927312851, 0.0607116445899, -1.86302626132965, 0.80495232343674, -2.22464656829834, -1.82069981098175, 0.86066251993179, -2.26648902893066, -1.82789504528046, 0.88485407829285, -2.26484751701355, -1.8449649810791, 0.90073496103287, -2.25097608566284, -1.86322379112244, 0.9055814743042, -2.23375296592712, 30.5538950255682, 163.884173662311, 169.578338448811, 163.587374622118, 155.927481392488, 4.69854518665972, 28.9778049689257, 23.8035405216692, 25.0374124876847, 23.8882468202084
0.11257553100586, -0.31889963150024, 0.20498085021973, -0.52869158983231, -2.93726110458374, -4.81021070480347, -1.91356027126312, 0.79073017835617, -2.22979974746704, 1.02236616611481, -0.70779985189438, 1.29879093170166, -2.14935040473938, 1.26652574539185, -1.96065640449524, -0.8778373003006, 0.06246571987867, 0.30836087465286, -2.39589667320251, 0.89360654354095, -0.02848982810974, 0.39414390921593, 1.30133926868439, -2.68597292900085, -1.93912243843079, 0.81070649623871, -2.21660184860229, 1.16412794589996, 2.16807007789612, -1.34224319458008, -2.52228450775146, 0.84457302093506, 0.00340868905187, -2.48649859428406, 0.81858599185944, 0.10937874019146, -2.46526026725769, 0.80739390850067, 0.12622174620628, -2.43532252311707, 0.79567086696625, 0.11780817806721, -2.41122531890869, 0.79509860277176, 0.09513371437788, -1.80772244930267, 0.76461338996887, -2.21887159347534, -1.77317702770233, 0.86264187097549, -2.26768398284912, -1.77508985996246, 0.89189726114273, -2.26837944984436, -1.79402959346771, 0.91246086359024, -2.25041007995605, -1.8209992647171, 0.91580510139465, -2.23152661323547, -2.4670946598053, 0.85836523771286, -0.00864551216364, -2.47152733802795, 0.83897376060486, 0.07041312754154, -2.45057106018066, 0.83065724372864, 0.0818744674325, -2.42519164085388, 0.82298570871353, 0.07612603157759, -2.40525770187378, 0.81867927312851, 0.0607116445899, -1.86018049716949, 0.78915745019913, -2.21365547180176, -1.81197655200958, 0.84106606245041, -2.25400185585022, -1.81758725643158, 0.86571329832077, -2.2531476020813, -1.83425772190094, 0.88297414779663, -2.24049210548401, -1.85304319858551, 0.88937360048294, -2.22437810897827, 30.0458655551027, 163.538033335553, 169.528587350896, 163.597783830413, 155.970798452205, 4.69854518665972, 28.9778049689257, 23.8035405216692, 25.0374124876847, 23.8882468202084
0.50404071807861, -0.42987012863159, 0.11501312255859, -2.51642465591431, -7.03539276123047, -8.64650726318359, -1.9112149477005, 0.77825629711151, -2.22134637832642, 0.96262925863266, -0.81809264421463, 1.23208928108215, -2.14772653579712, 1.26676535606384, -1.9613881111145, -0.87706416845322, 0.05865885317326, 0.3055132329464, -2.39589667320251, 0.89360654354095, -0.02848982810974, 0.39414390921593, 1.30133926868439, -2.68597292900085, -1.93587398529053, 0.80083763599396, -2.21032285690308, 1.20751285552979, 2.1728789806366, -1.29828917980194, -2.52228450775146, 0.84457302093506, 0.00340868905187, -2.48649859428406, 0.81858599185944, 0.10937874019146, -2.46526026725769, 0.80739390850067, 0.12622174620628, -2.43532252311707, 0.79567086696625, 0.11780817806721, -2.41122531890869, 0.79509860277176, 0.09513371437788, -1.80669927597046, 0.74886727333069, -2.20737743377686, -1.76603031158447, 0.84466981887817, -2.25589036941528, -1.76658999919891, 0.8739715218544, -2.25694823265076, -1.78520774841309, 0.89557301998138, -2.23988270759583, -1.81265449523926, 0.90034484863281, -2.22202110290527, -2.4670946598053, 0.85836523771286, -0.00864551216364, -2.47152733802795, 0.83897376060486, 0.07041312754154, -2.45057106018066, 0.83065724372864, 0.0818744674325, -2.42519164085388, 0.82298570871353, 0.07612603157759, -2.40525770187378, 0.81867927312851, 0.0607116445899, -1.85814440250397, 0.7758013010025, -2.2043080329895, -1.80623054504395, 0.8250190615654, -2.24340415000916, -1.81074595451355, 0.84990167617798, -2.24300098419189, -1.8270583152771, 0.86804008483887, -2.23113036155701, -1.84609735012054, 0.87546402215958, -2.21577095985413, 29.6218269208608, 163.177317385107, 169.480789687085, 163.614026020259, 156.017107134777, 4.69854518665972, 28.9778049689257, 23.8035405216692, 25.0374124876847, 23.8882468202084
0.36085796356201, -0.55641460418701, 0.28284645080566, -1.29323840141296, -3.91535353660584, -4.86846494674683, -1.90931355953217, 0.76711386442184, -2.21372938156128, 0.92154031991959, -0.8837274312973, 1.19538104534149, -2.14582490921021, 1.26696467399597, -1.96188807487488, -0.87633383274078, 0.05589616671205, 0.30154141783714, -2.39589667320251, 0.89360654354095, -0.02848982810974, 0.39414390921593, 1.30133926868439, -2.68597292900085, -1.93322956562042, 0.79422837495804, -2.19829082489014, 1.32225930690765, 2.29430365562439, -1.1050398349762, -2.52228450775146, 0.84457302093506, 0.00340868905187, -2.48649859428406, 0.81858599185944, 0.10937874019146, -2.46526026725769, 0.80739390850067, 0.12622174620628, -2.43532252311707, 0.79567086696625, 0.11780817806721, -2.41122531890869, 0.79509860277176, 0.09513371437788, -1.81207156181335, 0.726666867733, -2.18596744537354, -1.75673866271973, 0.81523978710175, -2.23370361328125, -1.75353050231934, 0.8443409204483, -2.23539280891418, -1.77028560638428, 0.86856925487518, -2.22000694274902, -1.79795491695404, 0.8772292137146, -2.20405220985413, -2.4670946598053, 0.85836523771286, -0.00864551216364, -2.47152733802795, 0.83897376060486, 0.07041312754154, -2.45057106018066, 0.83065724372864, 0.0818744674325, -2.42519164085388, 0.82298570871353, 0.07612603157759, -2.40525770187378, 0.81867927312851, 0.0607116445899, -1.85979735851288, 0.75987929105759, -2.18676972389221, -1.79978716373444, 0.80111473798752, -2.2234354019165, -1.8011429309845, 0.82636749744415, -2.22383189201355, -1.81573343276978, 0.84672665596008, -2.2134096622467, -1.83458995819092, 0.85689806938171, -2.19946384429932, 29.546486519221, 163.061641301323, 169.412091644413, 163.621115756617, 156.055082986562, 4.69854518665972, 28.9778049689257, 23.8035405216692, 25.0374124876847, 23.8882468202084
0.28632259368896, -0.58182048797607, 0.33695411682129, -0.78158849477768, -2.5873498916626, -3.24932646751404, -1.91097831726074, 0.75737404823303, -2.19928979873657, 0.80506122112274, -1.00979888439178, 1.11282348632813, -2.14401340484619, 1.26705980300903, -1.96230447292328, -0.87602216005325, 0.05149720609188, 0.30069217085838, -2.39589667320251, 0.89360654354095, -0.02848982810974, 0.39414390921593, 1.30133926868439, -2.68597292900085, -1.9313405752182, 0.78671163320541, -2.18762063980103, 1.3838917016983, 2.44873309135437, -0.9070702791214, -2.52228450775146, 0.84457302093506, 0.00340868905187, -2.48649859428406, 0.81858599185944, 0.10937874019146, -2.46526026725769, 0.80739390850067, 0.12622174620628, -2.43532252311707, 0.79567086696625, 0.11780817806721, -2.41122531890869, 0.79509860277176, 0.09513371437788, -1.81604278087616, 0.71068847179413, -2.16965985298157, -1.75255310535431, 0.79422497749329, -2.21631097793579, -1.74715065956116, 0.82298415899277, -2.21824645996094, -1.76265668869019, 0.84860968589783, -2.2038459777832, -1.79020631313324, 0.8595158457756, -2.18910813331604, -2.4670946598053, 0.85836523771286, -0.00864551216364, -2.47152733802795, 0.83897376060486, 0.07041312754154, -2.45057106018066, 0.83065724372864, 0.0818744674325, -2.42519164085388, 0.82298570871353, 0.07612603157759, -2.40525770187378, 0.81867927312851, 0.0607116445899, -1.86113047599792, 0.74727934598923, -2.17277121543884, -1.79688632488251, 0.78344303369522, -2.20756816864014, -1.79636478424072, 0.80871802568436, -2.20834231376648, -1.80980777740479, 0.83024919033051, -2.19876646995544, -1.82838666439056, 0.84198778867722, -2.18570733070374, 29.4512463614343, 162.943752236249, 169.342478356392, 163.631852813993, 156.094452196938, 4.69854518665972, 28.9778049689257, 23.8035405216692, 25.0374124876847, 23.8882468202084
0.25479698181152, -0.10818958282471, 0.66937637329102, -1.76062095165253, -4.54469156265259, -9.06073379516602, -1.91183829307556, 0.74832034111023, -2.18726706504822, 0.73451918363571, -1.07274889945984, 1.07841658592224, -2.14224815368652, 1.26710152626038, -1.96260166168213, -0.87594145536423, 0.04761931672692, 0.30012461543083, -2.39589667320251, 0.89360654354095, -0.02848982810974, 0.39414390921593, 1.30133926868439, -2.68597292900085, -1.92982268333435, 0.78015112876892, -2.17866802215576, 1.44857919216156, 3.03098964691162, -0.23925597965717, -2.52228450775146, 0.84457302093506, 0.00340868905187, -2.48649859428406, 0.81858599185944, 0.10937874019146, -2.46526026725769, 0.80739390850067, 0.12622174620628, -2.43532252311707, 0.79567086696625, 0.11780817806721, -2.41122531890869, 0.79509860277176, 0.09513371437788, -1.82595503330231, 0.69168639183044, -2.15071821212769, -1.74970889091492, 0.76629424095154, -2.19321322441101, -1.74084186553955, 0.79418635368347, -2.19506502151489, -1.75430417060852, 0.82173639535904, -2.18224930763245, -1.78144109249115, 0.83607149124146, -2.16987085342407, -2.4670946598053, 0.85836523771286, -0.00864551216364, -2.47152733802795, 0.83897376060486, 0.07041312754154, -2.45057106018066, 0.83065724372864, 0.0818744674325, -2.42519164085388, 0.82298570871353, 0.07612603157759, -2.40525770187378, 0.81867927312851, 0.0607116445899, -1.86607098579407, 0.73317819833755, -2.15783190727234, -1.79554128646851, 0.7609081864357, -2.18787455558777, -1.79200458526611, 0.78593039512634, -2.18891263008118, -1.80353164672852, 0.80907273292542, -2.18069291114807, -1.82155954837799, 0.82315969467163, -2.16928839683533, 29.3606336568103, 162.878059476812, 169.31122341075, 163.650786098372, 156.111650613269, 4.69854518665972, 28.9778049689257, 23.8035405216692, 25.0374124876847, 23.8882468202084
0.20839691162109, -0.33457660675049, 0.64438247680664, -1.02973759174347, -2.80568909645081, -5.28179931640625, -1.91503739356995, 0.7397757768631, -2.17630577087402, 0.62180000543594, -1.17954385280609, 1.03337073326111, -2.14057612419128, 1.2671000957489, -1.96283566951752, -0.87570124864578, 0.04318400844932, 0.30068978667259, -2.39589667320251, 0.89360654354095, -0.02848982810974, 0.39414390921593, 1.30133926868439, -2.68597292900085, -1.92934226989746, 0.77274656295776, -2.1698100566864, 1.44872450828552, -2.7370023727417, 0.32479611039162, -2.52228450775146, 0.84457302093506, 0.00340868905187, -2.48649859428406, 0.81858599185944, 0.10937874019146, -2.46526026725769, 0.80739390850067, 0.12622174620628, -2.43532252311707, 0.79567086696625, 0.11780817806721, -2.41122531890869, 0.79509860277176, 0.09513371437788, -1.83300352096558, 0.67787182331085, -2.13644361495972, -1.75009942054749, 0.74672448635101, -2.17609000205994, -1.73930370807648, 0.77393889427185, -2.17777848243713, -1.7514396905899, 0.80247288942337, -2.16581988334656, -1.7780749797821, 0.81873047351837, -2.15480208396912, -2.4670946598053, 0.85836523771286, -0.00864551216364, -2.47152733802795, 0.83897376060486, 0.07041312754154, -2.45057106018066, 0.83065724372864, 0.0818744674325, -2.42519164085388, 0.82298570871353, 0.07612603157759, -2.40525770187378, 0.81867927312851, 0.0607116445899, -1.86988282203674, 0.72186505794525, -2.14571571350098, -1.79638230800629, 0.74447345733643, -2.17278003692627, -1.79112863540649, 0.76918995380402, -2.1738715171814, -1.80142760276794, 0.79314398765564, -2.16637897491455, -1.81895685195923, 0.80853444337845, -2.15592098236084, 29.2351460062843, 162.817434717739, 169.284244163528, 163.67368089247, 156.127073180414, 4.69854518665972, 28.9778049689257, 23.8035405216692, 25.0374124876847, 23.8882468202084
0.33037948608398, -0.14141893386841, 0.39078712463379, -1.20934748649597, -5.64449644088745, -8.41419696807861, -1.91742467880249, 0.73150396347046, -2.16643714904785, 0.55552804470062, -1.23407936096191, 1.01597929000854, -2.13891410827637, 1.26702499389648, -1.96306037902832, -0.87555021047592, 0.03872010111809, 0.30142551660538, -2.39589667320251, 0.89360654354095, -0.02848982810974, 0.39414390921593, 1.30133926868439, -2.68597292900085, -1.92961978912354, 0.76934766769409, -2.16428852081299, 1.37738645076752, -2.40175771713257, 0.72402733564377, -2.52228450775146, 0.84457302093506, 0.00340868905187, -2.48649859428406, 0.81858599185944, 0.10937874019146, -2.46526026725769, 0.80739390850067, 0.12622174620628, -2.43532252311707, 0.79567086696625, 0.11780817806721, -2.41122531890869, 0.79509860277176, 0.09513371437788, -1.84433376789093, 0.66539335250854, -2.12801885604858, -1.75336790084839, 0.72729879617691, -2.16086006164551, -1.74010169506073, 0.75345098972321, -2.16116452217102, -1.75033938884735, 0.78269529342651, -2.14914631843567, -1.77603185176849, 0.8010550737381, -2.13924932479858, -2.4670946598053, 0.85836523771286, -0.00864551216364, -2.47152733802795, 0.83897376060486, 0.07041312754154, -2.45057106018066, 0.83065724372864, 0.0818744674325, -2.42519164085388, 0.82298570871353, 0.07612603157759, -2.40525770187378, 0.81867927312851, 0.0607116445899, -1.87650763988495, 0.71275055408478, -2.13819718360901, -1.7997819185257, 0.72918772697449, -2.16030883789063, -1.79228460788727, 0.75334304571152, -2.16040873527527, -1.80083560943604, 0.77796030044556, -2.15286731719971, -1.81751883029938, 0.79464209079742, -2.14302349090576, 29.1705358318305, 162.811096302189, 169.328134959135, 163.719566103314, 156.107620801658, 4.69854518665972, 28.9778049689257, 23.8035405216692, 25.0374124876847, 23.8882468202084
0.1865701675415, -0.35951900482178, 0.49888229370117, -0.72531640529633, -3.22959637641907, -4.8300085067749, -1.92166018486023, 0.72712808847427, -2.16137146949768, 0.47631344199181, -1.32188069820404, 0.95847225189209, -2.13731288909912, 1.2669563293457, -1.96323466300964, -0.8762441277504, 0.03443335741758, 0.30320125818253, -2.39589667320251, 0.89360654354095, -0.02848982810974, 0.39414390921593, 1.30133926868439, -2.68597292900085, -1.93021082878113, 0.76411712169647, -2.15805387496948, 1.32733774185181, -2.29702067375183, 0.869957447052, -2.52228450775146, 0.84457302093506, 0.00340868905187, -2.48649859428406, 0.81858599185944, 0.10937874019146, -2.46526026725769, 0.80739390850067, 0.12622174620628, -2.43532252311707, 0.79567086696625, 0.11780817806721, -2.41122531890869, 0.79509860277176, 0.09513371437788, -1.85248160362244, 0.65498858690262, -2.1200430393219, -1.75692451000214, 0.71189349889755, -2.14861392974854, -1.74217581748962, 0.73723512887955, -2.1480655670166, -1.7511670589447, 0.76688367128372, -2.13604044914246, -1.7761207818985, 0.78658610582352, -2.12686133384705, -2.4670946598053, 0.85836523771286, -0.00864551216364, -2.47152733802795, 0.83897376060486, 0.07041312754154, -2.45057106018066, 0.83065724372864, 0.0818744674325, -2.42519164085388, 0.82298570871353, 0.07612603157759, -2.40525770187378, 0.81867927312851, 0.0607116445899, -1.88147056102753, 0.70424336194992, -2.13077020645142, -1.8031405210495, 0.71646118164063, -2.14977216720581, -1.79426956176758, 0.74014121294022, -2.14926218986511, -1.801673412323, 0.76512438058853, -2.14171051979065, -1.81773376464844, 0.78263056278229, -2.1322705745697, 29.1036546194778, 162.816615095038, 169.385576850055, 163.771926333491, 156.081748045082, 4.69854518665972, 28.9778049689257, 23.8035405216692, 25.0374124876847, 23.8882468202084
0.21492004394531, 0.13083600997925, 0.21577835083008, 1.80345845222473, -4.27394008636475, -6.4998722076416, -1.92480671405792, 0.72147673368454, -2.15541744232178, 0.42281275987625, -1.37176203727722, 0.93064111471176, -2.13580393791199, 1.26674818992615, -1.96344804763794, -0.87675791978836, 0.03207758069038, 0.30428197979927, -2.39589667320251, 0.89360654354095, -0.02848982810974, 0.39414390921593, 1.30133926868439, -2.68597292900085, -1.9307746887207, 0.7580069899559, -2.15144872665405, 1.28936243057251, -2.2420117855072, 0.95610618591309, -2.52228450775146, 0.84457302093506, 0.00340868905187, -2.48649859428406, 0.81858599185944, 0.10937874019146, -2.46526026725769, 0.80739390850067, 0.12622174620628, -2.43532252311707, 0.79567086696625, 0.11780817806721, -2.41122531890869, 0.79509860277176, 0.09513371437788, -1.85895276069641, 0.64534842967987, -2.11213779449463, -1.76024961471558, 0.69823157787323, -2.13756799697876, -1.74443888664246, 0.72290325164795, -2.13640594482422, -1.75247526168823, 0.75283396244049, -2.12440371513367, -1.77680253982544, 0.77354162931442, -2.11577224731445, -2.4670946598053, 0.85836523771286, -0.00864551216364, -2.47152733802795, 0.83897376060486, 0.07041312754154, -2.45057106018066, 0.83065724372864, 0.0818744674325, -2.42519164085388, 0.82298570871353, 0.07612603157759, -2.40525770187378, 0.81867927312851, 0.0607116445899, -1.88546586036682, 0.69588840007782, -2.12328338623047, -1.80617308616638, 0.70481336116791, -2.13998508453369, -1.79630315303802, 0.72808104753494, -2.13903951644897, -1.80282926559448, 0.75331169366837, -2.13150119781494, -1.8183776140213, 0.77143657207489, -2.12237691879272, 29.0332490295133, 162.83355396418, 169.484382366588, 163.830543016948, 156.049687137118, 4.69854518665972, 28.9778049689257, 23.8035405216692, 25.0374124876847, 23.8882468202084
0.12924385070801, -0.16097974777222, 0.34521102905273, 0.90434116125107, -2.71929955482483, -4.15640687942505, -1.92729914188385, 0.71515518426895, -2.14899921417236, 0.3814218044281, -1.40636086463928, 0.91431617736816, -2.13441681861877, 1.26653122901917, -1.96357035636902, -0.87756025791168, 0.03126137331128, 0.30305105447769, -2.39589667320251, 0.89360654354095, -0.02848982810974, 0.39414390921593, 1.30133926868439, -2.68597292900085, -1.93481731414795, 0.75670391321182, -2.14856767654419, 1.24965560436249, -2.1943461894989, 1.03794372081757, -2.52228450775146, 0.84457302093506, 0.00340868905187, -2.48649859428406, 0.81858599185944, 0.10937874019146, -2.46526026725769, 0.80739390850067, 0.12622174620628, -2.43532252311707, 0.79567086696625, 0.11780817806721, -2.41122531890869, 0.79509860277176, 0.09513371437788, -1.86951291561127, 0.6406877040863, -2.1076865196228, -1.76774036884308, 0.68903791904449, -2.12982797622681, -1.75084972381592, 0.71294581890106, -2.1280562877655, -1.75785803794861, 0.74317026138306, -2.11614656448364, -1.78145527839661, 0.76494961977005, -2.10814905166626, -2.4670946598053, 0.85836523771286, -0.00864551216364, -2.47152733802795, 0.83897376060486, 0.07041312754154, -2.45057106018066, 0.83065724372864, 0.0818744674325, -2.42519164085388, 0.82298570871353, 0.07612603157759, -2.40525770187378, 0.81867927312851, 0.0607116445899, -1.89330947399139, 0.69244456291199, -2.11936640739441, -1.8132152557373, 0.69774985313416, -2.1336042881012, -1.80231440067291, 0.7205314040184, -2.13223695755005, -1.8078955411911, 0.7460081577301, -2.12476754188538, -1.82286167144775, 0.76479876041412, -2.11602473258972, 28.8523139033051, 163.002314278193, 169.613527583415, 163.964237139762, 156.033472268029, 4.69854518665972, 28.9778049689257, 23.8035405216692, 25.0374124876847, 23.8882468202084
0.09805297851563, -0.29317617416382, 0.40354156494141, 0.5254094004631, -2.03099226951599, -3.12709856033325, -1.93340170383453, 0.7137279510498, -2.1462390422821, 0.33629867434502, -1.44110286235809, 0.90225505828857, -2.132976770401, 1.26640582084656, -1.96357643604279, -0.87864476442337, 0.03031442500651, 0.30079400539398, -2.39589667320251, 0.89360654354095, -0.02848982810974, 0.39414390921593, 1.30133926868439, -2.68597292900085, -1.93782484531403, 0.75371980667114, -2.14449167251587, 1.21433806419373, -2.1636860370636, 1.09848129749298, -2.52228450775146, 0.84457302093506, 0.00340868905187, -2.48649859428406, 0.81858599185944, 0.10937874019146, -2.46526026725769, 0.80739390850067, 0.12622174620628, -2.43532252311707, 0.79567086696625, 0.11780817806721, -2.41122531890869, 0.79509860277176, 0.09513371437788, -1.87836790084839, 0.63502675294876, -2.10239052772522, -1.77417385578156, 0.67928433418274, -2.12163853645325, -1.75638389587402, 0.70248293876648, -2.1193220615387, -1.76247847080231, 0.73292905092239, -2.1074743270874, -1.78538024425507, 0.75562107563019, -2.10001039505005, -2.4670946598053, 0.85836523771286, -0.00864551216364, -2.47152733802795, 0.83897376060486, 0.07041312754154, -2.45057106018066, 0.83065724372864, 0.0818744674325, -2.42519164085388, 0.82298570871353, 0.07612603157759, -2.40525770187378, 0.81867927312851, 0.0607116445899, -1.89973592758179, 0.68774110078812, -2.11447620391846, -1.81914353370667, 0.68984270095825, -2.12657570838928, -1.80737113952637, 0.71215969324112, -2.12482571601868, -1.8121143579483, 0.73781806230545, -2.11739945411682, -1.82653558254242, 0.75717198848724, -2.10897517204285, 28.6651496445738, 163.334343434125, 169.839497561915, 164.180535570398, 156.014265776082, 4.69854518665972, 28.9778049689257, 23.8035405216692, 25.0374124876847, 23.8882468202084
-0.1325740814209, 0.04188537597656, 0.1336555480957, 0.3282890021801, -2.19576621055603, -3.33275628089905, -1.93820893764496, 0.71071475744247, -2.14230680465698, 0.29651972651482, -1.47026264667511, 0.89353787899017, -2.1315541267395, 1.26648283004761, -1.9635226726532, -0.88032305240631, 0.02851983718574, 0.30001786351204, -2.39589667320251, 0.89360654354095, -0.02848982810974, 0.39414390921593, 1.30133926868439, -2.68597292900085, -1.94206702709198, 0.754743039608, -2.14265251159668, 1.18518900871277, -2.13325166702271, 1.16144168376923, -2.52228450775146, 0.84457302093506, 0.00340868905187, -2.48649859428406, 0.81858599185944, 0.10937874019146, -2.46526026725769, 0.80739390850067, 0.12622174620628, -2.43532252311707, 0.79567086696625, 0.11780817806721, -2.41122531890869, 0.79509860277176, 0.09513371437788, -1.88824093341827, 0.63409948348999, -2.09856653213501, -1.7819836139679, 0.6744190454483, -2.11497759819031, -1.76342189311981, 0.69695544242859, -2.11222100257874, -1.7687201499939, 0.72764933109283, -2.10063242912292, -1.79097008705139, 0.75119680166245, -2.09388065338135, -2.4670946598053, 0.85836523771286, -0.00864551216364, -2.47152733802795, 0.83897376060486, 0.07041312754154, -2.45057106018066, 0.83065724372864, 0.0818744674325, -2.42519164085388, 0.82298570871353, 0.07612603157759, -2.40525770187378, 0.81867927312851, 0.0607116445899, -1.90729987621307, 0.68751931190491, -2.11139392852783, -1.82637596130371, 0.6866073012352, -2.12121367454529, -1.81384193897247, 0.70848214626312, -2.11919140815735, -1.81784248352051, 0.73432528972626, -2.11197137832642, -1.83177125453949, 0.75422829389572, -2.10401058197021, 28.6081995272742, 163.782977579568, 169.966498099343, 164.236297234782, 156.005140643351, 4.69854518665972, 28.9778049689257, 23.8035405216692, 25.0374124876847, 23.8882468202084
-0.07221794128418, -0.10356330871582, 0.23381996154785, 0.26361045241356, -1.90376257896423, -2.91349029541016, -1.94409942626953, 0.711789727211, -2.14036393165588, 0.2595080435276, -1.49850833415985, 0.89355611801147, -2.13014960289001, 1.26662540435791, -1.96332180500031, -0.88246208429337, 0.02605467103422, 0.30007389187813, -2.39589667320251, 0.89360654354095, -0.02848982810974, 0.39414390921593, 1.30133926868439, -2.68597292900085, -1.94538915157318, 0.75379574298859, -2.13955521583557, 1.15549778938293, -2.11170983314514, 1.21360683441162, -2.52228450775146, 0.84457302093506, 0.00340868905187, -2.48649859428406, 0.81858599185944, 0.10937874019146, -2.46526026725769, 0.80739390850067, 0.12622174620628, -2.43532252311707, 0.79567086696625, 0.11780817806721, -2.41122531890869, 0.79509860277176, 0.09513371437788, -1.89712011814117, 0.63139641284943, -2.09390234947205, -1.78908503055573, 0.66783839464188, -2.10754084587097, -1.76980471611023, 0.68969994783401, -2.10432195663452, -1.77430093288422, 0.72059005498886, -2.09291744232178, -1.7958607673645, 0.74493622779846, -2.08678841590881, -2.4670946598053, 0.85836523771286, -0.00864551216364, -2.47152733802795, 0.83897376060486, 0.07041312754154, -2.45057106018066, 0.83065724372864, 0.0818744674325, -2.42519164085388, 0.82298570871353, 0.07612603157759, -2.40525770187378, 0.81867927312851, 0.0607116445899, -1.91390037536621, 0.68543720245361, -2.10729932785034, -1.83282995223999, 0.68159854412079, -2.11496782302856, -1.81957566738129, 0.7030137181282, -2.11264204978943, -1.82283413410187, 0.72899997234344, -2.10556364059448, -1.83624422550201, 0.74940794706345, -2.09800100326538, 28.5510718250562, 164.274983426241, 170.152757358009, 164.295624257913, 155.994990982245, 4.69854518665972, 28.9778049689257, 23.8035405216692, 25.0374124876847, 23.8882468202084
-0.15002346038818, 0.13955640792847, 0.06838989257813, -0.23120066523552, -2.03397655487061, -2.65515756607056, -1.94902420043945, 0.7109482884407, -2.13726615905762, 0.22353075444698, -1.52510058879852, 0.89318454265594, -2.12884759902954, 1.26691102981567, -1.9630925655365, -0.88442248106003, 0.02376688085496, 0.29986447095871, -2.39589667320251, 0.89360654354095, -0.02848982810974, 0.39414390921593, 1.30133926868439, -2.68597292900085, -1.94812762737274, 0.75159645080566, -2.13566064834595, 1.12521910667419, -2.09618592262268, 1.2590069770813, -2.52228450775146, 0.84457302093506, 0.00340868905187, -2.48649859428406, 0.81858599185944, 0.10937874019146, -2.46526026725769, 0.80739390850067, 0.12622174620628, -2.43532252311707, 0.79567086696625, 0.11780817806721, -2.41122531890869, 0.79509860277176, 0.09513371437788, -1.90544879436493, 0.62761646509171, -2.08872270584106, -1.79586672782898, 0.66016209125519, -2.09959244728088, -1.77590727806091, 0.6813263297081, -2.09588837623596, -1.77958965301514, 0.71237301826477, -2.08461785316467, -1.80041718482971, 0.73748135566711, -2.07905721664429, -2.4670946598053, 0.85836523771286, -0.00864551216364, -2.47152733802795, 0.83897376060486, 0.07041312754154, -2.45057106018066, 0.83065724372864, 0.0818744674325, -2.42519164085388, 0.82298570871353, 0.07612603157759, -2.40525770187378, 0.81867927312851, 0.0607116445899, -1.9199390411377, 0.68220287561417, -2.10257244110107, -1.83888709545136, 0.67546379566193, -2.10814952850342, -1.8249409198761, 0.6963956952095, -2.10549330711365, -1.82745051383972, 0.7224914431572, -2.09851336479187, -1.84031355381012, 0.74337536096573, -2.09130787849426, 28.4938348398115, 164.877501733685, 170.395980394353, 164.387531283385, 155.983844113519, 4.69854518665972, 28.9778049689257, 23.8035405216692, 25.0374124876847, 23.8882468202084
-0.08855152130127, -0.00329160690308, 0.16774749755859, -0.12682713568211, -1.90837872028351, -2.58791399002075, -1.95334756374359, 0.70890921354294, -2.13344573974609, 0.18782141804695, -1.55089199542999, 0.89293694496155, -2.12758135795593, 1.26737642288208, -1.96283173561096, -0.88588416576385, 0.02233245968819, 0.29830867052078, -2.39589667320251, 0.89360654354095, -0.02848982810974, 0.39414390921593, 1.30133926868439, -2.68597292900085, -1.94910645484924, 0.75484335422516, -2.1363410949707, 1.11039340496063, -2.0839467048645, 1.29125845432281, -2.52228450775146, 0.84457302093506, 0.00340868905187, -2.48649859428406, 0.81858599185944, 0.10937874019146, -2.46526026725769, 0.80739390850067, 0.12622174620628, -2.43532252311707, 0.79567086696625, 0.11780817806721, -2.41122531890869, 0.79509860277176, 0.09513371437788, -1.90969526767731, 0.63028067350388, -2.08810639381409, -1.79932034015656, 0.66059130430222, -2.09728670120239, -1.77900815010071, 0.68137407302856, -2.09334802627563, -1.78225934505463, 0.71254432201385, -2.08228802680969, -1.8026727437973, 0.73808860778809, -2.07719707489014, -2.4670946598053, 0.85836523771286, -0.00864551216364, -2.47152733802795, 0.83897376060486, 0.07041312754154, -2.45057106018066, 0.83065724372864, 0.0818744674325, -2.42519164085388, 0.82298570871353, 0.07612603157759, -2.40525770187378, 0.81867927312851, 0.0607116445899, -1.92286217212677, 0.68507289886475, -2.10245609283447, -1.84187853336334, 0.6766996383667, -2.10663819313049, -1.82756471633911, 0.69736403226852, -2.10384678840637, -1.82967042922974, 0.72353935241699, -2.09703373908997, -1.84223365783691, 0.7447105050087, -2.09014439582825, 28.3421670741968, 165.291192631334, 170.494881533535, 164.409838681214, 155.983693849358, 4.69854518665972, 28.9778049689257, 23.8035405216692, 25.0374124876847, 23.8882468202084
-0.04663181304932, -0.09544801712036, 0.23115921020508, -0.06684526801109, -1.85278356075287, -2.56984996795654, -1.95521175861359, 0.71227979660034, -2.13401222229004, 0.16789017617702, -1.56681489944458, 0.89767175912857, -2.12642693519592, 1.26813268661499, -1.96249175071716, -0.8871756196022, 0.02072897180915, 0.29666477441788, -2.39589667320251, 0.89360654354095, -0.02848982810974, 0.39414390921593, 1.30133926868439, -2.68597292900085, -1.95015573501587, 0.7563579082489, -2.13572216033936, 1.09203922748566, -2.0738570690155, 1.32309222221375, -2.52228450775146, 0.84457302093506, 0.00340868905187, -2.48649859428406, 0.81858599185944, 0.10937874019146, -2.46526026725769, 0.80739390850067, 0.12622174620628, -2.43532252311707, 0.79567086696625, 0.11780817806721, -2.41122531890869, 0.79509860277176, 0.09513371437788, -1.91451597213745, 0.63110893964767, -2.08634400367737, -1.8033219575882, 0.65883660316467, -2.09360313415527, -1.7826110124588, 0.67916166782379, -2.08936405181885, -1.78534352779388, 0.71044099330902, -2.07847309112549, -1.80525159835815, 0.73646759986877, -2.07384538650513, -2.4670946598053, 0.85836523771286, -0.00864551216364, -2.47152733802795, 0.83897376060486, 0.07041312754154, -2.45057106018066, 0.83065724372864, 0.0818744674325, -2.42519164085388, 0.82298570871353, 0.07612603157759, -2.40525770187378, 0.81867927312851, 0.0607116445899, -1.92615115642548, 0.68613368272781, -2.10112142562866, -1.84531939029694, 0.67588341236115, -2.10378861427307, -1.8305858373642, 0.69622373580933, -2.10080671310425, -1.83221125602722, 0.72246676683426, -2.09412336349487, -1.84440624713898, 0.74394774436951, -2.08753848075867, 28.1700002033356, 165.803374856815, 170.600790446805, 164.430178984562, 155.984076339951, 4.69854518665972, 28.9778049689257, 23.8035405216692, 25.0374124876847, 23.8882468202084
0.02622985839844, 0.24543714523315, -0.08265495300293, -0.35265508294106, -1.20682609081268, -1.43108868598938, -1.95728290081024, 0.71395540237427, -2.13335919380188, 0.14486621320248, -1.58452081680298, 0.90148657560349, -2.12532353401184, 1.26906585693359, -1.96200954914093, -0.88761931657791, 0.01973057352006, 0.29477030038834, -2.39589667320251, 0.89360654354095, -0.02848982810974, 0.39414390921593, 1.30133926868439, -2.68597292900085, -1.95014405250549, 0.75903826951981, -2.13708972930908, 1.09304916858673, -2.06901717185974, 1.32839369773865, -2.52228450775146, 0.84457302093506, 0.00340868905187, -2.48649859428406, 0.81858599185944, 0.10937874019146, -2.46526026725769, 0.80739390850067, 0.12622174620628, -2.43532252311707, 0.79567086696625, 0.11780817806721, -2.41122531890869, 0.79509860277176, 0.09513371437788, -1.91453337669373, 0.63390922546387, -2.0873875617981, -1.80333244800568, 0.66158604621887, -2.09473419189453, -1.78261518478394, 0.68191623687744, -2.09055137634277, -1.78533732891083, 0.71322482824326, -2.07974219322205, -1.8052374124527, 0.73926913738251, -2.07518005371094, -2.4670946598053, 0.85836523771286, -0.00864551216364, -2.47152733802795, 0.83897376060486, 0.07041312754154, -2.45057106018066, 0.83065724372864, 0.0818744674325, -2.42519164085388, 0.82298570871353, 0.07612603157759, -2.40525770187378, 0.81867927312851, 0.0607116445899, -1.92615485191345, 0.68889826536179, -2.10230779647827, -1.84532642364502, 0.6786180138588, -2.10495901107788, -1.83058667182922, 0.69896185398102, -2.10203242301941, -1.83220362663269, 0.72522282600403, -2.09541797637939, -1.84439170360565, 0.74672448635101, -2.0888876914978, 27.879302229618, 165.99087720991, 170.704937171269, 164.438948947456, 155.987832943995, 4.69854518665972, 28.9778049689257, 23.8035405216692, 25.0374124876847, 23.8882468202084
0.03218650817871, 0.12972450256348, 0.01103782653809, -0.26313570141792, -1.31690967082977, -1.65826451778412, -1.95728302001953, 0.71664410829544, -2.13461446762085, 0.14461663365364, -1.58400416374207, 0.9041433930397, -2.12430047988892, 1.27041411399841, -1.96147060394287, -0.88760977983475, 0.01931131258607, 0.29209479689598, -2.39589667320251, 0.89360654354095, -0.02848982810974, 0.39414390921593, 1.30133926868439, -2.68597292900085, -1.95047545433044, 0.76066637039185, -2.13749122619629, 1.09148156642914, -2.0649950504303, 1.33491599559784, -2.52228450775146, 0.84457302093506, 0.00340868905187, -2.48649859428406, 0.81858599185944, 0.10937874019146, -2.46526026725769, 0.80739390850067, 0.12622174620628, -2.43532252311707, 0.79567086696625, 0.11780817806721, -2.41122531890869, 0.79509860277176, 0.09513371437788, -1.91530430316925, 0.63553237915039, -2.08748960494995, -1.8040132522583, 0.66288298368454, -2.09469151496887, -1.78324627876282, 0.68316280841827, -2.09051060676575, -1.78589951992035, 0.71449941396713, -2.07976531982422, -1.80573439598084, 0.74060809612274, -2.07528781890869, -2.4670946598053, 0.85836523771286, -0.00864551216364, -2.47152733802795, 0.83897376060486, 0.07041312754154, -2.45057106018066, 0.83065724372864, 0.0818744674325, -2.42519164085388, 0.82298570871353, 0.07612603157759, -2.40525770187378, 0.81867927312851, 0.0607116445899, -1.92674481868744, 0.69052541255951, -2.10253429412842, -1.84594106674194, 0.68001335859299, -2.10502290725708, -1.83114945888519, 0.70032125711441, -2.10210871696472, -1.8327043056488, 0.72659915685654, -2.09554672241211, -1.84484326839447, 0.74814730882645, -2.08907890319824, 27.613710323742, 166.253197455173, 170.830544350106, 164.444645325224, 155.992450151873, 4.69854518665972, 28.9778049689257, 23.8035405216692, 25.0374124876847, 23.8882468202084
0.00043773651123, 0.18079805374146, -0.10052490234375, -0.19112707674503, 0.00902669783682, -0.02157431654632, -1.95773780345917, 0.71829718351364, -2.13494849205017, 0.14183482527733, -1.58549296855927, 0.90609705448151, -2.12337684631348, 1.27197909355164, -1.96091401576996, -0.88632506132126, 0.01925925724208, 0.28923568129539, -2.39589667320251, 0.89360654354095, -0.02848982810974, 0.39414390921593, 1.30133926868439, -2.68597292900085, -1.94913637638092, 0.7619337439537, -2.13963270187378, 1.09271216392517, -2.06473088264465, 1.33359086513519, -2.52228450775146, 0.84457302093506, 0.00340868905187, -2.48649859428406, 0.81858599185944, 0.10937874019146, -2.46526026725769, 0.80739390850067, 0.12622174620628, -2.43532252311707, 0.79567086696625, 0.11780817806721, -2.41122531890869, 0.79509860277176, 0.09513371437788, -1.9137214422226, 0.6368505358696, -2.08967614173889, -1.80247855186462, 0.66435348987579, -2.09703969955444, -1.78173351287842, 0.68466210365295, -2.09288954734802, -1.78441429138184, 0.71599549055099, -2.0821418762207, -1.80427837371826, 0.74207711219788, -2.07763695716858, -2.4670946598053, 0.85836523771286, -0.00864551216364, -2.47152733802795, 0.83897376060486, 0.07041312754154, -2.45057106018066, 0.83065724372864, 0.0818744674325, -2.42519164085388, 0.82298570871353, 0.07612603157759, -2.40525770187378, 0.81867927312851, 0.0607116445899, -1.92525911331177, 0.69182711839676, -2.10470676422119, -1.84444463253021, 0.68142580986023, -2.10731148719788, -1.82967674732208, 0.70175415277481, -2.10441923141479, -1.83125817775726, 0.72803020477295, -2.09785628318787, -1.84341752529144, 0.74956202507019, -2.09137201309204, 27.1690854993417, 166.327072781236, 170.960604812281, 164.436667664274, 155.980524641583, 4.69854518665972, 28.9778049689257, 23.8035405216692, 25.0374124876847, 23.8882468202084
-0.01291751861572, 0.11258840560913, -0.03337097167969, -0.13360932469368, -0.12657596170902, -0.20071677863598, -1.95633685588837, 0.71955472230911, -2.13707756996155, 0.14320829510689, -1.58404874801636, 0.90612429380417, -2.12256693840027, 1.27384400367737, -1.96030342578888, -0.88377755880356, 0.02050516940653, 0.2860199213028, -2.39589667320251, 0.89360654354095, -0.02848982810974, 0.39414390921593, 1.30133926868439, -2.68597292900085, -1.94847774505615, 0.76274955272675, -2.14104294776917, 1.09532570838928, -2.06376528739929, 1.33085119724274, -2.52228450775146, 0.84457302093506, 0.00340868905187, -2.48649859428406, 0.81858599185944, 0.10937874019146, -2.46526026725769, 0.80739390850067, 0.12622174620628, -2.43532252311707, 0.79567086696625, 0.11780817806721, -2.41122531890869, 0.79509860277176, 0.09513371437788, -1.91253101825714, 0.6377762556076, -2.09119129180908, -1.80139398574829, 0.66560035943985, -2.09893655776978, -1.78069376945496, 0.68596947193146, -2.09485936164856, -1.78342866897583, 0.71729642152786, -2.08410668373108, -1.80335295200348, 0.74332106113434, -2.07953763008118, -2.4670946598053, 0.85836523771286, -0.00864551216364, -2.47152733802795, 0.83897376060486, 0.07041312754154, -2.45057106018066, 0.83065724372864, 0.0818744674325, -2.42519164085388, 0.82298570871353, 0.07612603157759, -2.40525770187378, 0.81867927312851, 0.0607116445899, -1.92427897453308, 0.69271713495255, -2.10618948936462, -1.84344398975372, 0.68254965543747, -2.10906767845154, -1.82872521877289, 0.70292109251022, -2.10622835159302, -1.83036053180695, 0.72919327020645, -2.09966325759888, -1.8425600528717, 0.75069063901901, -2.09314036369324, 26.8072886714588, 166.400087503464, 171.100637350645, 164.425192946468, 155.967315055728, 4.69854518665972, 28.9778049689257, 23.8035405216692, 25.0374124876847, 23.8882468202084
0.08829402923584, 0.08883047103882, -0.15193748474121, -0.00413016509265, 0.10199721902609, 0.09672072529793, -1.95554673671722, 0.72035026550293, -2.13845777511597, 0.14610676467419, -1.58063507080078, 0.90622252225876, -2.12182974815369, 1.27588725090027, -1.95958936214447, -0.88047593832016, 0.02258860319853, 0.28214675188065, -2.39589667320251, 0.89360654354095, -0.02848982810974, 0.39414390921593, 1.30133926868439, -2.68597292900085, -1.948317527771, 0.76316201686859, -2.14180660247803, 1.09803926944733, -2.06211090087891, 1.32813394069672, -2.52228450775146, 0.84457302093506, 0.00340868905187, -2.48649859428406, 0.81858599185944, 0.10937874019146, -2.46526026725769, 0.80739390850067, 0.12622174620628, -2.43532252311707, 0.79567086696625, 0.11780817806721, -2.41122531890869, 0.79509860277176, 0.09513371437788, -1.91179609298706, 0.63830602169037, -2.09207892417908, -1.80077481269836, 0.666459441185, -2.10028171539307, -1.78011894226074, 0.68689090013504, -2.09629273414612, -1.78290343284607, 0.71821165084839, -2.08553457260132, -1.80288624763489, 0.74417769908905, -2.0808892250061, -2.4670946598053, 0.85836523771286, -0.00864551216364, -2.47152733802795, 0.83897376060486, 0.07041312754154, -2.45057106018066, 0.83065724372864, 0.0818744674325, -2.42519164085388, 0.82298570871353, 0.07612603157759, -2.40525770187378, 0.81867927312851, 0.0607116445899, -1.92376852035522, 0.69320875406265, -2.10703921318054, -1.8429160118103, 0.68328142166138, -2.11024451255798, -1.82824659347534, 0.7036971449852, -2.10746908187866, -1.82993340492249, 0.7299656867981, -2.10090208053589, -1.84217023849487, 0.75142788887024, -2.09433364868164, 26.4818916292103, 166.472706074719, 171.257677060042, 164.409415209485, 155.952507205607, 4.69854518665972, 28.9778049689257, 23.8035405216692, 25.0374124876847, 23.8882468202084
0.02857303619385, 0.05344676971436, -0.09614753723145, -0.00931013375521, 0.24213644862175, 0.20646417140961, -1.95524966716766, 0.72074234485626, -2.13918519020081, 0.14908604323864, -1.57653832435608, 0.90639013051987, -2.12124919891357, 1.27824699878693, -1.95877909660339, -0.87648159265518, 0.02631449513137, 0.27690318226814, -2.39589667320251, 0.89360654354095, -0.02848982810974, 0.39414390921593, 1.30133926868439, -2.68597292900085, -1.94813597202301, 0.76568108797073, -2.14337730407715, 1.10056614875793, -2.07129883766174, 1.30498826503754, -2.52228450775146, 0.84457302093506, 0.00340868905187, -2.48649859428406, 0.81858599185944, 0.10937874019146, -2.46526026725769, 0.80739390850067, 0.12622174620628, -2.43532252311707, 0.79567086696625, 0.11780817806721, -2.41122531890869, 0.79509860277176, 0.09513371437788, -1.91015160083771, 0.64069998264313, -2.09508037567139, -1.79943668842316, 0.66972452402115, -2.10432076454163, -1.77888369560242, 0.69027304649353, -2.10040235519409, -1.78176939487457, 0.72148567438126, -2.08936047554016, -1.80188369750977, 0.74726778268814, -2.08427762985229, -2.4670946598053, 0.85836523771286, -0.00864551216364, -2.47152733802795, 0.83897376060486, 0.07041312754154, -2.45057106018066, 0.83065724372864, 0.0818744674325, -2.42519164085388, 0.82298570871353, 0.07612603157759, -2.40525770187378, 0.81867927312851, 0.0607116445899, -1.92268860340118, 0.69563215970993, -2.10945892333984, -1.84180903434753, 0.68631893396378, -2.11366605758667, -1.8272557258606, 0.7068178653717, -2.11089301109314, -1.82905554771423, 0.73302006721497, -2.1040952205658, -1.84137010574341, 0.75433945655823, -2.09721422195435, 26.3068629090868, 166.508045473485, 171.331087933241, 164.386861924846, 155.922208486449, 4.69854518665972, 28.9778049689257, 23.8035405216692, 25.0374124876847, 23.8882468202084
-0.01057434082031, 0.02392530441284, -0.04851150512695, -0.01363236736506, 0.29450258612633, 0.21577943861485, -1.95473289489746, 0.72319251298904, -2.14102005958557, 0.15630549192429, -1.56634438037872, 0.89824658632278, -2.12072682380676, 1.28082191944122, -1.95783853530884, -0.87281334400177, 0.03021261841059, 0.27171564102173, -2.39589667320251, 0.89360654354095, -0.02848982810974, 0.39414390921593, 1.30133926868439, -2.68597292900085, -1.94825327396393, 0.76778835058212, -2.14446997642517, 1.10156786441803, -2.0809485912323, 1.28192341327667, -2.52228450775146, 0.84457302093506, 0.00340868905187, -2.48649859428406, 0.81858599185944, 0.10937874019146, -2.46526026725769, 0.80739390850067, 0.12622174620628, -2.43532252311707, 0.79567086696625, 0.11780817806721, -2.41122531890869, 0.79509860277176, 0.09513371437788, -1.90900814533234, 0.64262491464615, -2.09767651557922, -1.79857349395752, 0.67238932847977, -2.10786986351013, -1.7781001329422, 0.69302582740784, -2.10399723052979, -1.78104853630066, 0.72412431240082, -2.09265398979187, -1.80125725269318, 0.74974095821381, -2.08712887763977, -2.4670946598053, 0.85836523771286, -0.00864551216364, -2.47152733802795, 0.83897376060486, 0.07041312754154, -2.45057106018066, 0.83065724372864, 0.0818744674325, -2.42519164085388, 0.82298570871353, 0.07612603157759, -2.40525770187378, 0.81867927312851, 0.0607116445899, -1.92202460765839, 0.69760310649872, -2.11144018173218, -1.84114253520966, 0.68881005048752, -2.11660861968994, -1.82668054103851, 0.70937103033066, -2.1138162612915, -1.82856011390686, 0.73550236225128, -2.10677218437195, -1.84092378616333, 0.75668776035309, -2.09957265853882, 26.1208409994942, 166.538111966211, 171.403528919578, 164.359978300273, 155.888576634976, 4.69854518665972, 28.9778049689257, 23.8035405216692, 25.0374124876847, 23.8882468202084
-0.04792785644531, 0.20784330368042, -0.08704948425293, 0.57830482721329, 0.82426035404205, 0.52111256122589, -1.95457398891449, 0.72524231672287, -2.14241003990173, 0.1623155772686, -1.55680859088898, 0.88954097032547, -2.12032508850098, 1.28355956077576, -1.95664024353027, -0.8687030673027, 0.03475225716829, 0.26668313145638, -2.39589667320251, 0.89360654354095, -0.02848982810974, 0.39414390921593, 1.30133926868439, -2.68597292900085, -1.94881105422974, 0.7742508649826, -2.14628219604492, 1.09849381446838, -2.09995412826538, 1.24493050575256, -2.52228450775146, 0.84457302093506, 0.00340868905187, -2.48649859428406, 0.81858599185944, 0.10937874019146, -2.46526026725769, 0.80739390850067, 0.12622174620628, -2.43532252311707, 0.79567086696625, 0.11780817806721, -2.41122531890869, 0.79509860277176, 0.09513371437788, -1.90822005271912, 0.64858132600784, -2.10206413269043, -1.79810607433319, 0.67914283275604, -2.1133120059967, -1.77769529819489, 0.69983243942261, -2.10939240455627, -1.78065705299377, 0.73072731494904, -2.09750914573669, -1.80092823505402, 0.75613480806351, -2.09129095077515, -2.4670946598053, 0.85836523771286, -0.00864551216364, -2.47152733802795, 0.83897376060486, 0.07041312754154, -2.45057106018066, 0.83065724372864, 0.0818744674325, -2.42519164085388, 0.82298570871353, 0.07612603157759, -2.40525770187378, 0.81867927312851, 0.0607116445899, -1.92173314094543, 0.70369720458984, -2.11475682258606, -1.84088373184204, 0.69545555114746, -2.12119174003601, -1.82649850845337, 0.71605223417282, -2.11826968193054, -1.82842409610748, 0.74205589294434, -2.11077952384949, -1.8408031463623, 0.76305121183395, -2.10306787490845, 25.9357326277031, 166.575035968864, 171.453361979763, 164.332411656783, 155.837746367173, 4.69854518665972, 28.9778049689257, 23.8035405216692, 25.0374124876847, 23.8882468202084
-0.06575489044189, 0.18268203735352, -0.05209922790527, 0.62298512458801, 0.78632974624634, 0.42728161811829, -1.95486605167389, 0.7316415309906, -2.14482092857361, 0.16829423606396, -1.5455094575882, 0.87334495782852, -2.11993861198425, 1.28656053543091, -1.95533037185669, -0.8651881814003, 0.03942402824759, 0.2614908516407, -2.39589667320251, 0.89360654354095, -0.02848982810974, 0.39414390921593, 1.30133926868439, -2.68597292900085, -1.94949924945831, 0.77950739860535, -2.14748287200928, 1.09409594535828, -2.11664819717407, 1.21292793750763, -2.52228450775146, 0.84457302093506, 0.00340868905187, -2.48649859428406, 0.81858599185944, 0.10937874019146, -2.46526026725769, 0.80739390850067, 0.12622174620628, -2.43532252311707, 0.79567086696625, 0.11780817806721, -2.41122531890869, 0.79509860277176, 0.09513371437788, -1.90793454647064, 0.65335267782211, -2.10561347007751, -1.79807221889496, 0.68449491262436, -2.11769914627075, -1.7776917219162, 0.70520162582397, -2.11371326446533, -1.7806248664856, 0.73590588569641, -2.10133910179138, -1.80091321468353, 0.76114153862, -2.09450697898865, -2.4670946598053, 0.85836523771286, -0.00864551216364, -2.47152733802795, 0.83897376060486, 0.07041312754154, -2.45057106018066, 0.83065724372864, 0.0818744674325, -2.42519164085388, 0.82298570871353, 0.07612603157759, -2.40525770187378, 0.81867927312851, 0.0607116445899, -1.92179584503174, 0.70859855413437, -2.11732769012451, -1.84099876880646, 0.70075988769531, -2.12483310699463, -1.82665467262268, 0.72136557102203, -2.12177515029907, -1.82858598232269, 0.74724811315536, -2.11387777328491, -1.84094905853271, 0.76807993650436, -2.10571074485779, 25.7352033963134, 166.608736122229, 171.499178888715, 164.301306975302, 155.781834438627, 4.69854518665972, 28.9778049689257, 23.8035405216692, 25.0374124876847, 23.8882468202084
-0.11157131195068, 0.53130054473877, -0.09032821655273, 1.15826082229614, 1.00546336174011, 0.40792307257652, -1.95538210868835, 0.73685842752457, -2.14658260345459, 0.17244435846806, -1.5362640619278, 0.85843569040298, -2.11953639984131, 1.28982067108154, -1.95389485359192, -0.86135870218277, 0.04444134235382, 0.25561508536339, -2.39589667320251, 0.89360654354095, -0.02848982810974, 0.39414390921593, 1.30133926868439, -2.68597292900085, -1.95022511482239, 0.78351950645447, -2.14817571640015, 1.08900964260101, -2.13063597679138, 1.18637144565582, -2.52228450775146, 0.84457302093506, 0.00340868905187, -2.48649859428406, 0.81858599185944, 0.10937874019146, -2.46526026725769, 0.80739390850067, 0.12622174620628, -2.43532252311707, 0.79567086696625, 0.11780817806721, -2.41122531890869, 0.79509860277176, 0.09513371437788, -1.90800356864929, 0.65691816806793, -2.1083619594574, -1.79832601547241, 0.68845355510712, -2.12108898162842, -1.77795040607452, 0.7091503739357, -2.11702704429626, -1.78082740306854, 0.73968374729156, -2.10422420501709, -1.801100730896, 0.76478391885757, -2.09686827659607, -2.4670946598053, 0.85836523771286, -0.00864551216364, -2.47152733802795, 0.83897376060486, 0.07041312754154, -2.45057106018066, 0.83065724372864, 0.0818744674325, -2.42519164085388, 0.82298570871353, 0.07612603157759, -2.40525770187378, 0.81867927312851, 0.0607116445899, -1.92208921909332, 0.71228235960007, -2.11921834945679, -1.8413519859314, 0.70471751689911, -2.12759828567505, -1.82702136039734, 0.72531235218048, -2.12440776824951, -1.82892954349518, 0.75108516216278, -2.11615419387817, -1.84125626087189, 0.77178156375885, -2.10759687423706, 25.5236809754546, 166.639362690468, 171.541143570976, 164.26675987848, 155.720922811609, 4.69854518665972, 28.9778049689257, 23.8035405216692, 25.0374124876847, 23.8882468202084
-0.10853290557861, 0.44111394882202, -0.04971313476563, 1.06597363948822, 0.84738183021545, 0.26700136065483, -1.95601212978363, 0.74084979295731, -2.14777803421021, 0.17504446208477, -1.52896845340729, 0.84523510932922, -2.11915349960327, 1.29321765899658, -1.95236849784851, -0.856853723526, 0.04912297800183, 0.24942791461945, -2.39589667320251, 0.89360654354095, -0.02848982810974, 0.39414390921593, 1.30133926868439, -2.68597292900085, -1.95097458362579, 0.78940314054489, -2.14925026893616, 1.0767924785614, -2.15527367591858, 1.14624273777008, -2.52228450775146, 0.84457302093506, 0.00340868905187, -2.48649859428406, 0.81858599185944, 0.10937874019146, -2.46526026725769, 0.80739390850067, 0.12622174620628, -2.43532252311707, 0.79567086696625, 0.11780817806721, -2.41122531890869, 0.79509860277176, 0.09513371437788, -1.90835130214691, 0.66194230318069, -2.11274433135986, -1.79881119728088, 0.69375920295715, -2.1259458065033, -1.7783887386322, 0.71436047554016, -2.1216413974762, -1.78112077713013, 0.74459898471832, -2.10812664031982, -1.8013082742691, 0.76952707767487, -2.09999108314514, -2.4670946598053, 0.85836523771286, -0.00864551216364, -2.47152733802795, 0.83897376060486, 0.07041312754154, -2.45057106018066, 0.83065724372864, 0.0818744674325, -2.42519164085388, 0.82298570871353, 0.07612603157759, -2.40525770187378, 0.81867927312851, 0.0607116445899, -1.92254209518433, 0.7175355553627, -2.12220358848572, -1.84190165996552, 0.71016347408295, -2.13162326812744, -1.82753312587738, 0.7306821346283, -2.12812685966492, -1.82934677600861, 0.75626331567764, -2.11927723884583, -1.84157598018646, 0.77676212787628, -2.11012530326843, 25.1994792163108, 166.810609193338, 171.596071952281, 164.243728480599, 155.64536725901, 4.69854518665972, 28.9778049689257, 23.8035405216692, 25.0374124876847, 23.8882468202084
-0.09913444519043, 0.345871925354, -0.01766395568848, 0.94333845376968, 0.6902049779892, 0.15156544744968, -1.95676577091217, 0.74673497676849, -2.14974689483643, 0.17597430944443, -1.52213203907013, 0.82247674465179, -2.11880040168762, 1.29684782028198, -1.95074093341827, -0.85205751657486, 0.05345728993416, 0.2426500916481, -2.39589667320251, 0.89360654354095, -0.02848982810974, 0.39414390921593, 1.30133926868439, -2.68597292900085, -1.95175325870514, 0.79427927732468, -2.14992332458496, 1.06452167034149, -2.17614507675171, 1.11157631874084, -2.52228450775146, 0.84457302093506, 0.00340868905187, -2.48649859428406, 0.81858599185944, 0.10937874019146, -2.46526026725769, 0.80739390850067, 0.12622174620628, -2.43532252311707, 0.79567086696625, 0.11780817806721, -2.41122531890869, 0.79509860277176, 0.09513371437788, -1.90890383720398, 0.66606014966965, -2.11646485328674, -1.7994647026062, 0.69806104898453, -2.13005304336548, -1.77898263931274, 0.71855384111404, -2.12551975250244, -1.78155720233917, 0.74850887060165, -2.11135840415955, -1.801642537117, 0.77327877283096, -2.1025173664093, -2.4670946598053, 0.85836523771286, -0.00864551216364, -2.47152733802795, 0.83897376060486, 0.07041312754154, -2.45057106018066, 0.83065724372864, 0.0818744674325, -2.42519164085388, 0.82298570871353, 0.07612603157759, -2.40525770187378, 0.81867927312851, 0.0607116445899, -1.92313182353973, 0.7218474149704, -2.12463855743408, -1.84259188175201, 0.71461117267609, -2.13497877120972, -1.82817125320435, 0.73504257202148, -2.13119721412659, -1.82987630367279, 0.76043695211411, -2.1218044757843, -1.84199833869934, 0.78075158596039, -2.11211490631104, 24.8910090903728, 167.055526116597, 171.649497691969, 164.219372026019, 155.563924083347, 4.69854518665972, 28.9778049689257, 23.8035405216692, 25.0374124876847, 23.8882468202084
-0.1038293838501, 0.52744245529175, -0.03057289123535, 1.6147997379303, 0.77842968702316, -0.00602357136086, -1.9575891494751, 0.75163477659225, -2.1512451171875, 0.17619550228119, -1.51625788211823, 0.80149221420288, -2.11850380897522, 1.30054521560669, -1.94906747341156, -0.84686458110809, 0.05815832316875, 0.23513334989548, -2.39589667320251, 0.89360654354095, -0.02848982810974, 0.39414390921593, 1.30133926868439, -2.68597292900085, -1.95156598091125, 0.7983393073082, -2.15035009384155, 1.07086420059204, -2.17532920837402, 1.07740890979767, -2.52228450775146, 0.84457302093506, 0.00340868905187, -2.48649859428406, 0.81858599185944, 0.10937874019146, -2.46526026725769, 0.80739390850067, 0.12622174620628, -2.43532252311707, 0.79567086696625, 0.11780817806721, -2.41122531890869, 0.79509860277176, 0.09513371437788, -1.90586018562317, 0.67044639587402, -2.11952686309814, -1.79736495018005, 0.70418697595596, -2.1361391544342, -1.77705073356628, 0.72493433952332, -2.13202810287476, -1.77961957454681, 0.75470912456512, -2.11749053001404, -1.79977834224701, 0.77909332513809, -2.10778641700745, -2.4670946598053, 0.85836523771286, -0.00864551216364, -2.47152733802795, 0.83897376060486, 0.07041312754154, -2.45057106018066, 0.83065724372864, 0.0818744674325, -2.42519164085388, 0.82298570871353, 0.07612603157759, -2.40525770187378, 0.81867927312851, 0.0607116445899, -1.92113673686981, 0.72609478235245, -2.12669277191162, -1.84085774421692, 0.72014689445496, -2.13957118988037, -1.82662379741669, 0.74075084924698, -2.13602614402771, -1.82840478420258, 0.7660248875618, -2.1263279914856, -1.84051430225372, 0.78606355190277, -2.11606526374817, 24.7494260990676, 167.605615891971, 171.708715432073, 164.207665081781, 155.360712295161, 4.69854518665972, 28.9778049689257, 23.8035405216692, 25.0374124876847, 23.8882468202084
-0.09871387481689, 0.44724655151367, -0.0036735534668, 1.48670589923859, 0.68776684999466, -0.06080732494593, -1.95682394504547, 0.75562834739685, -2.15192580223084, 0.1914319396019, -1.48716461658478, 0.79242700338364, -2.11824369430542, 1.30432903766632, -1.94730567932129, -0.84155040979385, 0.06364735215902, 0.22676949203014, -2.39589667320251, 0.89360654354095, -0.02848982810974, 0.39414390921593, 1.30133926868439, -2.68597292900085, -1.95175862312317, 0.80195051431656, -2.15059447288513, 1.07512283325195, -2.17598748207092, 1.04542946815491, -2.52228450775146, 0.84457302093506, 0.00340868905187, -2.48649859428406, 0.81858599185944, 0.10937874019146, -2.46526026725769, 0.80739390850067, 0.12622174620628, -2.43532252311707, 0.79567086696625, 0.11780817806721, -2.41122531890869, 0.79509860277176, 0.09513371437788, -1.90368545055389, 0.6743295788765, -2.12235331535339, -1.79610228538513, 0.70956856012344, -2.14158082008362, -1.77593410015106, 0.73052263259888, -2.13781380653381, -1.77846074104309, 0.76011711359024, -2.12290549278259, -1.79863715171814, 0.78415304422379, -2.11240243911743, -2.4670946598053, 0.85836523771286, -0.00864551216364, -2.47152733802795, 0.83897376060486, 0.07041312754154, -2.45057106018066, 0.83065724372864, 0.0818744674325, -2.42519164085388, 0.82298570871353, 0.07612603157759, -2.40525770187378, 0.81867927312851, 0.0607116445899, -1.91982245445251, 0.72985416650772, -2.12852478027344, -1.83986210823059, 0.72502475976944, -2.14365649223328, -1.8257851600647, 0.74576616287231, -2.14029026031494, -1.82760310173035, 0.77091830968857, -2.13028693199158, -1.83966636657715, 0.79070293903351, -2.11949062347412, 24.5992165788406, 168.1095062678, 171.767550681583, 164.196600175326, 155.120112051458, 4.69854518665972, 28.9778049689257, 23.8035405216692, 25.0374124876847, 23.8882468202084
-0.14424705505371, 0.30644130706787, 0.04703521728516, 0.71588128805161, 2.21338605880737, 1.04982089996338, -1.95654308795929, 0.75919580459595, -2.1524658203125, 0.20453745126724, -1.46151316165924, 0.7833309173584, -2.11821389198303, 1.30811357498169, -1.94529318809509, -0.83566701412201, 0.06938163936138, 0.21851427853107, -2.39589667320251, 0.89360654354095, -0.02848982810974, 0.39414390921593, 1.30133926868439, -2.68597292900085, -1.95209968090057, 0.80517596006393, -2.15070986747742, 1.07765710353851, -2.17754411697388, 1.01690554618835, -2.52228450775146, 0.84457302093506, 0.00340868905187, -2.48649859428406, 0.81858599185944, 0.10937874019146, -2.46526026725769, 0.80739390850067, 0.12622174620628, -2.43532252311707, 0.79567086696625, 0.11780817806721, -2.41122531890869, 0.79509860277176, 0.09513371437788, -1.90214085578918, 0.6777731180191, -2.12485790252686, -1.7953873872757, 0.71425825357437, -2.14626216888428, -1.77533960342407, 0.73537409305573, -2.14276528358459, -1.77779996395111, 0.76479810476303, -2.12751245498657, -1.79795467853546, 0.7885314822197, -2.11630296707153, -2.4670946598053, 0.85836523771286, -0.00864551216364, -2.47152733802795, 0.83897376060486, 0.07041312754154, -2.45057106018066, 0.83065724372864, 0.0818744674325, -2.42519164085388, 0.82298570871353, 0.07612603157759, -2.40525770187378, 0.81867927312851, 0.0607116445899, -1.91895544528961, 0.73319160938263, -2.13010406494141, -1.8393315076828, 0.7292994260788, -2.1471574306488, -1.82538044452667, 0.75014609098434, -2.14391994476318, -1.82720518112183, 0.77518218755722, -2.13363075256348, -1.83920109272003, 0.794742166996, -2.12236070632935, 24.4304630950171, 168.568617923429, 171.826058082014, 164.186177306653, 154.868132712598, 4.69854518665972, 28.9778049689257, 23.8035405216692, 25.0374124876847, 23.8882468202084
-0.15163707733154, 0.27749061584473, 0.05766105651855, 0.72982949018478, 1.9752002954483, 0.87718337774277, -1.95651304721832, 0.76239579916, -2.15288686752319, 0.21541897952557, -1.43975949287415, 0.77470344305038, -2.11806654930115, 1.31179070472717, -1.94304203987122, -0.83008831739426, 0.07642775774002, 0.21020206809044, -2.39589667320251, 0.89360654354095, -0.02848982810974, 0.39414390921593, 1.30133926868439, -2.68597292900085, -1.95490062236786, 0.81161022186279, -2.14773011207581, 1.08575665950775, -2.15904188156128, 0.99289762973785, -2.52228450775146, 0.84457302093506, 0.00340868905187, -2.48649859428406, 0.81858599185944, 0.10937874019146, -2.46526026725769, 0.80739390850067, 0.12622174620628, -2.43532252311707, 0.79567086696625, 0.11780817806721, -2.41122531890869, 0.79509860277176, 0.09513371437788, -1.90230965614319, 0.68475925922394, -2.12452006340027, -1.79697167873383, 0.72273933887482, -2.14995718002319, -1.77707576751709, 0.74410063028336, -2.14715170860291, -1.77930915355682, 0.77342075109482, -2.13166546821594, -1.79930818080902, 0.79683661460876, -2.11954665184021, -2.4670946598053, 0.85836523771286, -0.00864551216364, -2.47152733802795, 0.83897376060486, 0.07041312754154, -2.45057106018066, 0.83065724372864, 0.0818744674325, -2.42519164085388, 0.82298570871353, 0.07612603157759, -2.40525770187378, 0.81867927312851, 0.0607116445899, -1.92003524303436, 0.73997521400452, -2.12881684303284, -1.84110760688782, 0.73720598220825, -2.14903330802917, -1.82731008529663, 0.75821924209595, -2.14624691009521, -1.82904851436615, 0.78318256139755, -2.13576769828796, -1.8408397436142, 0.80253231525421, -2.12393260002136, 24.3930063376088, 169.168130947638, 171.893499369878, 164.193622212848, 154.639922432049, 4.69854518665972, 28.9778049689257, 23.8035405216692, 25.0374124876847, 23.8882468202084
-0.14040184020996, 0.25115346908569, 0.06073379516602, 0.69728767871857, 1.69632399082184, 0.70531058311462, -1.95884275436401, 0.76878607273102, -2.14994549751282, 0.22902809083462, -1.40068686008453, 0.77187556028366, -2.11794018745422, 1.31539726257324, -1.94088554382324, -0.82567578554153, 0.08282037824392, 0.20168749988079, -2.39589667320251, 0.89360654354095, -0.02848982810974, 0.39414390921593, 1.30133926868439, -2.68597292900085, -1.95724928379059, 0.81726211309433, -2.14525866508484, 1.0918163061142, -2.14522385597229, 0.97003847360611, -2.52228450775146, 0.84457302093506, 0.00340868905187, -2.48649859428406, 0.81858599185944, 0.10937874019146, -2.46526026725769, 0.80739390850067, 0.12622174620628, -2.43532252311707, 0.79567086696625, 0.11780817806721, -2.41122531890869, 0.79509860277176, 0.09513371437788, -1.90253221988678, 0.69087380170822, -2.12457704544067, -1.79853856563568, 0.73014307022095, -2.1533670425415, -1.77879023551941, 0.75170612335205, -2.151118516922, -1.78081047534943, 0.78091681003571, -2.13539814949036, -1.80063617229462, 0.80404669046402, -2.12247204780579, -2.4670946598053, 0.85836523771286, -0.00864551216364, -2.47152733802795, 0.83897376060486, 0.07041312754154, -2.45057106018066, 0.83065724372864, 0.0818744674325, -2.42519164085388, 0.82298570871353, 0.07612603157759, -2.40525770187378, 0.81867927312851, 0.0607116445899, -1.92098867893219, 0.745914041996, -2.12795257568359, -1.84277093410492, 0.74411922693253, -2.15085911750793, -1.82911384105682, 0.76526749134064, -2.14842391014099, -1.83076322078705, 0.79015392065048, -2.13774919509888, -1.84235203266144, 0.80930960178375, -2.12540936470032, 24.3564494576236, 169.784473557962, 171.961746620065, 164.203785534333, 154.406794415298, 4.69854518665972, 28.9778049689257, 23.8035405216692, 25.0374124876847, 23.8882468202084
-0.38887310028076, 0.45058965682983, 0.32157325744629, 0.34358158707619, 2.85849952697754, 0.93921756744385, -1.96080255508423, 0.77440971136093, -2.1475830078125, 0.24074818193913, -1.3674304485321, 0.76836752891541, -2.11784553527832, 1.31880617141724, -1.93863618373871, -0.82194846868515, 0.08900513499975, 0.19277790188789, -2.39589667320251, 0.89360654354095, -0.02848982810974, 0.39414390921593, 1.30133926868439, -2.68597292900085, -1.9600887298584, 0.8234007358551, -2.13861918449402, 1.13609290122986, -2.0065598487854, 1.11036062240601, -2.52228450775146, 0.84457302093506, 0.00340868905187, -2.48649859428406, 0.81858599185944, 0.10937874019146, -2.46526026725769, 0.80739390850067, 0.12622174620628, -2.43532252311707, 0.79567086696625, 0.11780817806721, -2.41122531890869, 0.79509860277176, 0.09513371437788, -1.90396165847778, 0.69938945770264, -2.10918045043945, -1.80069577693939, 0.73722851276398, -2.14219522476196, -1.78112030029297, 0.75906175374985, -2.14183473587036, -1.78321516513824, 0.78935825824738, -2.12833619117737, -1.80309200286865, 0.81323385238647, -2.11693453788757, -2.4670946598053, 0.85836523771286, -0.00864551216364, -2.47152733802795, 0.83897376060486, 0.07041312754154, -2.45057106018066, 0.83065724372864, 0.0818744674325, -2.42519164085388, 0.82298570871353, 0.07612603157759, -2.40525770187378, 0.81867927312851, 0.0607116445899, -1.9229633808136, 0.75386393070221, -2.11645555496216, -1.84502053260803, 0.75098931789398, -2.1401743888855, -1.83152937889099, 0.77237290143967, -2.13951778411865, -1.8332759141922, 0.79797971248627, -2.13072896003723, -1.84488749504089, 0.81791621446609, -2.1197190284729, 24.3749763457473, 169.911146246309, 172.00276873622, 164.212541836849, 154.235411308644, 4.69854518665972, 28.9778049689257, 23.8035405216692, 25.0374124876847, 23.8882468202084
-0.3257532119751, 0.40053749084473, 0.27755928039551, 0.39790210127831, 2.45229125022888, 0.78331828117371, -1.9632762670517, 0.78046733140945, -2.13766026496887, 0.23286731541157, -1.33651387691498, 0.84614539146423, -2.11775636672974, 1.32214546203613, -1.93639039993286, -0.81908589601517, 0.0947799384594, 0.18384259939194, -2.39589667320251, 0.89360654354095, -0.02848982810974, 0.39414390921593, 1.30133926868439, -2.68597292900085, -1.9625335931778, 0.82800853252411, -2.13332438468933, 1.16709434986115, -1.86293411254883, 1.25064027309418, -2.52228450775146, 0.84457302093506, 0.00340868905187, -2.48649859428406, 0.81858599185944, 0.10937874019146, -2.46526026725769, 0.80739390850067, 0.12622174620628, -2.43532252311707, 0.79567086696625, 0.11780817806721, -2.41122531890869, 0.79509860277176, 0.09513371437788, -1.90484309196472, 0.7066068649292, -2.09686708450317, -1.80243706703186, 0.74307686090469, -2.13386130332947, -1.78305745124817, 0.76504570245743, -2.13521122932434, -1.78522264957428, 0.79613018035889, -2.12365508079529, -1.80514049530029, 0.82052844762802, -2.11349940299988, -2.4670946598053, 0.85836523771286, -0.00864551216364, -2.47152733802795, 0.83897376060486, 0.07041312754154, -2.45057106018066, 0.83065724372864, 0.0818744674325, -2.42519164085388, 0.82298570871353, 0.07612603157759, -2.40525770187378, 0.81867927312851, 0.0607116445899, -1.92444682121277, 0.76034474372864, -2.10732650756836, -1.84684920310974, 0.75658023357391, -2.13203263282776, -1.83354449272156, 0.77807015180588, -2.13296246528625, -1.83539021015167, 0.80417454242706, -2.12580990791321, -1.84701418876648, 0.82468366622925, -2.11592221260071, 24.4014689419904, 170.061246483509, 172.040799229519, 164.223319875359, 154.056364729742, 4.69854518665972, 28.9778049689257, 23.8035405216692, 25.0374124876847, 23.8882468202084
-0.26702785491943, 0.10382080078125, 0.42681884765625, -5.43666410446167, 0.91216486692429, 0.62837892770767, -1.96531629562378, 0.78520143032074, -2.12956047058105, 0.22530306875706, -1.3060348033905, 0.91233801841736, -2.11771607398987, 1.32543540000916, -1.93418622016907, -0.81682062149048, 0.10023242980242, 0.17428007721901, -2.39589667320251, 0.89360654354095, -0.02848982810974, 0.39414390921593, 1.30133926868439, -2.68597292900085, -1.96683573722839, 0.8300883769989, -2.12631893157959, 1.15091931819916, -1.57597661018372, 1.59461045265198, -2.52228450775146, 0.84457302093506, 0.00340868905187, -2.48649859428406, 0.81858599185944, 0.10937874019146, -2.46526026725769, 0.80739390850067, 0.12622174620628, -2.43532252311707, 0.79567086696625, 0.11780817806721, -2.41122531890869, 0.79509860277176, 0.09513371437788, -1.91476023197174, 0.71273708343506, -2.0723512172699, -1.81011164188385, 0.7404413819313, -2.11064958572388, -1.78988516330719, 0.76136142015457, -2.11429166793823, -1.79117393493652, 0.7937645316124, -2.10702157020569, -1.81041300296783, 0.81996285915375, -2.10080528259277, -2.4670946598053, 0.85836523771286, -0.00864551216364, -2.47152733802795, 0.83897376060486, 0.07041312754154, -2.45057106018066, 0.83065724372864, 0.0818744674325, -2.42519164085388, 0.82298570871353, 0.07612603157759, -2.40525770187378, 0.81867927312851, 0.0607116445899, -1.93203377723694, 0.76523703336716, -2.09043002128601, -1.85401320457459, 0.75557243824005, -2.11200189590454, -1.83988428115845, 0.77628093957901, -2.11535286903381, -1.84092700481415, 0.80315339565277, -2.11177706718445, -1.85202133655548, 0.82518142461777, -2.10505437850952, 24.4456892942244, 170.126433808948, 172.044036739185, 164.220615120448, 153.953420118571, 4.69854518665972, 28.9778049689257, 23.8035405216692, 25.0374124876847, 23.8882468202084
-0.24775886535645, 0.03790712356567, 0.37209320068359, -4.6319317817688, 1.11139237880707, 0.61855638027191, -1.97133529186249, 0.78828501701355, -2.11701369285584, 0.15586973726749, -1.31173801422119, 1.03386247158051, -2.11790609359741, 1.32862305641174, -1.93219435214996, -0.81443357467651, 0.10467670857906, 0.16530808806419, -2.39589667320251, 0.89360654354095, -0.02848982810974, 0.39414390921593, 1.30133926868439, -2.68597292900085, -1.9707715511322, 0.83356934785843, -2.12000942230225, 1.12259066104889, -1.40788590908051, 1.79461693763733, -2.52228450775146, 0.84457302093506, 0.00340868905187, -2.48649859428406, 0.81858599185944, 0.10937874019146, -2.46526026725769, 0.80739390850067, 0.12622174620628, -2.43532252311707, 0.79567086696625, 0.11780817806721, -2.41122531890869, 0.79509860277176, 0.09513371437788, -1.92197632789612, 0.72023153305054, -2.05543971061707, -1.81627035140991, 0.74234867095947, -2.09446120262146, -1.79554355144501, 0.76245105266571, -2.09959125518799, -1.79620897769928, 0.79537910223007, -2.09514403343201, -1.81494235992432, 0.82241094112396, -2.09147357940674, -2.4670946598053, 0.85836523771286, -0.00864551216364, -2.47152733802795, 0.83897376060486, 0.07041312754154, -2.45057106018066, 0.83065724372864, 0.0818744674325, -2.42519164085388, 0.82298570871353, 0.07612603157759, -2.40525770187378, 0.81867927312851, 0.0607116445899, -1.93786036968231, 0.77133172750473, -2.07819795608521, -1.85980725288391, 0.75822079181671, -2.09773683547974, -1.84518456459045, 0.77826488018036, -2.10264658927917, -1.84567940235138, 0.8053612112999, -2.10140228271484, -1.8563688993454, 0.82811260223389, -2.09675240516663, 24.4987701093592, 170.18805577564, 172.039870323792, 164.217596176835, 153.844533242823, 4.69854518665972, 28.9778049689257, 23.8035405216692, 25.0374124876847, 23.8882468202084
-0.17087173461914, -0.31525182723999, 0.36169052124023, -9.59316539764404, -2.06771683692932, -2.59777283668518, -1.97630774974823, 0.79282402992249, -2.10722184181213, 0.1131701618433, -1.31471729278564, 1.1122133731842, -2.11819124221802, 1.33167052268982, -1.93015897274017, -0.81081861257553, 0.11001413315535, 0.15593411028385, -2.39589667320251, 0.89360654354095, -0.02848982810974, 0.39414390921593, 1.30133926868439, -2.68597292900085, -1.97427344322205, 0.83774602413177, -2.11443734169006, 1.09621953964233, -1.30227422714233, 1.9190628528595, -2.52228450775146, 0.84457302093506, 0.00340868905187, -2.48649859428406, 0.81858599185944, 0.10937874019146, -2.46526026725769, 0.80739390850067, 0.12622174620628, -2.43532252311707, 0.79567086696625, 0.11780817806721, -2.41122531890869, 0.79509860277176, 0.09513371437788, -1.92742478847504, 0.72781056165695, -2.04291749000549, -1.82120823860168, 0.74610966444016, -2.08252549171448, -1.80017387866974, 0.76558440923691, -2.08871555328369, -1.80040156841278, 0.79872530698776, -2.08624458312988, -1.81877362728119, 0.82618182897568, -2.08431053161621, -2.4670946598053, 0.85836523771286, -0.00864551216364, -2.47152733802795, 0.83897376060486, 0.07041312754154, -2.45057106018066, 0.83065724372864, 0.0818744674325, -2.42519164085388, 0.82298570871353, 0.07612603157759, -2.40525770187378, 0.81867927312851, 0.0607116445899, -1.94246637821198, 0.77767258882523, -2.06878232955933, -1.86449980735779, 0.76235175132751, -2.08701491355896, -1.84957075119019, 0.78186494112015, -2.09301996231079, -1.84969234466553, 0.80899143218994, -2.09339690208435, -1.86008679866791, 0.83212399482727, -2.09017968177795, 24.5604398873752, 170.24623532699, 172.028655153175, 164.214235723763, 153.729977310063, 4.69854518665972, 28.9778049689257, 23.8035405216692, 25.0374124876847, 23.8882468202084
-0.22329711914063, -0.06430006027222, 0.41157531738281, -6.18888235092163, -0.97096705436707, -1.54727637767792, -1.98045003414154, 0.79791676998138, -2.09927701950073, 0.08463946729898, -1.31518959999084, 1.16675317287445, -2.11882257461548, 1.33463668823242, -1.92840850353241, -0.80682456493378, 0.11457590013742, 0.14647673070431, -2.39589667320251, 0.89360654354095, -0.02848982810974, 0.39414390921593, 1.30133926868439, -2.68597292900085, -1.97848832607269, 0.83423292636871, -2.11170101165771, 1.0605525970459, -1.22288775444031, 2.03973507881165, -2.52228450775146, 0.84457302093506, 0.00340868905187, -2.48649859428406, 0.81858599185944, 0.10937874019146, -2.46526026725769, 0.80739390850067, 0.12622174620628, -2.43532252311707, 0.79567086696625, 0.11780817806721, -2.41122531890869, 0.79509860277176, 0.09513371437788, -1.93547606468201, 0.72847926616669, -2.0319402217865, -1.82794618606567, 0.74247872829437, -2.06971526145935, -1.8064181804657, 0.76117420196533, -2.0765745639801, -1.80613124370575, 0.79440522193909, -2.07626557350159, -1.82406485080719, 0.82221513986588, -2.07662224769592, -2.4670946598053, 0.85836523771286, -0.00864551216364, -2.47152733802795, 0.83897376060486, 0.07041312754154, -2.45057106018066, 0.83065724372864, 0.0818744674325, -2.42519164085388, 0.82298570871353, 0.07612603157759, -2.40525770187378, 0.81867927312851, 0.0607116445899, -1.94895446300507, 0.77677625417709, -2.06138849258423, -1.87081325054169, 0.75907230377197, -2.0764377117157, -1.85539174079895, 0.77791428565979, -2.0832827091217, -1.85502874851227, 0.80495673418045, -2.08542156219482, -1.86509823799133, 0.82841074466705, -2.08399844169617, 24.701326199385, 170.291724386862, 172.009161793283, 164.175426588899, 153.527011408687, 4.69854518665972, 28.9778049689257, 23.8035405216692, 25.0374124876847, 23.8882468202084
-0.22933959960938, 0.07706737518311, 0.39753341674805, -4.30050563812256, -0.42180621623993, -0.99798363447189, -1.98575913906097, 0.79558098316193, -2.09416484832764, 0.05274711921811, -1.3381108045578, 1.22607731819153, -2.11950182914734, 1.33748817443848, -1.92683935165405, -0.80204558372498, 0.11907558143139, 0.13707660138607, -2.39589667320251, 0.89360654354095, -0.02848982810974, 0.39414390921593, 1.30133926868439, -2.68597292900085, -1.98235201835632, 0.83298420906067, -2.10858488082886, 1.02957534790039, -1.16417825222015, 2.12658786773682, -2.52228450775146, 0.84457302093506, 0.00340868905187, -2.48649859428406, 0.81858599185944, 0.10937874019146, -2.46526026725769, 0.80739390850067, 0.12622174620628, -2.43532252311707, 0.79567086696625, 0.11780817806721, -2.41122531890869, 0.79509860277176, 0.09513371437788, -1.94202220439911, 0.73100012540817, -2.02274513244629, -1.83372378349304, 0.74169421195984, -2.05938792228699, -1.81184434890747, 0.75974184274673, -2.06684446334839, -1.81112575531006, 0.79293787479401, -2.0682520866394, -1.82868432998657, 0.82090991735458, -2.07034873962402, -2.4670946598053, 0.85836523771286, -0.00864551216364, -2.47152733802795, 0.83897376060486, 0.07041312754154, -2.45057106018066, 0.83065724372864, 0.0818744674325, -2.42519164085388, 0.82298570871353, 0.07612603157759, -2.40525770187378, 0.81867927312851, 0.0607116445899, -1.95438921451569, 0.77786260843277, -2.05487680435181, -1.87625539302826, 0.75844126939774, -2.06767797470093, -1.86047947406769, 0.77671098709106, -2.07523012161255, -1.85972666740417, 0.80359917879105, -2.07876014709473, -1.86950874328613, 0.82721740007401, -2.07872223854065, 24.9309605743755, 170.332937748314, 171.982824583844, 164.131809000859, 153.231182255356, 4.69854518665972, 28.9778049689257, 23.8035405216692, 25.0374124876847, 23.8882468202084
-0.19208908081055, -0.49541473388672, 0.1541862487793, -4.69017219543457, -1.94290578365326, -1.19744372367859, -1.99041152000427, 0.79538851976395, -2.08919501304626, 0.0287388432771, -1.35259878635406, 1.27387392520905, -2.12023210525513, 1.34011936187744, -1.92557239532471, -0.79687362909317, 0.12280961126089, 0.12795729935169, -2.39589667320251, 0.89360654354095, -0.02848982810974, 0.39414390921593, 1.30133926868439, -2.68597292900085, -1.98882865905762, 0.83199924230576, -2.10632753372192, 0.9568030834198, -1.14817309379578, 2.19049024581909, -2.52228450775146, 0.84457302093506, 0.00340868905187, -2.48649859428406, 0.81858599185944, 0.10937874019146, -2.46526026725769, 0.80739390850067, 0.12622174620628, -2.43532252311707, 0.79567086696625, 0.11780817806721, -2.41122531890869, 0.79509860277176, 0.09513371437788, -1.95713043212891, 0.73361271619797, -2.01299476623535, -1.84716904163361, 0.73643869161606, -2.04595112800598, -1.82410025596619, 0.75284171104431, -2.05361890792847, -1.82155323028564, 0.78580546379089, -2.05699229240417, -1.83750069141388, 0.81445699930191, -2.06145358085632, -2.4670946598053, 0.85836523771286, -0.00864551216364, -2.47152733802795, 0.83897376060486, 0.07041312754154, -2.45057106018066, 0.83065724372864, 0.0818744674325, -2.42519164085388, 0.82298570871353, 0.07612603157759, -2.40525770187378, 0.81867927312851, 0.0607116445899, -1.96580648422241, 0.77896028757095, -2.04834723472595, -1.88841688632965, 0.75479805469513, -2.05689072608948, -1.8714234828949, 0.77172964811325, -2.06490588188171, -1.86910438537598, 0.79827237129211, -2.07001566886902, -1.87760150432587, 0.82231795787811, -2.071781873703, 24.9698824073608, 170.347212843679, 171.930204806478, 164.069845524709, 152.832790981447, 4.69854518665972, 28.9778049689257, 23.8035405216692, 25.0374124876847, 23.8882468202084
-0.21390724182129, -0.28697490692139, 0.21648216247559, -3.73779678344727, -1.18300986289978, -0.91585981845856, -1.9995824098587, 0.79614436626434, -2.08504033088684, -0.03487911820412, -1.39032280445099, 1.32349455356598, -2.12109661102295, 1.34242606163025, -1.92421460151672, -0.79165136814117, 0.12523931264877, 0.11965481936932, -2.39589667320251, 0.89360654354095, -0.02848982810974, 0.39414390921593, 1.30133926868439, -2.68597292900085, -1.9945502281189, 0.83238887786865, -2.10365962982178, 0.90386432409286, -1.13328301906586, 2.23964953422546, -2.52228450775146, 0.84457302093506, 0.00340868905187, -2.48649859428406, 0.81858599185944, 0.10937874019146, -2.46526026725769, 0.80739390850067, 0.12622174620628, -2.43532252311707, 0.79567086696625, 0.11780817806721, -2.41122531890869, 0.79509860277176, 0.09513371437788, -1.96867299079895, 0.73765528202057, -2.00490951538086, -1.85793328285217, 0.73498111963272, -2.03516101837158, -1.83410727977753, 0.75016421079636, -2.04302358627319, -1.83028209209442, 0.78281193971634, -2.04791951179504, -1.84506511688232, 0.81175351142883, -2.0541627407074, -2.4670946598053, 0.85836523771286, -0.00864551216364, -2.47152733802795, 0.83897376060486, 0.07041312754154, -2.45057106018066, 0.83065724372864, 0.0818744674325, -2.42519164085388, 0.82298570871353, 0.07612603157759, -2.40525770187378, 0.81867927312851, 0.0607116445899, -1.97485280036926, 0.78148704767227, -2.04261946678162, -1.89821457862854, 0.75422221422195, -2.04801845550537, -1.88043081760406, 0.77012985944748, -2.0564079284668, -1.87702620029449, 0.79629099369049, -2.06273293495178, -1.88459753990173, 0.82050514221191, -2.06587338447571, 25.0107098631245, 170.354261598903, 171.857927744681, 164.001570953765, 152.436653669965, 4.69854518665972, 28.9778049689257, 23.8035405216692, 25.0374124876847, 23.8882468202084
-0.34273910522461, -0.21401023864746, 0.12074661254883, -4.40945911407471, -2.70353984832764, -3.78128480911255, -2.00710344314575, 0.79802536964417, -2.08094549179077, -0.0783504396677, -1.41725432872772, 1.36568832397461, -2.1220395565033, 1.34463572502136, -1.92286944389343, -0.78862869739532, 0.12657344341278, 0.11289769411087, -2.39589667320251, 0.89360654354095, -0.02848982810974, 0.39414390921593, 1.30133926868439, -2.68597292900085, -1.99973177909851, 0.83362543582916, -2.10075378417969, 0.86183553934097, -1.11941564083099, 2.28020286560059, -2.52228450775146, 0.84457302093506, 0.00340868905187, -2.48649859428406, 0.81858599185944, 0.10937874019146, -2.46526026725769, 0.80739390850067, 0.12622174620628, -2.43532252311707, 0.79567086696625, 0.11780817806721, -2.41122531890869, 0.79509860277176, 0.09513371437788, -1.97811543941498, 0.74242258071899, -1.99774670600891, -1.86699390411377, 0.73556119203568, -2.02586317062378, -1.84263408184052, 0.74976801872253, -2.03391218185425, -1.83783948421478, 0.78207147121429, -2.04007458686829, -1.85172176361084, 0.81111031770706, -2.04776644706726, -2.4670946598053, 0.85836523771286, -0.00864551216364, -2.47152733802795, 0.83897376060486, 0.07041312754154, -2.45057106018066, 0.83065724372864, 0.0818744674325, -2.42519164085388, 0.82298570871353, 0.07612603157759, -2.40525770187378, 0.81867927312851, 0.0607116445899, -1.98246169090271, 0.78479868173599, -2.03733015060425, -1.9065135717392, 0.75531220436096, -2.04022336006165, -1.8881641626358, 0.77038091421127, -2.04893708229065, -1.88394236564636, 0.79615741968155, -2.0562686920166, -1.89079761505127, 0.82041227817535, -2.06053686141968, 25.0533883001534, 170.354357221551, 171.675780259895, 163.927190193704, 152.051471981911, 4.69854518665972, 28.9778049689257, 23.8035405216692, 25.0374124876847, 23.8882468202084
-0.33683395385742, -0.10539150238037, 0.18124008178711, -3.51135277748108, -1.76658523082733, -2.58174920082092, -2.0135977268219, 0.80057966709137, -2.07687783241272, -0.1108371540904, -1.43824255466461, 1.40291666984558, -2.12306022644043, 1.34652423858643, -1.92155647277832, -0.78760182857513, 0.12644898891449, 0.1075841858983, -2.39589667320251, 0.89360654354095, -0.02848982810974, 0.39414390921593, 1.30133926868439, -2.68597292900085, -2.0046181678772, 0.83375096321106, -2.09717512130737, 0.80142468214035, -1.12675416469574, 2.29601311683655, -2.52228450775146, 0.84457302093506, 0.00340868905187, -2.48649859428406, 0.81858599185944, 0.10937874019146, -2.46526026725769, 0.80739390850067, 0.12622174620628, -2.43532252311707, 0.79567086696625, 0.11780817806721, -2.41122531890869, 0.79509860277176, 0.09513371437788, -1.98947274684906, 0.74537950754166, -1.99060690402985, -1.87834393978119, 0.73201590776443, -2.01624703407288, -1.85316050052643, 0.74469953775406, -2.02430558204651, -1.84664106369019, 0.77648192644119, -2.03150653839111, -1.85890793800354, 0.80587440729141, -2.04049205780029, -2.4670946598053, 0.85836523771286, -0.00864551216364, -2.47152733802795, 0.83897376060486, 0.07041312754154, -2.45057106018066, 0.83065724372864, 0.0818744674325, -2.42519164085388, 0.82298570871353, 0.07612603157759, -2.40525770187378, 0.81867927312851, 0.0607116445899, -1.99097049236298, 0.7864578962326, -2.03173828125, -1.91655671596527, 0.75316488742828, -2.0320782661438, -1.89731991291046, 0.76698207855225, -2.04095101356506, -1.89167845249176, 0.7922357916832, -2.04910135269165, -1.89723038673401, 0.81662964820862, -2.05435752868652, 25.0697414805737, 170.37979284602, 171.487909076585, 163.768798106851, 151.875389705108, 4.69854518665972, 28.9778049689257, 23.8035405216692, 25.0374124876847, 23.8882468202084
-0.32428550720215, -0.03407907485962, 0.2142162322998, -2.97492837905884, -1.25773847103119, -1.9346090555191, -2.02055430412292, 0.80231767892838, -2.07242941856384, -0.16463613510132, -1.46135783195496, 1.43267142772675, -2.12433552742004, 1.34838438034058, -1.92035579681396, -0.78759700059891, 0.12533749639988, 0.10286557674408, -2.39589667320251, 0.89360654354095, -0.02848982810974, 0.39414390921593, 1.30133926868439, -2.68597292900085, -2.00927257537842, 0.83463382720947, -2.09362030029297, 0.75216901302338, -1.12809884548187, 2.31581878662109, -2.52228450775146, 0.84457302093506, 0.00340868905187, -2.48649859428406, 0.81858599185944, 0.10937874019146, -2.46526026725769, 0.80739390850067, 0.12622174620628, -2.43532252311707, 0.79567086696625, 0.11780817806721, -2.41122531890869, 0.79509860277176, 0.09513371437788, -1.99911034107208, 0.74944150447845, -1.98391759395599, -1.88821971416473, 0.73097920417786, -2.00732731819153, -1.86244988441467, 0.7424099445343, -2.01540660858154, -1.85460197925568, 0.77365589141846, -2.02356624603271, -1.86559069156647, 0.80317080020905, -2.03372740745544, -2.4670946598053, 0.85836523771286, -0.00864551216364, -2.47152733802795, 0.83897376060486, 0.07041312754154, -2.45057106018066, 0.83065724372864, 0.0818744674325, -2.42519164085388, 0.82298570871353, 0.07612603157759, -2.40525770187378, 0.81867927312851, 0.0607116445899, -1.99841892719269, 0.78911781311035, -2.02642369270325, -1.92535126209259, 0.75301760435104, -2.02446436882019, -1.90546727180481, 0.76577949523926, -2.03348970413208, -1.8987352848053, 0.79050630331039, -2.04239296913147, -1.90326249599457, 0.81490045785904, -2.04855275154114, 25.0844093118163, 170.411607867174, 171.252458795516, 163.549111902387, 151.678311426797, 4.69854518665972, 28.9778049689257, 23.8035405216692, 25.0374124876847, 23.8882468202084
-0.32550430297852, -0.03812170028687, 0.25680541992188, -2.5746386051178, -1.36973440647125, -3.58907198905945, -2.026771068573, 0.80469530820847, -2.0680890083313, -0.20623271167278, -1.48220539093018, 1.46311545372009, -2.12587547302246, 1.34997200965881, -1.91921138763428, -0.78711307048798, 0.12297523766756, 0.09892497956753, -2.39589667320251, 0.89360654354095, -0.02848982810974, 0.39414390921593, 1.30133926868439, -2.68597292900085, -2.01249885559082, 0.83253198862076, -2.09248995780945, 0.70428228378296, -1.17779755592346, 2.3205738067627, -2.52228450775146, 0.84457302093506, 0.00340868905187, -2.48649859428406, 0.81858599185944, 0.10937874019146, -2.46526026725769, 0.80739390850067, 0.12622174620628, -2.43532252311707, 0.79567086696625, 0.11780817806721, -2.41122531890869, 0.79509860277176, 0.09513371437788, -2.01175498962402, 0.74962258338928, -1.98059189319611, -1.90068531036377, 0.72600126266479, -1.99765598773956, -1.87406134605408, 0.73615223169327, -2.00459480285645, -1.86446416378021, 0.76684087514877, -2.01299595832825, -1.87363004684448, 0.79653835296631, -2.0243616104126, -2.4670946598053, 0.85836523771286, -0.00864551216364, -2.47152733802795, 0.83897376060486, 0.07041312754154, -2.45057106018066, 0.83065724372864, 0.0818744674325, -2.42519164085388, 0.82298570871353, 0.07612603157759, -2.40525770187378, 0.81867927312851, 0.0607116445899, -2.00713872909546, 0.78821361064911, -2.02384567260742, -1.93588960170746, 0.74915498495102, -2.01721811294556, -1.91503143310547, 0.76085847616196, -2.02544379234314, -1.9067884683609, 0.78506445884705, -2.03450632095337, -1.90993654727936, 0.8094727396965, -2.04142260551453, 25.0867264534922, 170.77841634636, 171.013907608564, 163.422985629174, 151.564711720521, 4.69854518665972, 28.9778049689257, 23.8035405216692, 25.0374124876847, 23.8882468202084
-0.31451797485352, -0.00186252593994, 0.26372337341309, -2.44003224372864, -1.09651100635529, -2.76704335212708, -2.03257775306702, 0.80396467447281, -2.06728863716125, -0.249840721488, -1.53973639011383, 1.48375284671783, -2.12752056121826, 1.35150861740112, -1.91819584369659, -0.78655159473419, 0.12075596302748, 0.09431475400925, -2.39589667320251, 0.89360654354095, -0.02848982810974, 0.39414390921593, 1.30133926868439, -2.68597292900085, -2.01611948013306, 0.83148688077927, -2.0907678604126, 0.6628133058548, -1.20884943008423, 2.33279418945313, -2.52228450775146, 0.84457302093506, 0.00340868905187, -2.48649859428406, 0.81858599185944, 0.10937874019146, -2.46526026725769, 0.80739390850067, 0.12622174620628, -2.43532252311707, 0.79567086696625, 0.11780817806721, -2.41122531890869, 0.79509860277176, 0.09513371437788, -2.02260851860046, 0.75139737129211, -1.97701704502106, -1.91187524795532, 0.72353494167328, -1.98916029930115, -1.88466143608093, 0.73258447647095, -1.99528670310974, -1.87366580963135, 0.76270550489426, -2.00402140617371, -1.88132905960083, 0.79241162538528, -2.01642918586731, -2.4670946598053, 0.85836523771286, -0.00864551216364, -2.47152733802795, 0.83897376060486, 0.07041312754154, -2.45057106018066, 0.83065724372864, 0.0818744674325, -2.42519164085388, 0.82298570871353, 0.07612603157759, -2.40525770187378, 0.81867927312851, 0.0607116445899, -2.01497101783752, 0.78872293233871, -2.02094793319702, -1.94545984268188, 0.74740046262741, -2.01062273979187, -1.92389941215515, 0.75816857814789, -2.01829695701599, -1.91446089744568, 0.78184324502945, -2.02759337425232, -1.91647291183472, 0.80616706609726, -2.03519725799561, 25.0860622175954, 171.097331539087, 170.750262306602, 163.269265391713, 151.432151409109, 4.69854518665972, 28.9778049689257, 23.8035405216692, 25.0374124876847, 23.8882468202084
-0.04791069030762, -0.16310834884644, -0.00271224975586, -1.63275611400604, -3.8053503036499, -3.04769110679626, -2.03815078735352, 0.80426353216171, -2.06571054458618, -0.2851006090641, -1.58502995967865, 1.50842583179474, -2.12934350967407, 1.35301876068115, -1.91732823848724, -0.78628444671631, 0.11854978650808, 0.09097657352686, -2.39589667320251, 0.89360654354095, -0.02848982810974, 0.39414390921593, 1.30133926868439, -2.68597292900085, -2.01831126213074, 0.82962363958359, -2.09010148048401, 0.6158190369606, -1.24962747097015, 2.35275363922119, -2.52228450775146, 0.84457302093506, 0.00340868905187, -2.48649859428406, 0.81858599185944, 0.10937874019146, -2.46526026725769, 0.80739390850067, 0.12622174620628, -2.43532252311707, 0.79567086696625, 0.11780817806721, -2.41122531890869, 0.79509860277176, 0.09513371437788, -2.03388428688049, 0.75350117683411, -1.97452235221863, -1.92386269569397, 0.72107076644897, -1.97991847991943, -1.8960292339325, 0.72887802124023, -1.98485434055328, -1.88340699672699, 0.75826525688171, -1.99388456344604, -1.88922905921936, 0.7878315448761, -2.00756192207336, -2.4670946598053, 0.85836523771286, -0.00864551216364, -2.47152733802795, 0.83897376060486, 0.07041312754154, -2.45057106018066, 0.83065724372864, 0.0818744674325, -2.42519164085388, 0.82298570871353, 0.07612603157759, -2.40525770187378, 0.81867927312851, 0.0607116445899, -2.02249574661255, 0.78909140825272, -2.01907682418823, -1.95531117916107, 0.7455021739006, -2.00383973121643, -1.93297016620636, 0.75519192218781, -2.0106725692749, -1.9221283197403, 0.77818214893341, -2.02015447616577, -1.92277503013611, 0.802310526371, -2.02857565879822, 25.1286091734827, 171.512210889652, 170.720469021442, 163.250373088469, 151.625596026782, 4.69854518665972, 28.9778049689257, 23.8035405216692, 25.0374124876847, 23.8882468202084
-0.12896919250488, -0.11606025695801, 0.07860374450684, -1.73473966121674, -2.791095495224, -2.52419567108154, -2.04267978668213, 0.804070353508, -2.06545305252075, -0.32256776094437, -1.64793729782104, 1.54256677627563, -2.13165831565857, 1.35436487197876, -1.91649031639099, -0.78613168001175, 0.119415409863, 0.08768274635077, -2.39589667320251, 0.89360654354095, -0.02848982810974, 0.39414390921593, 1.30133926868439, -2.68597292900085, -2.02118158340454, 0.82866287231445, -2.08900451660156, 0.57694751024246, -1.27788305282593, 2.37234616279602, -2.52228450775146, 0.84457302093506, 0.00340868905187, -2.48649859428406, 0.81858599185944, 0.10937874019146, -2.46526026725769, 0.80739390850067, 0.12622174620628, -2.43532252311707, 0.79567086696625, 0.11780817806721, -2.41122531890869, 0.79509860277176, 0.09513371437788, -2.043705701828, 0.75631535053253, -1.97215342521667, -1.93467593193054, 0.72028654813766, -1.97231733798981, -1.90643167495728, 0.72706997394562, -1.97635066509247, -1.89251518249512, 0.75578105449677, -1.98565030097961, -1.89683318138123, 0.78512459993362, -2.00032830238342, -2.4670946598053, 0.85836523771286, -0.00864551216364, -2.47152733802795, 0.83897376060486, 0.07041312754154, -2.45057106018066, 0.83065724372864, 0.0818744674325, -2.42519164085388, 0.82298570871353, 0.07612603157759, -2.40525770187378, 0.81867927312851, 0.0607116445899, -2.02944040298462, 0.79027462005615, -2.01715040206909, -1.96435761451721, 0.74502474069595, -1.99810767173767, -1.94146370887756, 0.75380975008011, -2.00430369377136, -1.92951691150665, 0.77617317438126, -2.01395535469055, -1.92904770374298, 0.80006629228592, -2.02303338050842, 25.1739530918351, 171.840114611326, 170.686454679375, 163.233352257057, 151.891345027009, 4.69854518665972, 28.9778049689257, 23.8035405216692, 25.0374124876847, 23.8882468202084
0.0329761505127, -0.20598077774048, -0.00597381591797, -2.22048902511597, -3.79324769973755, -2.80225348472595, -2.04731011390686, 0.80458801984787, -2.06467199325562, -0.35178336501122, -1.69783592224121, 1.57471215724945, -2.13435530662537, 1.35561990737915, -1.91561639308929, -0.78614163398743, 0.12339904904366, 0.08228797465563, -2.39589667320251, 0.89360654354095, -0.02848982810974, 0.39414390921593, 1.30133926868439, -2.68597292900085, -2.0245463848114, 0.8283429145813, -2.08761739730835, 0.54290932416916, -1.29963672161102, 2.39124011993408, -2.52228450775146, 0.84457302093506, 0.00340868905187, -2.48649859428406, 0.81858599185944, 0.10937874019146, -2.46526026725769, 0.80739390850067, 0.12622174620628, -2.43532252311707, 0.79567086696625, 0.11780817806721, -2.41122531890869, 0.79509860277176, 0.09513371437788, -2.05279278755188, 0.75962853431702, -1.96982026100159, -1.94488739967346, 0.72058659791946, -1.96560263633728, -1.91634774208069, 0.72647714614868, -1.96889090538025, -1.90132999420166, 0.75454545021057, -1.97843623161316, -1.90434300899506, 0.78361719846725, -1.99395680427551, -2.4670946598053, 0.85836523771286, -0.00864551216364, -2.47152733802795, 0.83897376060486, 0.07041312754154, -2.45057106018066, 0.83065724372864, 0.0818744674325, -2.42519164085388, 0.82298570871353, 0.07612603157759, -2.40525770187378, 0.81867927312851, 0.0607116445899, -2.03615427017212, 0.79202884435654, -2.01515078544617, -1.97302377223969, 0.74548119306564, -1.99292898178101, -1.94970452785492, 0.75346612930298, -1.99859881401062, -1.93682503700256, 0.7752371430397, -2.00840425491333, -1.93538725376129, 0.79887074232101, -2.01804256439209, 25.2230382463054, 172.136613123196, 170.637646147566, 163.198477311155, 152.216120522043, 4.69854518665972, 28.9778049689257, 23.8035405216692, 25.0374124876847, 23.8882468202084
-0.0695915222168, -0.14284801483154, 0.05297470092773, -1.95812296867371, -2.82573008537292, -2.314537525177, -2.05210494995117, 0.80562764406204, -2.06355714797974, -0.37603715062141, -1.74057853221893, 1.60547828674316, -2.13749289512634, 1.35660791397095, -1.914675116539, -0.78674060106277, 0.13215619325638, 0.0735804438591, -2.39589667320251, 0.89360654354095, -0.02848982810974, 0.39414390921593, 1.30133926868439, -2.68597292900085, -2.02948951721191, 0.82647293806076, -2.08677124977112, 0.52015519142151, -1.31703150272369, 2.42566275596619, -2.52228450775146, 0.84457302093506, 0.00340868905187, -2.48649859428406, 0.81858599185944, 0.10937874019146, -2.46526026725769, 0.80739390850067, 0.12622174620628, -2.43532252311707, 0.79567086696625, 0.11780817806721, -2.41122531890869, 0.79509860277176, 0.09513371437788, -2.06281089782715, 0.762291431427, -1.96774983406067, -1.95570838451386, 0.72194892168045, -1.95841383934021, -1.92698776721954, 0.72733092308044, -1.96089911460876, -1.91123306751251, 0.75484222173691, -1.97086894512177, -1.91327500343323, 0.7833948135376, -1.98747360706329, -2.4670946598053, 0.85836523771286, -0.00864551216364, -2.47152733802795, 0.83897376060486, 0.07041312754154, -2.45057106018066, 0.83065724372864, 0.0818744674325, -2.42519164085388, 0.82298570871353, 0.07612603157759, -2.40525770187378, 0.81867927312851, 0.0607116445899, -2.04413509368896, 0.79286444187164, -2.01355338096619, -1.98250985145569, 0.74625980854034, -1.98754787445068, -1.95889222621918, 0.75372314453125, -1.99266684055328, -1.94535911083221, 0.77496176958084, -2.00275540351868, -1.94323754310608, 0.79822385311127, -2.01314234733582, 25.2743175990466, 172.128539839597, 170.540070065084, 163.118646060136, 152.460122199953, 4.69854518665972, 28.9778049689257, 23.8035405216692, 25.0374124876847, 23.8882468202084
-0.13590431213379, -0.09611749649048, 0.08849143981934, -1.7894059419632, -2.28889346122742, -2.03328990936279, -2.05819821357727, 0.80498737096786, -2.06292724609375, -0.38336196541786, -1.79005753993988, 1.64495813846588, -2.14089274406433, 1.35744428634644, -1.91363787651062, -0.78849625587463, 0.14207500219345, 0.06215596944094, -2.39589667320251, 0.89360654354095, -0.02848982810974, 0.39414390921593, 1.30133926868439, -2.68597292900085, -2.03441953659058, 0.8254052400589, -2.08552026748657, 0.49629130959511, -1.33375525474548, 2.45542478561401, -2.52228450775146, 0.84457302093506, 0.00340868905187, -2.48649859428406, 0.81858599185944, 0.10937874019146, -2.46526026725769, 0.80739390850067, 0.12622174620628, -2.43532252311707, 0.79567086696625, 0.11780817806721, -2.41122531890869, 0.79509860277176, 0.09513371437788, -2.07251262664795, 0.76553016901016, -1.96568882465363, -1.96646440029144, 0.72375458478928, -1.9517525434494, -1.93759167194366, 0.72858619689941, -1.95349752902985, -1.92106246948242, 0.75551116466522, -1.96380805969238, -1.92209529876709, 0.78356003761292, -1.98133873939514, -2.4670946598053, 0.85836523771286, -0.00864551216364, -2.47152733802795, 0.83897376060486, 0.07041312754154, -2.45057106018066, 0.83065724372864, 0.0818744674325, -2.42519164085388, 0.82298570871353, 0.07612603157759, -2.40525770187378, 0.81867927312851, 0.0607116445899, -2.05190229415894, 0.79434657096863, -2.01180052757263, -1.99192702770233, 0.74757719039917, -1.98244881629944, -1.96803665161133, 0.75448989868164, -1.98704946041107, -1.95383250713348, 0.77517867088318, -1.99735569953918, -1.95098829269409, 0.79806679487228, -2.00838112831116, 25.3289061784406, 172.119059537029, 170.4130422069, 163.026015034613, 152.74035120122, 4.69854518665972, 28.9778049689257, 23.8035405216692, 25.0374124876847, 23.8882468202084
-0.21567535400391, -0.27642202377319, 0.06751441955566, -2.48846554756165, -2.50856304168701, -1.02791202068329, -2.06421947479248, 0.80514776706696, -2.06194162368774, -0.3922746181488, -1.83521699905396, 1.68184459209442, -2.14448428153992, 1.35820817947388, -1.91265058517456, -0.79043620824814, 0.15087132155895, 0.04981779307127, -2.39589667320251, 0.89360654354095, -0.02848982810974, 0.39414390921593, 1.30133926868439, -2.68597292900085, -2.03857064247131, 0.82443910837173, -2.08620071411133, 0.50432336330414, -1.32825601100922, 2.47556519508362, -2.52228450775146, 0.84457302093506, 0.00340868905187, -2.48649859428406, 0.81858599185944, 0.10937874019146, -2.46526026725769, 0.80739390850067, 0.12622174620628, -2.43532252311707, 0.79567086696625, 0.11780817806721, -2.41122531890869, 0.79509860277176, 0.09513371437788, -2.0764536857605, 0.76594239473343, -1.96562421321869, -1.96997356414795, 0.72566276788712, -1.95061957836151, -1.94115364551544, 0.73081421852112, -1.9523206949234, -1.9249039888382, 0.75777590274811, -1.96297407150269, -1.92619776725769, 0.78554004430771, -1.98093545436859, -2.4670946598053, 0.85836523771286, -0.00864551216364, -2.47152733802795, 0.83897376060486, 0.07041312754154, -2.45057106018066, 0.83065724372864, 0.0818744674325, -2.42519164085388, 0.82298570871353, 0.07612603157759, -2.40525770187378, 0.81867927312851, 0.0607116445899, -2.05599403381348, 0.79429894685745, -2.01208686828613, -1.99558854103088, 0.74870699644089, -1.98177981376648, -1.97176337242126, 0.75583571195602, -1.98638832569122, -1.95776402950287, 0.77653443813324, -1.99695158004761, -1.95514702796936, 0.79928451776505, -2.00831365585327, 25.4450757433915, 172.084608062855, 170.345532617143, 162.91518838514, 152.68546380105, 4.69854518665972, 28.9778049689257, 23.8035405216692, 25.0374124876847, 23.8882468202084
-0.23845481872559, -0.20030736923218, 0.10419845581055, -2.23322510719299, -2.24654030799866, -1.21166336536407, -2.06822633743286, 0.80418610572815, -2.06243681907654, -0.37665370106697, -1.84404182434082, 1.69427573680878, -2.14825773239136, 1.3589323759079, -1.91195023059845, -0.79098320007324, 0.15779028832912, 0.03835946694016, -2.39589667320251, 0.89360654354095, -0.02848982810974, 0.39414390921593, 1.30133926868439, -2.68597292900085, -2.04256939888, 0.82393330335617, -2.08621883392334, 0.50594830513, -1.32639539241791, 2.4952540397644, -2.52228450775146, 0.84457302093506, 0.00340868905187, -2.48649859428406, 0.81858599185944, 0.10937874019146, -2.46526026725769, 0.80739390850067, 0.12622174620628, -2.43532252311707, 0.79567086696625, 0.11780817806721, -2.41122531890869, 0.79509860277176, 0.09513371437788, -2.08104944229126, 0.76719218492508, -1.96499407291412, -1.97446143627167, 0.72778004407883, -1.94852197170258, -1.94565892219543, 0.73306995630264, -1.95008730888367, -1.92948067188263, 0.75994801521301, -1.9610561132431, -1.93079316616058, 0.78740757703781, -1.97947835922241, -2.4670946598053, 0.85836523771286, -0.00864551216364, -2.47152733802795, 0.83897376060486, 0.07041312754154, -2.45057106018066, 0.83065724372864, 0.0818744674325, -2.42519164085388, 0.82298570871353, 0.07612603157759, -2.40525770187378, 0.81867927312851, 0.0607116445899, -2.0603928565979, 0.79490530490875, -2.01175689697266, -1.99996554851532, 0.750164270401, -1.98024904727936, -1.97614634037018, 0.75735485553741, -1.98479175567627, -1.96218347549438, 0.77795934677124, -1.99558520317078, -1.95960783958435, 0.80053585767746, -2.00729751586914, 25.6246806902589, 172.045430097776, 170.261917441324, 162.804211471506, 152.619347569884, 4.69854518665972, 28.9778049689257, 23.8035405216692, 25.0374124876847, 23.8882468202084
-0.25735473632813, -0.15499305725098, -0.02581787109375, -1.09918177127838, -0.30018320679665, 0.86369782686234, -2.07229208946228, 0.80389910936356, -2.06235361099243, -0.36663553118706, -1.85720992088318, 1.70942175388336, -2.15212941169739, 1.3596031665802, -1.91155862808228, -0.78907817602158, 0.1633602231741, 0.02807682007551, -2.39589667320251, 0.89360654354095, -0.02848982810974, 0.39414390921593, 1.30133926868439, -2.68597292900085, -2.04643797874451, 0.8236386179924, -2.08572912216187, 0.50357329845428, -1.32687604427338, 2.51665091514587, -2.52228450775146, 0.84457302093506, 0.00340868905187, -2.48649859428406, 0.81858599185944, 0.10937874019146, -2.46526026725769, 0.80739390850067, 0.12622174620628, -2.43532252311707, 0.79567086696625, 0.11780817806721, -2.41122531890869, 0.79509860277176, 0.09513371437788, -2.08611035346985, 0.76908910274506, -1.9638843536377, -1.97962403297424, 0.73024034500122, -1.94552493095398, -1.95081746578217, 0.73556691408157, -1.94687795639038, -1.93457818031311, 0.76227229833603, -1.95817351341248, -1.93574905395508, 0.78937888145447, -1.97712063789368, -2.4670946598053, 0.85836523771286, -0.00864551216364, -2.47152733802795, 0.83897376060486, 0.07041312754154, -2.45057106018066, 0.83065724372864, 0.0818744674325, -2.42519164085388, 0.82298570871353, 0.07612603157759, -2.40525770187378, 0.81867927312851, 0.0607116445899, -2.06500649452209, 0.79596930742264, -2.0109326839447, -2.00482988357544, 0.75196695327759, -1.97794008255005, -1.98097801208496, 0.75912648439407, -1.98235929012299, -1.96694254875183, 0.77955758571625, -1.99338567256927, -1.96428799629211, 0.80191659927368, -2.00549101829529, 25.8328136297421, 171.972360734035, 170.160256905718, 162.728901805717, 152.60284583285, 4.69854518665972, 28.9778049689257, 23.8035405216692, 25.0374124876847, 23.8882468202084
-0.2413215637207, -0.11867809295654, 0.02137184143066, -1.1746598482132, -0.55155873298645, 0.41220635175705, -2.07637524604797, 0.80398601293564, -2.06181478500366, -0.35905602574348, -1.87460267543793, 1.72791576385498, -2.1561233997345, 1.36023926734924, -1.91132092475891, -0.78589874505997, 0.16749662160873, 0.01955254003406, -2.39589667320251, 0.89360654354095, -0.02848982810974, 0.39414390921593, 1.30133926868439, -2.68597292900085, -2.05097460746765, 0.82515239715576, -2.08651781082153, 0.52559292316437, -1.31243693828583, 2.52456021308899, -2.52228450775146, 0.84457302093506, 0.00340868905187, -2.48649859428406, 0.81858599185944, 0.10937874019146, -2.46526026725769, 0.80739390850067, 0.12622174620628, -2.43532252311707, 0.79567086696625, 0.11780817806721, -2.41122531890869, 0.79509860277176, 0.09513371437788, -2.08809399604797, 0.76986438035965, -1.96420228481293, -1.98055338859558, 0.73350262641907, -1.94692647457123, -1.95189309120178, 0.73948949575424, -1.94858932495117, -1.9363933801651, 0.7665468454361, -1.96008443832397, -1.93838798999786, 0.79359424114227, -1.9790472984314, -2.4670946598053, 0.85836523771286, -0.00864551216364, -2.47152733802795, 0.83897376060486, 0.07041312754154, -2.45057106018066, 0.83065724372864, 0.0818744674325, -2.42519164085388, 0.82298570871353, 0.07612603157759, -2.40525770187378, 0.81867927312851, 0.0607116445899, -2.06811189651489, 0.79716140031815, -2.01149988174438, -2.00659322738647, 0.75460022687912, -1.97909712791443, -1.98296046257019, 0.76230132579803, -1.98377549648285, -1.96951651573181, 0.78303569555283, -1.99497151374817, -1.96750557422638, 0.80543398857117, -2.00712823867798, 26.1978718729536, 171.91405823928, 170.118579091402, 162.724790031837, 152.619361230263, 4.69854518665972, 28.9778049689257, 23.8035405216692, 25.0374124876847, 23.8882468202084
-0.22417259216309, -0.1100435256958, 0.06109428405762, -1.35098993778229, -0.78019207715988, 0.16043746471405, -2.08019757270813, 0.80484706163406, -2.06226778030396, -0.33667746186256, -1.86202228069305, 1.7219489812851, -2.16028380393982, 1.36066162586212, -1.91106581687927, -0.78349316120148, 0.17006158828735, 0.0118356347084, -2.39589667320251, 0.89360654354095, -0.02848982810974, 0.39414390921593, 1.30133926868439, -2.68597292900085, -2.05431437492371, 0.82650721073151, -2.08733081817627, 0.56653845310211, -1.29673147201538, 2.5185272693634, -2.52228450775146, 0.84457302093506, 0.00340868905187, -2.48649859428406, 0.81858599185944, 0.10937874019146, -2.46526026725769, 0.80739390850067, 0.12622174620628, -2.43532252311707, 0.79567086696625, 0.11780817806721, -2.41122531890869, 0.79509860277176, 0.09513371437788, -2.08696007728577, 0.76796382665634, -1.96525454521179, -1.97780501842499, 0.73548424243927, -1.95056200027466, -1.94942986965179, 0.74258869886398, -1.95265901088715, -1.93519186973572, 0.77039325237274, -1.96400225162506, -1.93857491016388, 0.79763293266296, -1.98248696327209, -2.4670946598053, 0.85836523771286, -0.00864551216364, -2.47152733802795, 0.83897376060486, 0.07041312754154, -2.45057106018066, 0.83065724372864, 0.0818744674325, -2.42519164085388, 0.82298570871353, 0.07612603157759, -2.40525770187378, 0.81867927312851, 0.0607116445899, -2.0689377784729, 0.79673010110855, -2.01246857643127, -2.00523805618286, 0.75606179237366, -1.98190069198608, -1.98200881481171, 0.76473307609558, -1.98689162731171, -1.96957886219025, 0.78613662719727, -1.99799954891205, -1.9686530828476, 0.80877983570099, -2.00982928276062, 26.3270358728004, 171.864061254556, 170.081245277399, 162.729789730309, 152.631956099092, 4.69854518665972, 28.9778049689257, 23.8035405216692, 25.0374124876847, 23.8882468202084
-0.32716941833496, 0.07862091064453, -0.04293251037598, -0.08602811396122, 0.75953835248947, 1.65917098522186, -2.08227562904358, 0.804727435112, -2.06287336349487, -0.30430322885513, -1.83468580245972, 1.69498085975647, -2.16447520256042, 1.36105751991272, -1.91092133522034, -0.78494954109192, 0.16947583854198, 0.00593456719071, -2.39589667320251, 0.89360654354095, -0.02848982810974, 0.39414390921593, 1.30133926868439, -2.68597292900085, -2.05768132209778, 0.82788610458374, -2.08787631988525, 0.60169863700867, -1.28373432159424, 2.51652956008911, -2.52228450775146, 0.84457302093506, 0.00340868905187, -2.48649859428406, 0.81858599185944, 0.10937874019146, -2.46526026725769, 0.80739390850067, 0.12622174620628, -2.43532252311707, 0.79567086696625, 0.11780817806721, -2.41122531890869, 0.79509860277176, 0.09513371437788, -2.0866162776947, 0.76693373918533, -1.96604335308075, -1.97624337673187, 0.73795652389526, -1.95324683189392, -1.94815278053284, 0.74602752923965, -1.95565593242645, -1.93501031398773, 0.77441620826721, -1.96687352657318, -1.93956053256989, 0.80173122882843, -1.98499310016632, -2.4670946598053, 0.85836523771286, -0.00864551216364, -2.47152733802795, 0.83897376060486, 0.07041312754154, -2.45057106018066, 0.83065724372864, 0.0818744674325, -2.42519164085388, 0.82298570871353, 0.07612603157759, -2.40525770187378, 0.81867927312851, 0.0607116445899, -2.07023620605469, 0.79680812358856, -2.01316738128662, -2.00479006767273, 0.75795304775238, -1.9839608669281, -1.98193538188934, 0.76745009422302, -1.98917376995087, -1.97038352489471, 0.78937882184982, -2.00020503997803, -1.97037994861603, 0.81217020750046, -2.01178359985352, 26.45628012737, 171.810594533733, 170.042668368967, 162.736319391156, 152.647802137967, 4.69854518665972, 28.9778049689257, 23.8035405216692, 25.0374124876847, 23.8882468202084
-0.24765586853027, 0.1284327507019, -0.07081031799316, 1.13377487659454, 1.35611259937286, 2.74633359909058, -2.08455109596252, 0.8049144744873, -2.0632860660553, -0.27489537000656, -1.81482172012329, 1.67479538917542, -2.1687970161438, 1.36144506931305, -1.91060435771942, -0.78752952814102, 0.16626998782158, 0.00203833612613, -2.39589667320251, 0.89360654354095, -0.02848982810974, 0.39414390921593, 1.30133926868439, -2.68597292900085, -2.06123542785645, 0.82914704084396, -2.08814001083374, 0.62819850444794, -1.27422189712524, 2.51759815216064, -2.52228450775146, 0.84457302093506, 0.00340868905187, -2.48649859428406, 0.81858599185944, 0.10937874019146, -2.46526026725769, 0.80739390850067, 0.12622174620628, -2.43532252311707, 0.79567086696625, 0.11780817806721, -2.41122531890869, 0.79509860277176, 0.09513371437788, -2.08750534057617, 0.76666069030762, -1.96648049354553, -1.97631633281708, 0.74044018983841, -1.95485687255859, -1.94846439361572, 0.74924516677856, -1.95745742321014, -1.93615412712097, 0.77803593873978, -1.96859419345856, -1.94156455993652, 0.80534553527832, -1.98648405075073, -2.4670946598053, 0.85836523771286, -0.00864551216364, -2.47152733802795, 0.83897376060486, 0.07041312754154, -2.45057106018066, 0.83065724372864, 0.0818744674325, -2.42519164085388, 0.82298570871353, 0.07612603157759, -2.40525770187378, 0.81867927312851, 0.0607116445899, -2.0723192691803, 0.79725933074951, -2.01353979110718, -2.00564026832581, 0.75990223884583, -1.98517954349518, -1.98308396339417, 0.77001708745956, -1.99052774906158, -1.97219669818878, 0.79230809211731, -2.00150871276855, -1.97288048267365, 0.81516885757446, -2.01292943954468, 26.603098458674, 171.751335812494, 170.002903007619, 162.744269731349, 152.666749082724, 4.69854518665972, 28.9778049689257, 23.8035405216692, 25.0374124876847, 23.8882468202084
-0.23883247375488, 0.11521482467651, -0.0472412109375, 0.8163890838623, 1.01515555381775, 2.39968538284302, -2.08728647232056, 0.80533003807068, -2.06347322463989, -0.25158554315567, -1.80252027511597, 1.66170847415924, -2.17323613166809, 1.36180329322815, -1.91015231609344, -0.78952610492706, 0.16252626478672, -0.00135735387448, -2.39589667320251, 0.89360654354095, -0.02848982810974, 0.39414390921593, 1.30133926868439, -2.68597292900085, -2.06227803230286, 0.82595336437225, -2.09000110626221, 0.66859793663025, -1.24822652339935, 2.49867987632751, -2.52228450775146, 0.84457302093506, 0.00340868905187, -2.48649859428406, 0.81858599185944, 0.10937874019146, -2.46526026725769, 0.80739390850067, 0.12622174620628, -2.43532252311707, 0.79567086696625, 0.11780817806721, -2.41122531890869, 0.79509860277176, 0.09513371437788, -2.0818247795105, 0.75945627689362, -1.96920478343964, -1.96946251392365, 0.73677879571915, -1.96241688728333, -1.9420382976532, 0.74660038948059, -1.96580338478088, -1.93112587928772, 0.77607727050781, -1.97659742832184, -1.93811786174774, 0.80364108085632, -1.99352324008942, -2.4670946598053, 0.85836523771286, -0.00864551216364, -2.47152733802795, 0.83897376060486, 0.07041312754154, -2.45057106018066, 0.83065724372864, 0.0818744674325, -2.42519164085388, 0.82298570871353, 0.07612603157759, -2.40525770187378, 0.81867927312851, 0.0607116445899, -2.06946015357971, 0.79177302122116, -2.01594018936157, -2.00054597854614, 0.75600409507751, -1.99109303951263, -1.97855854034424, 0.76702392101288, -1.99699294567108, -1.9688446521759, 0.7899541258812, -2.00775623321533, -1.9707225561142, 0.81306731700897, -2.01851558685303, 26.5637002199941, 171.702008186308, 169.738369781064, 162.850083021971, 152.6723771586, 4.69854518665972, 28.9778049689257, 23.8035405216692, 25.0374124876847, 23.8882468202084
-0.24448013305664, 0.09440946578979, -0.02326011657715, 0.48851841688156, 0.64018988609314, 1.8447413444519, -2.08656740188599, 0.80062133073807, -2.06504797935486, -0.22397023439407, -1.75706875324249, 1.62763059139252, -2.17779064178467, 1.36211514472961, -1.90975069999695, -0.79167872667313, 0.15686996281147, -0.00204470939934, -2.39589667320251, 0.89360654354095, -0.02848982810974, 0.39414390921593, 1.30133926868439, -2.68597292900085, -2.06409525871277, 0.82295763492584, -2.09131717681885, 0.70121800899506, -1.22798955440521, 2.48637127876282, -2.52228450775146, 0.84457302093506, 0.00340868905187, -2.48649859428406, 0.81858599185944, 0.10937874019146, -2.46526026725769, 0.80739390850067, 0.12622174620628, -2.43532252311707, 0.79567086696625, 0.11780817806721, -2.41122531890869, 0.79509860277176, 0.09513371437788, -2.07838582992554, 0.75362426042557, -1.97138237953186, -1.965296626091, 0.73397350311279, -1.96816992759705, -1.93825888633728, 0.74462217092514, -1.97211837768555, -1.9284690618515, 0.77459543943405, -1.98261797428131, -1.93669056892395, 0.80227380990982, -1.9987872838974, -2.4670946598053, 0.85836523771286, -0.00864551216364, -2.47152733802795, 0.83897376060486, 0.07041312754154, -2.45057106018066, 0.83065724372864, 0.0818744674325, -2.42519164085388, 0.82298570871353, 0.07612603157759, -2.40525770187378, 0.81867927312851, 0.0607116445899, -2.06823921203613, 0.78716892004013, -2.0177857875824, -1.99769461154938, 0.75287044048309, -1.99558174610138, -1.97619330883026, 0.76461285352707, -2.00186705589294, -1.96742045879364, 0.78800910711288, -2.0124340057373, -1.9702353477478, 0.81126374006271, -2.02267169952393, 26.5102932633265, 171.651068635478, 169.476186139584, 162.938861820803, 152.678497008097, 4.69854518665972, 28.9778049689257, 23.8035405216692, 25.0374124876847, 23.8882468202084
-0.17986679077148, -0.14506673812866, -0.14524269104004, 1.92038869857788, 2.69405722618103, 2.43994665145874, -2.08696508407593, 0.7964796423912, -2.06621265411377, -0.19996966421604, -1.72386598587036, 1.60301876068115, -2.18221545219421, 1.36239099502563, -1.90962481498718, -0.79378801584244, 0.15034119784832, -0.00170097977389, -2.39589667320251, 0.89360654354095, -0.02848982810974, 0.39414390921593, 1.30133926868439, -2.68597292900085, -2.06636595726013, 0.8205326795578, -2.09224271774292, 0.72738867998123, -1.21212363243103, 2.47859835624695, -2.52228450775146, 0.84457302093506, 0.00340868905187, -2.48649859428406, 0.81858599185944, 0.10937874019146, -2.46526026725769, 0.80739390850067, 0.12622174620628, -2.43532252311707, 0.79567086696625, 0.11780817806721, -2.41122531890869, 0.79509860277176, 0.09513371437788, -2.07656383514404, 0.74918848276138, -1.97307181358337, -1.96302020549774, 0.73206686973572, -1.97250127792358, -1.93631720542908, 0.74338203668594, -1.97685348987579, -1.92742526531219, 0.77371662855148, -1.98711133003235, -1.93660426139832, 0.80142903327942, -2.00269651412964, -2.4670946598053, 0.85836523771286, -0.00864551216364, -2.47152733802795, 0.83897376060486, 0.07041312754154, -2.45057106018066, 0.83065724372864, 0.0818744674325, -2.42519164085388, 0.82298570871353, 0.07612603157759, -2.40525770187378, 0.81867927312851, 0.0607116445899, -2.06815338134766, 0.78361356258392, -2.0191764831543, -1.99640500545502, 0.75061243772507, -1.99895203113556, -1.97530972957611, 0.76292860507965, -2.00550937652588, -1.96728825569153, 0.78666639328003, -2.01591014862061, -1.97083902359009, 0.80999481678009, -2.02574324607849, 26.4433864377643, 171.598612782652, 169.239533745221, 163.012177071354, 152.685040329322, 4.69854518665972, 28.9778049689257, 23.8035405216692, 25.0374124876847, 23.8882468202084
-0.20681762695313, -0.15855073928833, -0.09861946105957, 1.41587352752686, 2.01761722564697, 1.9958039522171, -2.0881016254425, 0.7931866645813, -2.06706118583679, -0.17967094480991, -1.69953894615173, 1.58516657352448, -2.18660283088684, 1.36259591579437, -1.90958654880524, -0.79425019025803, 0.14260299503803, 0.00033453307697, -2.39589667320251, 0.89360654354095, -0.02848982810974, 0.39414390921593, 1.30133926868439, -2.68597292900085, -2.06983065605164, 0.81869894266129, -2.09488391876221, 0.72643530368805, -1.18469071388245, 2.50512170791626, -2.52228450775146, 0.84457302093506, 0.00340868905187, -2.48649859428406, 0.81858599185944, 0.10937874019146, -2.46526026725769, 0.80739390850067, 0.12622174620628, -2.43532252311707, 0.79567086696625, 0.11780817806721, -2.41122531890869, 0.79509860277176, 0.09513371437788, -2.07840871810913, 0.74955004453659, -1.97429978847504, -1.96475756168365, 0.73315000534058, -1.97452783584595, -1.93817138671875, 0.74454724788666, -1.97935497760773, -1.92957448959351, 0.774738073349, -1.99026775360107, -1.93908262252808, 0.80209428071976, -2.0062792301178, -2.4670946598053, 0.85836523771286, -0.00864551216364, -2.47152733802795, 0.83897376060486, 0.07041312754154, -2.45057106018066, 0.83065724372864, 0.0818744674325, -2.42519164085388, 0.82298570871353, 0.07612603157759, -2.40525770187378, 0.81867927312851, 0.0607116445899, -2.07066917419434, 0.78315228223801, -2.02112340927124, -1.99851679801941, 0.75098562240601, -2.00099158287048, -1.97756588459015, 0.76330727338791, -2.00798678398132, -1.96979856491089, 0.78689444065094, -2.01890993118286, -1.97359454631805, 0.81001096963882, -2.02914381027222, 18.1823153253162, 161.456956657721, 168.025672525927, 162.974774955459, 151.371294423605, 4.69854518665972, 28.9778049689257, 23.8035405216692, 25.0374124876847, 23.8882468202084
-0.2179069519043, -0.13644933700562, -0.06706809997559, 1.04439961910248, 1.50869190692902, 1.62404584884644, -2.09114408493042, 0.79169726371765, -2.06898021697998, -0.17104472219944, -1.69289910793304, 1.60331344604492, -2.19097661972046, 1.36273384094238, -1.90948915481567, -0.79437446594238, 0.1344381570816, 0.0040830494836, -2.39589667320251, 0.89360654354095, -0.02848982810974, 0.39414390921593, 1.30133926868439, -2.68597292900085, -2.07161283493042, 0.81629836559296, -2.0981113910675, 0.71337914466858, -1.17568981647491, 2.52323508262634, -2.52228450775146, 0.84457302093506, 0.00340868905187, -2.48649859428406, 0.81858599185944, 0.10937874019146, -2.46526026725769, 0.80739390850067, 0.12622174620628, -2.43532252311707, 0.79567086696625, 0.11780817806721, -2.41122531890869, 0.79509860277176, 0.09513371437788, -2.08101606369019, 0.74933964014053, -1.97635841369629, -1.96748077869415, 0.73215878009796, -1.97595739364624, -1.940802693367, 0.74328678846359, -1.98090398311615, -1.93196594715118, 0.77322149276733, -1.99231910705566, -1.9412385225296, 0.80035668611526, -2.00883674621582, -2.4670946598053, 0.85836523771286, -0.00864551216364, -2.47152733802795, 0.83897376060486, 0.07041312754154, -2.45057106018066, 0.83065724372864, 0.0818744674325, -2.42519164085388, 0.82298570871353, 0.07612603157759, -2.40525770187378, 0.81867927312851, 0.0607116445899, -2.07290959358215, 0.78205996751785, -2.02374124526978, -2.00103950500488, 0.74975782632828, -2.00283122062683, -1.9799839258194, 0.7618106007576, -2.00997877120972, -1.97202229499817, 0.78514832258224, -2.02129101753235, -1.97562897205353, 0.80810695886612, -2.0319402217865, 9.09321525714557, 63.1764699356258, 167.890216214307, 161.436766618534, 148.555043504268, 4.69854518665972, 28.9778049689257, 23.8035405216692, 25.0374124876847, 23.8882468202084
-0.28246879577637, -0.22684192657471, -0.14129447937012, -1.35308921337128, 0.70579129457474, 0.45523279905319, -2.09318685531616, 0.78990292549133, -2.07180190086365, -0.17568506300449, -1.69904339313507, 1.62187802791595, -2.19527459144592, 1.36283946037292, -1.90928292274475, -0.79464274644852, 0.12648797035217, 0.00782215408981, -2.39589667320251, 0.89360654354095, -0.02848982810974, 0.39414390921593, 1.30133926868439, -2.68597292900085, -2.07370662689209, 0.81376057863235, -2.10036683082581, 0.69866335391998, -1.16415476799011, 2.54528498649597, -2.52228450775146, 0.84457302093506, 0.00340868905187, -2.48649859428406, 0.81858599185944, 0.10937874019146, -2.46526026725769, 0.80739390850067, 0.12622174620628, -2.43532252311707, 0.79567086696625, 0.11780817806721, -2.41122531890869, 0.79509860277176, 0.09513371437788, -2.08390879631042, 0.74946510791779, -1.97725021839142, -1.97049856185913, 0.73150557279587, -1.97616231441498, -1.94372963905334, 0.74233996868134, -1.98126757144928, -1.93465185165405, 0.77196359634399, -1.99328887462616, -1.94368886947632, 0.79880654811859, -2.01040387153625, -2.4670946598053, 0.85836523771286, -0.00864551216364, -2.47152733802795, 0.83897376060486, 0.07041312754154, -2.45057106018066, 0.83065724372864, 0.0818744674325, -2.42519164085388, 0.82298570871353, 0.07612603157759, -2.40525770187378, 0.81867927312851, 0.0607116445899, -2.07544469833374, 0.78111630678177, -2.02529215812683, -2.00386023521423, 0.74876445531845, -2.00349831581116, -1.98270106315613, 0.76051598787308, -2.01083946228027, -1.97454512119293, 0.78355258703232, -2.022620677948, -1.97796154022217, 0.80630481243134, -2.03376412391663, 5.92942424915829, 52.5953867602521, 167.7734199795, 160.337270086702, 147.222924389684, 4.69854518665972, 28.9778049689257, 23.8035405216692, 25.0374124876847, 23.8882468202084
-0.12862586975098, -0.2436261177063, -0.20135879516602, -1.26608717441559, -0.21144354343414, -0.49582427740097, -2.09553670883179, 0.78807985782623, -2.07356572151184, -0.17984491586685, -1.70575499534607, 1.64415550231934, -2.19959735870361, 1.36300981044769, -1.90896153450012, -0.79583042860031, 0.11834235489368, 0.0116577912122, -2.39589667320251, 0.89360654354095, -0.02848982810974, 0.39414390921593, 1.30133926868439, -2.68597292900085, -2.0759973526001, 0.81148314476013, -2.10207748413086, 0.68500393629074, -1.15215361118317, 2.56725168228149, -2.52228450775146, 0.84457302093506, 0.00340868905187, -2.48649859428406, 0.81858599185944, 0.10937874019146, -2.46526026725769, 0.80739390850067, 0.12622174620628, -2.43532252311707, 0.79567086696625, 0.11780817806721, -2.41122531890869, 0.79509860277176, 0.09513371437788, -2.08680939674377, 0.74984383583069, -1.97766137123108, -1.97350656986237, 0.73126411437988, -1.97596204280853, -1.94666588306427, 0.74183613061905, -1.98123776912689, -1.93739461898804, 0.77114874124527, -1.9938588142395, -1.94624364376068, 0.79767787456512, -2.01155138015747, -2.4670946598053, 0.85836523771286, -0.00864551216364, -2.47152733802795, 0.83897376060486, 0.07041312754154, -2.45057106018066, 0.83065724372864, 0.0818744674325, -2.42519164085388, 0.82298570871353, 0.07612603157759, -2.40525770187378, 0.81867927312851, 0.0607116445899, -2.07806968688965, 0.7804314494133, -2.02633857727051, -2.0067150592804, 0.74813592433929, -2.00372290611267, -1.98547434806824, 0.7596098780632, -2.01126503944397, -1.97716319561005, 0.78234732151031, -2.02350974082947, -1.98042690753937, 0.80487990379333, -2.03513479232788, 2.70909506965577, 46.5084724360985, 167.518244112108, 159.274574614118, 145.726443602913, 4.69854518665972, 28.9778049689257, 23.8035405216692, 25.0374124876847, 23.8882468202084
-0.1527099609375, -0.26912212371826, -0.12225723266602, -1.5252993106842, -0.19950090348721, -0.50388562679291, -2.0980269908905, 0.78649532794952, -2.07478904724121, -0.18263502418995, -1.71171963214874, 1.66607666015625, -2.20401668548584, 1.36314558982849, -1.90868675708771, -0.79777628183365, 0.11026887595654, 0.01530285738409, -2.39589667320251, 0.89360654354095, -0.02848982810974, 0.39414390921593, 1.30133926868439, -2.68597292900085, -2.07835912704468, 0.80939650535583, -2.10349178314209, 0.67348885536194, -1.14089155197144, 2.58707070350647, -2.52228450775146, 0.84457302093506, 0.00340868905187, -2.48649859428406, 0.81858599185944, 0.10937874019146, -2.46526026725769, 0.80739390850067, 0.12622174620628, -2.43532252311707, 0.79567086696625, 0.11780817806721, -2.41122531890869, 0.79509860277176, 0.09513371437788, -2.08957028388977, 0.75015157461166, -1.97795283794403, -1.97634780406952, 0.73113882541656, -1.97576558589935, -1.94945728778839, 0.74149876832962, -1.98120605945587, -1.94004964828491, 0.77053040266037, -1.9943642616272, -1.9487681388855, 0.79675871133804, -2.01256322860718, -2.4670946598053, 0.85836523771286, -0.00864551216364, -2.47152733802795, 0.83897376060486, 0.07041312754154, -2.45057106018066, 0.83065724372864, 0.0818744674325, -2.42519164085388, 0.82298570871353, 0.07612603157759, -2.40525770187378, 0.81867927312851, 0.0607116445899, -2.08064746856689, 0.77978253364563, -2.02718544006348, -2.00945377349854, 0.747623026371, -2.00387930870056, -1.98815703392029, 0.75886529684067, -2.01160955429077, -1.97973728179932, 0.78133410215378, -2.02426910400391, -1.98289406299591, 0.80365753173828, -2.03631949424744, 0.42137205902082, 42.3055530963716, 167.058558720588, 158.611076377765, 144.736421343098, 4.69854518665972, 28.9778049689257, 23.8035405216692, 25.0374124876847, 23.8882468202084
-0.12915802001953, -0.18059720098972, -0.12265548110008, -0.34664621949196, 0.77157831192017, 0.6206738948822, -2.0980269908905, 0.7864938378334, -2.07478904724121, -0.18263283371925, -1.71171486377716, 1.6660590171814, -2.20842838287354, 1.36327373981476, -1.90842509269714, -0.79937499761581, 0.10248047858477, 0.01889679022133, -2.39589667320251, 0.89360654354095, -0.02848982810974, 0.39414390921593, 1.30133926868439, -2.68597292900085, -2.07899260520935, 0.80794882774353, -2.10358667373657, 0.69827038049698, -1.11503553390503, 2.66416120529175, -2.52228450775146, 0.84457302093506, 0.00340868905187, -2.48649859428406, 0.81858599185944, 0.10937874019146, -2.46526026725769, 0.80739390850067, 0.12622174620628, -2.43532252311707, 0.79567086696625, 0.11780817806721, -2.41122531890869, 0.79509860277176, 0.09513371437788, -2.09039235115051, 0.75364571809769, -1.97584903240204, -1.97648084163666, 0.74024593830109, -1.97034931182861, -1.9499888420105, 0.75165343284607, -1.97564744949341, -1.94165503978729, 0.78051799535751, -1.98985528945923, -1.95116782188416, 0.80549246072769, -2.00937223434448, -2.4670946598053, 0.85836523771286, -0.00864551216364, -2.47152733802795, 0.83897376060486, 0.07041312754154, -2.45057106018066, 0.83065724372864, 0.0818744674325, -2.42519164085388, 0.82298570871353, 0.07612603157759, -2.40525770187378, 0.81867927312851, 0.0607116445899, -2.08170509338379, 0.78154438734055, -2.02612495422363, -2.00964689254761, 0.75389289855957, -1.99987721443176, -1.98872756958008, 0.76581239700317, -2.00762367248535, -1.98108100891113, 0.78810119628906, -2.02106761932373, -1.98500239849091, 0.80971074104309, -2.03415060043335, 5.20549762167052, 20.3757042187661, 166.584625554459, 159.477403911711, 144.866249578841, 4.69854518665972, 28.9778049689257, 23.8035405216692, 25.0374124876847, 23.8882468202084
-0.12897862493992, -0.31645748019218, -0.12248512357473, -0.34616476297379, 0.77050668001175, 0.61981183290482, -2.0989134311676, 0.7825026512146, -2.07648706436157, -0.17345222830772, -1.70166063308716, 1.66971409320831, -2.21273422241211, 1.36343848705292, -1.9081768989563, -0.8002028465271, 0.09506033360958, 0.02174626663327, -2.39589667320251, 0.89360654354095, -0.02848982810974, 0.39414390921593, 1.30133926868439, -2.68597292900085, -2.0774929523468, 0.80710136890411, -2.10346341133118, 0.7315998673439, -1.03614628314972, 2.76239967346191, -2.52228450775146, 0.84457302093506, 0.00340868905187, -2.48649859428406, 0.81858599185944, 0.10937874019146, -2.46526026725769, 0.80739390850067, 0.12622174620628, -2.43532252311707, 0.79567086696625, 0.11780817806721, -2.41122531890869, 0.79509860277176, 0.09513371437788, -2.0837082862854, 0.7586145401001, -1.97305607795715, -1.96910679340363, 0.7528367638588, -1.9687328338623, -1.9434802532196, 0.7656409740448, -1.97500646114349, -1.9372181892395, 0.79423624277115, -1.9907408952713, -1.94857954978943, 0.8175453543663, -2.01130151748657, -2.4670946598053, 0.85836523771286, -0.00864551216364, -2.47152733802795, 0.83897376060486, 0.07041312754154, -2.45057106018066, 0.83065724372864, 0.0818744674325, -2.42519164085388, 0.82298570871353, 0.07612603157759, -2.40525770187378, 0.81867927312851, 0.0607116445899, -2.07749390602112, 0.7844717502594, -2.02476930618286, -2.00346374511719, 0.7628401517868, -1.99835789203644, -1.98346245288849, 0.77567535638809, -2.00701236724854, -1.97745013237, 0.79771059751511, -2.02165126800537, -1.98293161392212, 0.8183451294899, -2.03571128845215, 8.16337379410754, 9.48690138448958, 146.621457931373, 151.197343165823, 137.206247066185, 4.69854518665972, 28.9778049689257, 23.8035405216692, 25.0374124876847, 23.8882468202084
-0.12879948318005, -0.45212906599045, -0.12231500446796, -0.3456839621067, 0.76943653821945, 0.61895096302032, -2.09980201721191, 0.77663433551788, -2.07819414138794, -0.16432109475136, -1.69160199165344, 1.67345142364502, -2.21701145172119, 1.36352562904358, -1.90807616710663, -0.80031198263168, 0.08760829269886, 0.02414923720062, -2.39589667320251, 0.89360654354095, -0.02848982810974, 0.39414390921593, 1.30133926868439, -2.68597292900085, -2.07676458358765, 0.80646562576294, -2.10361909866333, 0.75229227542877, -0.97106099128723, 2.84221005439758, -2.52228450775146, 0.84457302093506, 0.00340868905187, -2.48649859428406, 0.81858599185944, 0.10937874019146, -2.46526026725769, 0.80739390850067, 0.12622174620628, -2.43532252311707, 0.79567086696625, 0.11780817806721, -2.41122531890869, 0.79509860277176, 0.09513371437788, -2.07925748825073, 0.76282328367233, -1.97138893604279, -1.96447217464447, 0.76281678676605, -1.96823167800903, -1.93957233428955, 0.77660357952118, -1.97529876232147, -1.93488609790802, 0.80483913421631, -1.9921886920929, -1.94758987426758, 0.82675170898438, -2.01348614692688, -2.4670946598053, 0.85836523771286, -0.00864551216364, -2.47152733802795, 0.83897376060486, 0.07041312754154, -2.45057106018066, 0.83065724372864, 0.0818744674325, -2.42519164085388, 0.82298570871353, 0.07612603157759, -2.40525770187378, 0.81867927312851, 0.0607116445899, -2.07485032081604, 0.78692948818207, -2.02412343025208, -1.99957990646362, 0.76997607946396, -1.9978004693985, -1.98032379150391, 0.78342705965042, -2.00717973709106, -1.97555291652679, 0.8051455616951, -2.02272152900696, -1.98218643665314, 0.82492768764496, -2.03749227523804, 10.3223274350832, 4.38630052743164, 139.621647843512, 146.167400615729, 133.787901311134, 4.69854518665972, 28.9778049689257, 23.8035405216692, 25.0374124876847, 23.8882468202084
-0.12862059473991, -0.58761221170425, -0.12214512377977, -0.34520384669304, 0.76836788654327, 0.61809128522873, -2.10069298744202, 0.76889133453369, -2.07991051673889, -0.15524019300938, -1.68153774738312, 1.67727088928223, -2.22128391265869, 1.36364936828613, -1.90797853469849, -0.80068850517273, 0.0813083127141, 0.02737816609442, -2.39589667320251, 0.89360654354095, -0.02848982810974, 0.39414390921593, 1.30133926868439, -2.68597292900085, -2.07665729522705, 0.80592745542526, -2.10409641265869, 0.76528942584991, -0.91742527484894, 2.90738701820374, -2.52228450775146, 0.84457302093506, 0.00340868905187, -2.48649859428406, 0.81858599185944, 0.10937874019146, -2.46526026725769, 0.80739390850067, 0.12622174620628, -2.43532252311707, 0.79567086696625, 0.11780817806721, -2.41122531890869, 0.79509860277176, 0.09513371437788, -2.07639074325562, 0.76632159948349, -1.97057867050171, -1.9616676568985, 0.77078628540039, -1.96849751472473, -1.93737387657166, 0.78528726100922, -1.97621488571167, -1.93391311168671, 0.81314641237259, -1.99400162696838, -1.94762241840363, 0.83389163017273, -2.01583790779114, -2.4670946598053, 0.85836523771286, -0.00864551216364, -2.47152733802795, 0.83897376060486, 0.07041312754154, -2.45057106018066, 0.83065724372864, 0.0818744674325, -2.42519164085388, 0.82298570871353, 0.07612603157759, -2.40525770187378, 0.81867927312851, 0.0607116445899, -2.0733437538147, 0.78894001245499, -2.02406311035156, -1.99726521968842, 0.77568715810776, -1.99794101715088, -1.97861695289612, 0.78956627845764, -2.00790619850159, -1.97481036186218, 0.81096106767654, -2.02414751052856, -1.98231887817383, 0.83001095056534, -2.03945231437683, 12.3180395548956, 0.53855513333107, 135.220519829166, 142.361250379982, 131.476401371461, 4.69854518665972, 28.9778049689257, 23.8035405216692, 25.0374124876847, 23.8882468202084
-0.12844195961952, -0.7229071855545, -0.12197547405958, -0.34472438693047, 0.76730066537857, 0.61723279953003, -2.10158681869507, 0.75927621126175, -2.08163619041443, -0.14621022343636, -1.67146646976471, 1.68117165565491, -2.22555756568909, 1.36372447013855, -1.90779519081116, -0.80116379261017, 0.07667475193739, 0.03058204799891, -2.39589667320251, 0.89360654354095, -0.02848982810974, 0.39414390921593, 1.30133926868439, -2.68597292900085, -2.08013987541199, 0.80923414230347, -2.10408329963684, 0.76404011249542, -0.86730337142944, 2.94900965690613, -2.52228450775146, 0.84457302093506, 0.00340868905187, -2.48649859428406, 0.81858599185944, 0.10937874019146, -2.46526026725769, 0.80739390850067, 0.12622174620628, -2.43532252311707, 0.79567086696625, 0.11780817806721, -2.41122531890869, 0.79509860277176, 0.09513371437788, -2.07634043693542, 0.77290242910385, -1.96969103813171, -1.96169888973236, 0.779436647892, -1.97018623352051, -1.93784010410309, 0.79417103528976, -1.97876989841461, -1.93526065349579, 0.82164543867111, -1.99728965759277, -1.94980120658875, 0.84160804748535, -2.01931691169739, -2.4670946598053, 0.85836523771286, -0.00864551216364, -2.47152733802795, 0.83897376060486, 0.07041312754154, -2.45057106018066, 0.83065724372864, 0.0818744674325, -2.42519164085388, 0.82298570871353, 0.07612603157759, -2.40525770187378, 0.81867927312851, 0.0607116445899, -2.07483243942261, 0.79426175355911, -2.02375555038452, -1.99799227714539, 0.78299117088318, -1.99896609783173, -1.97981286048889, 0.79694986343384, -2.00966000556946, -1.97673809528351, 0.81800651550293, -2.02648758888245, -1.98491168022156, 0.83654284477234, -2.04207968711853, 12.3732684645243, 1.12419140094127, 47.2717802267933, 63.8211714913833, 74.8334581694381, 4.69854518665972, 28.9778049689257, 23.8035405216692, 25.0374124876847, 23.8882468202084
-0.11720027029514, -0.74301552772522, -0.00734073109925, 1.13504564762115, 1.12927663326263, 10.3151226043701, -2.10275220870972, 0.7476179599762, -2.08164262771606, -0.00498235924169, -1.65356826782227, 1.65229308605194, -2.22983884811401, 1.3638219833374, -1.90753126144409, -0.80186158418655, 0.07383723556995, 0.0332789234817, -2.39589667320251, 0.89360654354095, -0.02848982810974, 0.39414390921593, 1.30133926868439, -2.68597292900085, -2.08361268043518, 0.81225317716599, -2.10430812835693, 0.76306474208832, -0.82169687747955, 2.98999667167664, -2.52228450775146, 0.84457302093506, 0.00340868905187, -2.48649859428406, 0.81858599185944, 0.10937874019146, -2.46526026725769, 0.80739390850067, 0.12622174620628, -2.43532252311707, 0.79567086696625, 0.11780817806721, -2.41122531890869, 0.79509860277176, 0.09513371437788, -2.07682919502258, 0.77909183502197, -1.96921563148499, -1.96235883235931, 0.78775942325592, -1.97186148166656, -1.93893599510193, 0.80273741483688, -1.98119163513184, -1.93719840049744, 0.8298231959343, -2.00037026405334, -1.95249140262604, 0.84899926185608, -2.02258610725403, -2.4670946598053, 0.85836523771286, -0.00864551216364, -2.47152733802795, 0.83897376060486, 0.07041312754154, -2.45057106018066, 0.83065724372864, 0.0818744674325, -2.42519164085388, 0.82298570871353, 0.07612603157759, -2.40525770187378, 0.81867927312851, 0.0607116445899, -2.07665157318115, 0.7992297410965, -2.02376747131348, -1.99919867515564, 0.78997224569321, -2.00007581710815, -1.98147451877594, 0.80402004718781, -2.01139879226685, -1.97909021377563, 0.8247389793396, -2.0287492275238, -1.98788142204285, 0.84275633096695, -2.04461121559143, 12.8595975702231, 1.83673626522916, 37.2551746202808, 54.0149015603613, 65.7634860460381, 4.69854518665972, 28.9778049689257, 23.8035405216692, 25.0374124876847, 23.8882468202084
-0.06572191417217, -0.71002465486526, 0.08542763441801, 4.51413488388062, -0.59788966178894, -1.496457695961, -2.10434341430664, 0.73214536905289, -2.08026027679443, -0.03110587596893, -1.66078007221222, 1.59161567687988, -2.23418760299683, 1.36405396461487, -1.90743398666382, -0.80265402793884, 0.0724161490798, 0.03621960058808, -2.39589667320251, 0.89360654354095, -0.02848982810974, 0.39414390921593, 1.30133926868439, -2.68597292900085, -2.0866551399231, 0.81460344791412, -2.10459065437317, 0.76172184944153, -0.7774041891098, 3.03177905082703, -2.52228450775146, 0.84457302093506, 0.00340868905187, -2.48649859428406, 0.81858599185944, 0.10937874019146, -2.46526026725769, 0.80739390850067, 0.12622174620628, -2.43532252311707, 0.79567086696625, 0.11780817806721, -2.41122531890869, 0.79509860277176, 0.09513371437788, -2.07714819908142, 0.78466612100601, -1.96891069412231, -1.96293032169342, 0.79554980993271, -1.97354233264923, -1.93996036052704, 0.81077522039413, -1.9835718870163, -1.93906402587891, 0.83744686841965, -2.00337839126587, -1.95507836341858, 0.85580408573151, -2.02577662467957, -2.4670946598053, 0.85836523771286, -0.00864551216364, -2.47152733802795, 0.83897376060486, 0.07041312754154, -2.45057106018066, 0.83065724372864, 0.0818744674325, -2.42519164085388, 0.82298570871353, 0.07612603157759, -2.40525770187378, 0.81867927312851, 0.0607116445899, -2.07820796966553, 0.80355709791183, -2.02389669418335, -2.00023221969604, 0.79638582468033, -2.00121903419495, -1.98297047615051, 0.81052261590958, -2.01313042640686, -1.98127067089081, 0.83088481426239, -2.03097677230835, -1.99066543579102, 0.8483579158783, -2.04709959030151, 13.9373937372883, 2.49990024920003, 33.34714186778, 49.9989688944472, 61.5894891423516, 4.69854518665972, 28.9778049689257, 23.8035405216692, 25.0374124876847, 23.8882468202084
